11
1 0.000000 0.976158 0.979520 0.975948 0.975133 0.978107 0.976766 0.978255 0.974032 0.978142 0.974876
2 0.978072 0.000000 0.972783 0.947776 0.925477 0.815379 0.942230 0.972710 0.943486 0.923696 0.824705
3 0.979501 0.970533 0.000000 0.968385 0.969883 0.972870 0.971436 0.950077 0.967718 0.970632 0.971718
4 0.977864 0.947322 0.969274 0.000000 0.939963 0.942142 0.949564 0.970835 0.755140 0.942971 0.943457
5 0.977817 0.924924 0.971659 0.941049 0.000000 0.919892 0.936608 0.970717 0.937113 0.835758 0.920444
6 0.979134 0.814254 0.973443 0.941628 0.919300 0.000000 0.936772 0.974091 0.940842 0.920785 0.673706
7 0.978621 0.941756 0.972857 0.949347 0.935740 0.937127 0.000000 0.972394 0.949031 0.935825 0.937319
8 0.981313 0.972986 0.953372 0.971921 0.971171 0.975552 0.973677 0.000000 0.969079 0.972789 0.973085
9 0.976617 0.944394 0.970204 0.756383 0.938237 0.942796 0.950353 0.969573 0.000000 0.942006 0.940842
10 0.978478 0.922058 0.970375 0.941668 0.834258 0.919935 0.934443 0.970401 0.939579 0.000000 0.918195
11 0.977402 0.823738 0.974028 0.944305 0.921234 0.674772 0.937259 0.972986 0.940191 0.920306 0.000000
