11
1 0.000000 0.782180 0.789099 0.788957 0.799745 0.786372 0.789333 0.793653 0.789708 0.795831 0.784098
2 0.781561 0.000000 0.722177 0.699598 0.727758 0.737029 0.738203 0.725192 0.738384 0.723894 0.558568
3 0.788596 0.722022 0.000000 0.723185 0.730195 0.748482 0.747130 0.714098 0.740900 0.720104 0.722418
4 0.788918 0.700023 0.724383 0.000000 0.739386 0.747777 0.746396 0.732692 0.744142 0.729062 0.710541
5 0.799629 0.728493 0.730504 0.739231 0.000000 0.753095 0.751343 0.732460 0.750348 0.645421 0.735991
6 0.785869 0.735985 0.748520 0.746307 0.751315 0.000000 0.660097 0.743979 0.655794 0.745862 0.739781
7 0.789952 0.739942 0.748870 0.746744 0.750995 0.662222 0.000000 0.746280 0.480000 0.742879 0.741179
8 0.794194 0.726739 0.715953 0.733465 0.733735 0.745023 0.747015 0.000000 0.741737 0.730295 0.727589
9 0.789514 0.739157 0.742022 0.743678 0.750155 0.657148 0.477990 0.740578 0.000000 0.739906 0.742101
10 0.795444 0.723159 0.720065 0.727206 0.644763 0.746519 0.742184 0.728594 0.740254 0.000000 0.729379
11 0.785761 0.557639 0.723617 0.710657 0.736455 0.741212 0.740831 0.726777 0.742101 0.730539 0.000000
