11
1 0.000000 0.160000 0.155280 0.193846 0.165644 0.160991 0.189441 0.180124 0.210526 0.203704 0.173913
2 0.169231 0.000000 0.172308 0.160000 0.138037 0.178462 0.166154 0.169231 0.193846 0.184615 0.169231
3 0.152174 0.153846 0.000000 0.150769 0.125767 0.095975 0.134375 0.114907 0.170279 0.160494 0.131250
4 0.203077 0.156923 0.169231 0.000000 0.088957 0.156923 0.169231 0.184615 0.209231 0.193846 0.190769
5 0.177914 0.138037 0.144172 0.092025 0.000000 0.141104 0.144172 0.156442 0.187117 0.171779 0.159509
6 0.160991 0.169231 0.102167 0.150769 0.128834 0.000000 0.157895 0.142415 0.179567 0.175926 0.160991
7 0.180124 0.144615 0.125000 0.150769 0.122699 0.145511 0.000000 0.149068 0.154799 0.160494 0.134796
8 0.177019 0.156923 0.121118 0.175385 0.147239 0.142415 0.161491 0.000000 0.170279 0.175926 0.102484
9 0.213622 0.184615 0.179567 0.206154 0.180982 0.185759 0.176471 0.170279 0.000000 0.163580 0.182663
10 0.203704 0.178462 0.169753 0.193846 0.165644 0.179012 0.179012 0.179012 0.160494 0.000000 0.185185
11 0.161491 0.147692 0.121875 0.163077 0.134969 0.145511 0.131661 0.090062 0.167183 0.169753 0.000000
