11
1 0.000000 0.054545 0.055770 0.054114 0.054114 0.054666 0.055770 0.058402 0.067918 0.056875 0.053444
2 0.056749 0.000000 0.062810 0.065565 0.055096 0.065014 0.065565 0.045179 0.078788 0.066116 0.055647
3 0.054666 0.058953 0.000000 0.054174 0.062465 0.041414 0.056938 0.065565 0.066888 0.058564 0.063361
4 0.052457 0.061708 0.053621 0.000000 0.061913 0.052457 0.045329 0.063361 0.049751 0.044751 0.061708
5 0.053562 0.051791 0.061913 0.063018 0.000000 0.062949 0.061360 0.055647 0.075180 0.064641 0.047383
6 0.054666 0.062810 0.041966 0.054114 0.064605 0.000000 0.059083 0.068871 0.065710 0.059636 0.062810
7 0.054666 0.061157 0.056385 0.045329 0.060807 0.057979 0.000000 0.065014 0.056938 0.053591 0.063912
8 0.060055 0.044628 0.069972 0.066667 0.060055 0.071625 0.069421 0.000000 0.080992 0.068871 0.056198
9 0.066262 0.074380 0.065782 0.049198 0.074627 0.064605 0.056385 0.076033 0.000000 0.059116 0.074931
10 0.056322 0.063912 0.059116 0.046409 0.065193 0.059083 0.054696 0.066667 0.060221 0.000000 0.065014
11 0.054545 0.054545 0.064463 0.064463 0.050689 0.064463 0.066667 0.055647 0.078237 0.065565 0.000000
