11
1 0.000000 0.263266 0.253339 0.244746 0.248053 0.251587 0.289294 0.255697 0.248471 0.244946 0.250358
2 0.264388 0.000000 0.168789 0.158868 0.161938 0.166583 0.214731 0.167099 0.204582 0.149669 0.159035
3 0.255623 0.169215 0.000000 0.105151 0.114862 0.109365 0.205296 0.102488 0.194713 0.116449 0.117301
4 0.247107 0.158946 0.105770 0.000000 0.066798 0.110763 0.195054 0.112740 0.178412 0.093928 0.065095
5 0.249332 0.161126 0.114088 0.065444 0.000000 0.121690 0.197846 0.123225 0.183838 0.090388 0.067767
6 0.251704 0.165654 0.108707 0.110027 0.121883 0.000000 0.208379 0.114752 0.188676 0.121573 0.119057
7 0.290882 0.214576 0.204096 0.193854 0.199241 0.209734 0.000000 0.207219 0.235235 0.192975 0.200674
8 0.258831 0.167640 0.102759 0.113475 0.124811 0.115952 0.208535 0.000000 0.195381 0.122413 0.118118
9 0.250755 0.204466 0.194055 0.178064 0.184225 0.189024 0.235274 0.195148 0.000000 0.181864 0.183644
10 0.245062 0.149011 0.115249 0.093115 0.091356 0.121612 0.193285 0.120749 0.180587 0.000000 0.100883
11 0.250978 0.158029 0.116759 0.064050 0.067922 0.119096 0.200596 0.116880 0.182948 0.100689 0.000000
