11
1 0.000000 0.752349 0.752344 0.758011 0.741007 0.749175 0.743902 0.771619 0.743646 0.727323 0.754435
2 0.763958 0.000000 0.716492 0.585635 0.512991 0.374037 0.592593 0.720840 0.585635 0.479934 0.382532
3 0.761169 0.733591 0.000000 0.695532 0.738555 0.740374 0.730281 0.669608 0.725869 0.710830 0.714286
4 0.737569 0.610497 0.673469 0.000000 0.542541 0.523652 0.603315 0.693923 0.362431 0.529962 0.580663
5 0.743221 0.506910 0.719801 0.569061 0.000000 0.522552 0.577753 0.728832 0.582320 0.371083 0.482568
6 0.752475 0.376238 0.729373 0.541254 0.535204 0.000000 0.540154 0.738724 0.573707 0.445849 0.332783
7 0.754435 0.611387 0.722559 0.614365 0.621472 0.556106 0.000000 0.736959 0.607182 0.529412 0.539956
8 0.773836 0.736318 0.660232 0.711050 0.747095 0.724972 0.726415 0.000000 0.728177 0.733370 0.731111
9 0.757459 0.582320 0.707115 0.356354 0.588950 0.602310 0.618232 0.710497 0.000000 0.533260 0.558011
10 0.735569 0.493128 0.725124 0.529962 0.380979 0.460143 0.535459 0.731171 0.549203 0.000000 0.454645
11 0.746674 0.375345 0.720905 0.562431 0.487548 0.321782 0.548280 0.728333 0.549171 0.437603 0.000000
