11
1 0.000000 0.655146 0.643373 0.708697 0.706419 0.639195 0.635535 0.637192 0.661603 0.646031 0.638573
2 0.656665 0.000000 0.345613 0.623623 0.609802 0.462210 0.288535 0.427704 0.540068 0.356248 0.352316
3 0.643752 0.345993 0.000000 0.619825 0.612609 0.451196 0.320046 0.430740 0.545006 0.370300 0.361427
4 0.707558 0.624383 0.619825 0.000000 0.511584 0.624003 0.600607 0.605693 0.654007 0.611850 0.615793
5 0.706419 0.609043 0.611470 0.511204 0.000000 0.613749 0.593394 0.601139 0.640334 0.601595 0.610858
6 0.639575 0.462590 0.450817 0.625142 0.613749 0.000000 0.438117 0.434915 0.538549 0.448158 0.436598
7 0.635915 0.288914 0.320046 0.600987 0.594533 0.438497 0.000000 0.415180 0.520122 0.342065 0.338269
8 0.639848 0.428843 0.431120 0.606452 0.600759 0.436053 0.415560 0.000000 0.511954 0.439848 0.427704
9 0.662362 0.540448 0.544626 0.653627 0.639575 0.538169 0.519742 0.510816 0.000000 0.547284 0.533789
10 0.646791 0.355868 0.369161 0.610710 0.601975 0.447019 0.340547 0.438330 0.546525 0.000000 0.318907
11 0.638573 0.352316 0.361427 0.615793 0.610858 0.436598 0.337889 0.426945 0.534169 0.319666 0.000000
