11
1 0.000000 0.624525 0.616553 0.640091 0.569096 0.676158 0.623387 0.648823 0.619590 0.624525 0.647304
2 0.624905 0.000000 0.624905 0.481777 0.517084 0.653759 0.568337 0.495065 0.587699 0.567578 0.572134
3 0.617692 0.624905 0.000000 0.619446 0.541208 0.662742 0.589218 0.635017 0.606153 0.600228 0.616407
4 0.640850 0.481397 0.619446 0.000000 0.535511 0.673376 0.598330 0.517281 0.592860 0.597570 0.579567
5 0.568717 0.517084 0.541588 0.535131 0.000000 0.600456 0.481397 0.556020 0.495632 0.488231 0.535131
6 0.675019 0.652999 0.661603 0.672237 0.598177 0.000000 0.637434 0.677174 0.662742 0.656796 0.661474
7 0.623766 0.568337 0.589977 0.600607 0.481777 0.639711 0.000000 0.596052 0.421792 0.428246 0.582005
8 0.648823 0.494305 0.633878 0.516521 0.555260 0.677554 0.594913 0.000000 0.600836 0.599468 0.602735
9 0.619210 0.587320 0.605773 0.593240 0.495253 0.665021 0.421033 0.601215 0.000000 0.398633 0.589822
10 0.623766 0.566819 0.599848 0.596811 0.487472 0.657555 0.427107 0.598709 0.398254 0.000000 0.585421
11 0.646545 0.571754 0.616027 0.579187 0.534371 0.662614 0.580866 0.602735 0.589822 0.585801 0.000000
