11
1 0.000000 0.201249 0.181692 0.187229 0.186200 0.186236 0.188401 0.188330 0.182757 0.188403 0.183219
2 0.198019 0.000000 0.162703 0.115811 0.116525 0.167206 0.170117 0.123618 0.136151 0.172149 0.164923
3 0.179279 0.163983 0.000000 0.144568 0.147814 0.149870 0.116740 0.147148 0.146804 0.152702 0.149195
4 0.185348 0.116238 0.144284 0.000000 0.101609 0.153882 0.151571 0.106558 0.113530 0.153696 0.153064
5 0.184390 0.119260 0.149590 0.103385 0.000000 0.154171 0.155663 0.102887 0.118040 0.158913 0.151650
6 0.183148 0.166459 0.148306 0.152566 0.152147 0.000000 0.153969 0.152159 0.149503 0.153412 0.085789
7 0.186236 0.170615 0.115922 0.151358 0.154313 0.154752 0.000000 0.153439 0.153480 0.159268 0.152298
8 0.187300 0.124578 0.147716 0.106451 0.101893 0.154363 0.154007 0.000000 0.114808 0.157032 0.152550
9 0.182331 0.138814 0.148580 0.114844 0.118679 0.152557 0.155717 0.116335 0.000000 0.155683 0.152237
10 0.188758 0.174385 0.154583 0.154867 0.159268 0.155754 0.161042 0.157884 0.155506 0.000000 0.155577
11 0.180344 0.164496 0.147951 0.151749 0.149235 0.086073 0.151942 0.151377 0.148899 0.152170 0.000000
