11
1 0.000000 0.511512 0.528045 0.581722 0.541832 0.622430 0.551131 0.559129 0.506822 0.541204 0.576760
2 0.510433 0.000000 0.468545 0.536294 0.318301 0.570177 0.384053 0.392354 0.179115 0.350231 0.523859
3 0.529887 0.471132 0.000000 0.369361 0.512601 0.566907 0.518814 0.529691 0.469643 0.501137 0.357073
4 0.581996 0.537785 0.368263 0.000000 0.568360 0.618216 0.572148 0.583968 0.533031 0.558483 0.367790
5 0.541753 0.318909 0.511053 0.568478 0.000000 0.602615 0.427597 0.438545 0.312672 0.399039 0.557062
6 0.623273 0.572098 0.566221 0.618255 0.603222 0.000000 0.613002 0.622116 0.570138 0.598832 0.613277
7 0.551739 0.385229 0.517952 0.572717 0.428518 0.613061 0.000000 0.417559 0.375990 0.326001 0.567659
8 0.558345 0.392334 0.527770 0.582555 0.437623 0.620450 0.416206 0.000000 0.383224 0.378129 0.575009
9 0.507998 0.180977 0.469153 0.533267 0.313495 0.570020 0.375970 0.385145 0.000000 0.349976 0.521054
10 0.541086 0.351016 0.499608 0.557757 0.399000 0.597479 0.325060 0.378639 0.348957 0.000000 0.552087
11 0.576133 0.524409 0.354878 0.366790 0.556336 0.611826 0.566502 0.575264 0.519368 0.552558 0.000000
