11
1 0.000000 0.312861 0.354293 0.309604 0.328983 0.324242 0.314644 0.304453 0.317868 0.301844 0.310089
2 0.313018 0.000000 0.226334 0.220147 0.194944 0.182904 0.225764 0.214494 0.186226 0.208239 0.200796
3 0.353058 0.225237 0.000000 0.267450 0.246306 0.237528 0.273121 0.260414 0.236638 0.254944 0.251798
4 0.310954 0.221106 0.269838 0.000000 0.234596 0.230519 0.103132 0.174038 0.227039 0.165658 0.215037
5 0.329238 0.195160 0.247482 0.233578 0.000000 0.175875 0.240309 0.229277 0.166281 0.223143 0.219037
6 0.325554 0.183863 0.239447 0.230226 0.176580 0.000000 0.236551 0.224117 0.153360 0.218674 0.214328
7 0.315936 0.226644 0.275254 0.103113 0.240995 0.236472 0.000000 0.180814 0.233810 0.175255 0.223356
8 0.303551 0.213553 0.260630 0.172119 0.228082 0.222668 0.178974 0.000000 0.221767 0.084922 0.206752
9 0.318221 0.186462 0.238127 0.226295 0.166105 0.152674 0.233164 0.223237 0.000000 0.216007 0.207700
10 0.301746 0.207985 0.255826 0.164425 0.223084 0.217734 0.174099 0.085314 0.215694 0.000000 0.202343
11 0.310814 0.201187 0.253208 0.214293 0.219253 0.214073 0.222494 0.207908 0.207719 0.203010 0.000000
