11
1 0.000000 0.575000 0.575000 0.570455 0.575000 0.579545 0.575000 0.581818 0.575000 0.571429 0.571429
2 0.572727 0.000000 0.572727 0.565909 0.572727 0.561364 0.527273 0.572727 0.572727 0.564626 0.562358
3 0.570455 0.570455 0.000000 0.552273 0.575000 0.563636 0.568182 0.578588 0.579545 0.555556 0.569161
4 0.570455 0.563636 0.547727 0.000000 0.572727 0.568182 0.565909 0.575000 0.577273 0.562358 0.569161
5 0.579545 0.572727 0.575000 0.572727 0.000000 0.543182 0.575000 0.515909 0.500000 0.573696 0.532880
6 0.575000 0.556818 0.559091 0.568182 0.545455 0.000000 0.561364 0.559091 0.550000 0.557823 0.551020
7 0.575000 0.529545 0.570455 0.568182 0.570455 0.556818 0.000000 0.572727 0.570455 0.555556 0.562358
8 0.579545 0.570455 0.576310 0.575000 0.518182 0.559091 0.570455 0.000000 0.536364 0.571429 0.532880
9 0.579545 0.568182 0.575000 0.575000 0.500000 0.552273 0.568182 0.538636 0.000000 0.571429 0.507937
10 0.566893 0.562358 0.553288 0.562358 0.571429 0.562358 0.557823 0.571429 0.571429 0.000000 0.560091
11 0.573696 0.562358 0.571429 0.571429 0.532880 0.553288 0.562358 0.537415 0.510204 0.560091 0.000000
