11
1 0.000000 0.572727 0.565909 0.574032 0.569476 0.565909 0.575964 0.574032 0.570455 0.566893 0.565909
2 0.577273 0.000000 0.568182 0.550000 0.547727 0.552273 0.569161 0.559091 0.554545 0.566893 0.559091
3 0.565909 0.568182 0.000000 0.568182 0.570455 0.570455 0.571429 0.570455 0.563636 0.573696 0.570455
4 0.569476 0.547727 0.563636 0.000000 0.523918 0.561364 0.560091 0.571754 0.561364 0.553288 0.561364
5 0.569476 0.550000 0.568182 0.523918 0.000000 0.563636 0.569161 0.569476 0.563636 0.551020 0.556818
6 0.563636 0.556818 0.570455 0.561364 0.565909 0.000000 0.560091 0.561364 0.563636 0.566893 0.561364
7 0.575964 0.569161 0.571429 0.562358 0.571429 0.560091 0.000000 0.517007 0.575964 0.553288 0.507937
8 0.574032 0.563636 0.568182 0.569476 0.569476 0.565909 0.514739 0.000000 0.565909 0.532880 0.525000
9 0.570455 0.554545 0.563636 0.561364 0.568182 0.563636 0.575964 0.565909 0.000000 0.564626 0.572727
10 0.566893 0.562358 0.569161 0.555556 0.551020 0.562358 0.548753 0.535147 0.560091 0.000000 0.539683
11 0.563636 0.561364 0.570455 0.563636 0.559091 0.561364 0.505669 0.522727 0.570455 0.541950 0.000000
