11
1 0.000000 0.947968 0.945330 0.945669 0.946809 0.946449 0.948309 0.947209 0.947188 0.946490 0.947209
2 0.948728 0.000000 0.941913 0.932776 0.936574 0.923281 0.935435 0.939992 0.938853 0.940417 0.942651
3 0.946469 0.940775 0.000000 0.940395 0.940395 0.935459 0.940775 0.938117 0.940395 0.939658 0.941534
4 0.946429 0.934675 0.941534 0.000000 0.916033 0.939233 0.939210 0.944550 0.941489 0.941935 0.941891
5 0.946429 0.933536 0.940395 0.916413 0.000000 0.932397 0.935410 0.940752 0.938070 0.938520 0.940752
6 0.946449 0.921762 0.935459 0.938473 0.933536 0.000000 0.938093 0.929358 0.934295 0.934725 0.941891
7 0.949449 0.937334 0.940395 0.941489 0.938070 0.936574 0.000000 0.882643 0.945289 0.921822 0.844664
8 0.948728 0.940372 0.939256 0.943790 0.942271 0.931637 0.884163 0.000000 0.940752 0.910057 0.884163
9 0.947568 0.938853 0.940775 0.942249 0.938450 0.936574 0.944909 0.940752 0.000000 0.946110 0.941132
10 0.947249 0.940038 0.940038 0.941556 0.938520 0.934725 0.922201 0.908918 0.946110 0.000000 0.924478
11 0.947209 0.945310 0.943052 0.939992 0.941891 0.938853 0.847322 0.883403 0.943411 0.924858 0.000000
