11
1 0.000000 0.068622 0.057001 0.065855 0.063606 0.079690 0.062535 0.068622 0.071942 0.070282 0.058661
2 0.067515 0.000000 0.049806 0.064748 0.058075 0.071429 0.057586 0.061462 0.044850 0.066445 0.053710
3 0.056447 0.049806 0.000000 0.057001 0.048119 0.064195 0.035971 0.054787 0.055894 0.057554 0.040952
4 0.064748 0.064195 0.056447 0.000000 0.060841 0.076923 0.062535 0.053680 0.070282 0.056447 0.057554
5 0.063606 0.058628 0.048673 0.061947 0.000000 0.073009 0.054757 0.061394 0.063053 0.061947 0.050885
6 0.078030 0.069767 0.061981 0.076923 0.070243 0.000000 0.068182 0.073171 0.073130 0.074238 0.065928
7 0.059214 0.055925 0.033758 0.061428 0.051991 0.067073 0.000000 0.055432 0.059834 0.059834 0.042105
8 0.066408 0.059247 0.052573 0.052020 0.059735 0.073171 0.055432 0.000000 0.065928 0.054294 0.054294
9 0.070836 0.044297 0.054787 0.071389 0.061947 0.073684 0.062050 0.068144 0.000000 0.070914 0.057064
10 0.068069 0.065338 0.055894 0.054787 0.059181 0.074238 0.060388 0.054848 0.069252 0.000000 0.056510
11 0.055340 0.051495 0.038185 0.055340 0.047566 0.064266 0.041551 0.053740 0.055956 0.055956 0.000000
