11
1 0.000000 0.869487 0.872918 0.858324 0.855025 0.874412 0.866954 0.849226 0.864175 0.871341 0.847093
2 0.863033 0.000000 0.753317 0.727501 0.744711 0.755826 0.820724 0.741484 0.757619 0.746146 0.738257
3 0.865677 0.756185 0.000000 0.670263 0.691612 0.680058 0.823445 0.702771 0.589651 0.655945 0.685930
4 0.876663 0.746504 0.668465 0.000000 0.672420 0.670263 0.827041 0.724200 0.681639 0.523193 0.725772
5 0.866233 0.761922 0.706074 0.695433 0.000000 0.715112 0.809781 0.719683 0.701401 0.689917 0.709261
6 0.870793 0.749014 0.659066 0.660913 0.710774 0.000000 0.826321 0.747031 0.688825 0.658475 0.747667
7 0.880978 0.838293 0.826321 0.828119 0.820568 0.837469 0.000000 0.810859 0.826087 0.827041 0.813352
8 0.857143 0.739692 0.707809 0.720245 0.718244 0.729759 0.804027 0.000000 0.711462 0.726160 0.587222
9 0.869565 0.777698 0.616960 0.675530 0.716134 0.682357 0.823212 0.727273 0.000000 0.688106 0.735463
10 0.871341 0.754034 0.672208 0.546566 0.685941 0.659559 0.814455 0.741994 0.676608 0.000000 0.735822
11 0.858938 0.762998 0.700646 0.726849 0.729002 0.756281 0.814429 0.617014 0.718593 0.744078 0.000000
