11
1 0.000000 0.865306 0.890608 0.917155 0.899255 0.873748 0.900287 0.883441 0.897455 0.878624 0.885512
2 0.865226 0.000000 0.791831 0.858764 0.822188 0.757093 0.825567 0.786817 0.813827 0.762842 0.792771
3 0.890628 0.791771 0.000000 0.859461 0.818245 0.818218 0.829032 0.832480 0.822150 0.651820 0.840187
4 0.917433 0.858844 0.859461 0.000000 0.877330 0.867894 0.880153 0.877726 0.872785 0.842008 0.884975
5 0.899255 0.822168 0.818225 0.877131 0.000000 0.840856 0.706030 0.849311 0.842579 0.801888 0.855365
6 0.873668 0.757153 0.818437 0.867934 0.840936 0.000000 0.843644 0.800956 0.836994 0.796018 0.798009
7 0.900287 0.825567 0.829251 0.880213 0.706030 0.843564 0.000000 0.855223 0.846163 0.809354 0.861257
8 0.883481 0.786857 0.832540 0.877786 0.849311 0.801015 0.855442 0.000000 0.847159 0.814113 0.696565
9 0.897515 0.813847 0.822269 0.872725 0.842678 0.837033 0.846063 0.847099 0.000000 0.798642 0.850086
10 0.878604 0.762962 0.651900 0.842008 0.801967 0.796018 0.809294 0.814153 0.798582 0.000000 0.824964
11 0.885532 0.792632 0.840207 0.884995 0.855604 0.798188 0.861137 0.696545 0.850285 0.824865 0.000000
