11
1 0.000000 0.850858 0.837360 0.842670 0.840129 0.842889 0.857972 0.843546 0.840771 0.842120 0.842657
2 0.850858 0.000000 0.741516 0.745213 0.739787 0.750785 0.812900 0.752464 0.740592 0.743554 0.747576
3 0.837280 0.741636 0.000000 0.650497 0.669157 0.652164 0.806604 0.722999 0.578280 0.653411 0.704665
4 0.842749 0.745093 0.650298 0.000000 0.681685 0.641160 0.809853 0.728764 0.657886 0.541814 0.714263
5 0.839970 0.739231 0.669077 0.681287 0.000000 0.697819 0.806708 0.721427 0.694616 0.685114 0.706095
6 0.842770 0.750745 0.651965 0.641279 0.697977 0.000000 0.814916 0.728772 0.672547 0.640261 0.717936
7 0.857733 0.813019 0.806366 0.810052 0.806827 0.814678 0.000000 0.807860 0.809140 0.808311 0.807295
8 0.843507 0.752464 0.722960 0.728566 0.721626 0.728692 0.807821 0.000000 0.729704 0.730523 0.603902
9 0.840572 0.740513 0.578240 0.657886 0.695172 0.672508 0.809299 0.729942 0.000000 0.659410 0.722783
10 0.842239 0.743554 0.653411 0.541893 0.685591 0.640261 0.808708 0.730642 0.659449 0.000000 0.715268
11 0.842618 0.747616 0.704625 0.714303 0.706254 0.717896 0.807374 0.603981 0.722823 0.715268 0.000000
