11
1 0.000000 0.676085 0.648146 0.660983 0.666693 0.667382 0.669501 0.670548 0.669859 0.680839 0.665276
2 0.676204 0.000000 0.618860 0.634915 0.381100 0.621960 0.626028 0.454141 0.634001 0.640229 0.631776
3 0.648066 0.618860 0.000000 0.603513 0.609912 0.608124 0.616014 0.617781 0.612273 0.629619 0.612297
4 0.660626 0.634796 0.603513 0.000000 0.624975 0.601089 0.605643 0.625611 0.476552 0.616626 0.474941
5 0.666455 0.380901 0.609753 0.624617 0.000000 0.617821 0.625671 0.450437 0.622963 0.633156 0.624419
6 0.667303 0.621642 0.608044 0.601248 0.617821 0.000000 0.448242 0.617622 0.609530 0.474211 0.610349
7 0.669501 0.626028 0.616094 0.605603 0.625909 0.448242 0.000000 0.625869 0.619392 0.437098 0.614186
8 0.670469 0.453942 0.617583 0.625770 0.450358 0.617702 0.625671 0.000000 0.627216 0.635222 0.630420
9 0.669502 0.633643 0.612273 0.476552 0.623003 0.609610 0.619154 0.627176 0.000000 0.630772 0.429060
10 0.680879 0.640229 0.629778 0.616665 0.633196 0.474251 0.437058 0.635063 0.630732 0.000000 0.628030
11 0.665077 0.631577 0.612217 0.474941 0.624578 0.610190 0.614107 0.630420 0.429020 0.628149 0.000000
