11
1 0.000000 0.971012 0.976674 0.974243 0.975647 0.974200 0.976001 0.974351 0.977847 0.974940 0.974945
2 0.968930 0.000000 0.955704 0.950410 0.956243 0.939368 0.958592 0.957382 0.958042 0.952110 0.958687
3 0.977970 0.958060 0.000000 0.965056 0.965875 0.963558 0.966425 0.968584 0.967288 0.966307 0.968270
4 0.972947 0.951667 0.963014 0.000000 0.913856 0.955750 0.962739 0.962072 0.962700 0.961011 0.964624
5 0.975019 0.956872 0.962458 0.912914 0.000000 0.956450 0.962685 0.965474 0.964099 0.961310 0.963478
6 0.974671 0.941528 0.962969 0.956614 0.957432 0.000000 0.961280 0.960613 0.961045 0.956764 0.959003
7 0.973958 0.957924 0.962812 0.960815 0.961035 0.958413 0.000000 0.891276 0.964661 0.926916 0.821081
8 0.973605 0.958443 0.966817 0.962935 0.965985 0.959081 0.892808 0.000000 0.966574 0.931105 0.894204
9 0.976276 0.957060 0.964500 0.961640 0.964217 0.958453 0.965407 0.965592 0.000000 0.962633 0.964028
10 0.973212 0.951206 0.963087 0.959991 0.960682 0.954644 0.927269 0.930123 0.963143 0.000000 0.933396
11 0.975534 0.959826 0.966935 0.965527 0.964499 0.958767 0.822495 0.893654 0.965324 0.935006 0.000000
