11
1 0.000000 0.652620 0.669772 0.660319 0.675889 0.690912 0.617992 0.677538 0.652254 0.626420 0.643826
2 0.645841 0.000000 0.551233 0.366233 0.523032 0.576352 0.622500 0.683057 0.675110 0.622451 0.647773
3 0.672511 0.570594 0.000000 0.583379 0.414612 0.566941 0.652055 0.696256 0.681644 0.644749 0.678174
4 0.670573 0.387841 0.581918 0.000000 0.569676 0.577184 0.640542 0.701520 0.672587 0.636330 0.659403
5 0.679370 0.531657 0.411872 0.553928 0.000000 0.571769 0.646724 0.691870 0.683979 0.634979 0.670215
6 0.683767 0.583501 0.559269 0.581029 0.557837 0.000000 0.658295 0.697159 0.672777 0.647113 0.668561
7 0.629351 0.644338 0.664658 0.652445 0.659387 0.678460 0.000000 0.537530 0.478436 0.551294 0.468343
8 0.682851 0.694107 0.702466 0.695111 0.693338 0.705408 0.532024 0.000000 0.548825 0.606651 0.541590
9 0.645658 0.673275 0.666849 0.667277 0.671316 0.681393 0.475133 0.562592 0.000000 0.561490 0.517438
10 0.622389 0.614918 0.631781 0.629738 0.625986 0.643630 0.530740 0.609407 0.548642 0.000000 0.562557
11 0.633565 0.648325 0.671963 0.659952 0.660672 0.668378 0.463204 0.557048 0.517438 0.576153 0.000000
