11
1 0.000000 0.926211 0.896312 0.894821 0.881675 0.884461 0.873592 0.875873 0.915264 0.873710 0.870069
2 0.925054 0.000000 0.917032 0.917468 0.906492 0.908786 0.900442 0.904698 0.934589 0.900461 0.900126
3 0.895409 0.916816 0.000000 0.873926 0.857569 0.858929 0.807332 0.856440 0.902139 0.847012 0.838503
4 0.893859 0.919116 0.873808 0.000000 0.826989 0.819532 0.854166 0.858911 0.908927 0.794906 0.793350
5 0.881244 0.906532 0.857805 0.826498 0.000000 0.800357 0.832008 0.842850 0.895134 0.771561 0.766077
6 0.883049 0.908727 0.859910 0.818904 0.800220 0.000000 0.832411 0.842792 0.895762 0.709123 0.711689
7 0.872827 0.900834 0.807332 0.854068 0.832597 0.831979 0.000000 0.829536 0.889209 0.816029 0.808152
8 0.875892 0.907052 0.858754 0.859205 0.843968 0.844498 0.830889 0.000000 0.893560 0.829202 0.824014
9 0.913989 0.934589 0.902040 0.908240 0.894801 0.896135 0.888994 0.893050 0.000000 0.889876 0.887911
10 0.872180 0.900481 0.847404 0.793689 0.770717 0.708574 0.815774 0.826869 0.889249 0.000000 0.554211
11 0.870344 0.900910 0.840405 0.793957 0.767626 0.713023 0.810133 0.824131 0.888558 0.555643 0.000000
