11
1 0.000000 0.619997 0.613631 0.646404 0.643231 0.637981 0.645386 0.652693 0.617803 0.611828 0.614571
2 0.619037 0.000000 0.439760 0.602062 0.598542 0.593202 0.595874 0.595790 0.566192 0.442526 0.276647
3 0.613376 0.440250 0.000000 0.599929 0.598107 0.593599 0.587175 0.591835 0.563297 0.296121 0.434507
4 0.646032 0.602415 0.599871 0.000000 0.411180 0.409001 0.576830 0.633277 0.558062 0.602042 0.597934
5 0.642055 0.598503 0.597852 0.411102 0.000000 0.358474 0.572050 0.628864 0.558694 0.596162 0.593994
6 0.637628 0.593692 0.593383 0.409275 0.359023 0.000000 0.570130 0.620421 0.548072 0.590616 0.589431
7 0.644328 0.596011 0.586959 0.577516 0.572716 0.570483 0.000000 0.629494 0.552438 0.587724 0.589291
8 0.650694 0.594418 0.590424 0.632023 0.627727 0.618657 0.628044 0.000000 0.599412 0.584188 0.588456
9 0.617020 0.566310 0.563376 0.557553 0.558517 0.548347 0.551968 0.600725 0.000000 0.562099 0.563203
10 0.611143 0.442800 0.296082 0.602258 0.596888 0.590851 0.587449 0.585383 0.562511 0.000000 0.434961
11 0.613141 0.276628 0.433861 0.597071 0.593740 0.588843 0.588625 0.588769 0.562439 0.434373 0.000000
