11
1 0.000000 0.227428 0.222256 0.216568 0.230389 0.212766 0.228200 0.215547 0.217809 0.226935 0.205335
2 0.228048 0.000000 0.191430 0.174170 0.136195 0.175455 0.147805 0.181480 0.187403 0.141176 0.164082
3 0.225956 0.196671 0.000000 0.182491 0.198829 0.184032 0.196054 0.177867 0.192355 0.195438 0.175092
4 0.214707 0.171375 0.176326 0.000000 0.171093 0.167746 0.174397 0.120780 0.155445 0.176471 0.139268
5 0.240272 0.142063 0.203453 0.181285 0.000000 0.177613 0.153799 0.190241 0.189006 0.153490 0.174490
6 0.222017 0.185322 0.187731 0.177305 0.180697 0.000000 0.186247 0.169904 0.177305 0.183780 0.161270
7 0.233457 0.151824 0.196054 0.182746 0.154725 0.181005 0.000000 0.184292 0.190476 0.115337 0.169140
8 0.215237 0.179932 0.174784 0.122948 0.182829 0.163121 0.179344 0.000000 0.161350 0.176161 0.139672
9 0.221533 0.195780 0.191739 0.164753 0.188697 0.174221 0.188002 0.168473 0.000000 0.191331 0.133995
10 0.232198 0.150464 0.195746 0.183901 0.154416 0.180389 0.116883 0.180186 0.191950 0.000000 0.172136
11 0.204715 0.164702 0.170160 0.143921 0.166461 0.153870 0.165739 0.139362 0.128722 0.165015 0.000000
