11
1 0.000000 0.726547 0.728157 0.728688 0.763870 0.725910 0.758225 0.739147 0.764500 0.760654 0.767179
2 0.726158 0.000000 0.525394 0.548073 0.610160 0.533671 0.636045 0.529973 0.632931 0.636311 0.613663
3 0.728546 0.525199 0.000000 0.569371 0.606733 0.321658 0.658883 0.422650 0.648764 0.655575 0.611987
4 0.727520 0.547100 0.569371 0.000000 0.532308 0.566952 0.641689 0.552744 0.633710 0.640202 0.631569
5 0.765038 0.608797 0.606149 0.531919 0.000000 0.616508 0.686198 0.604828 0.681588 0.676396 0.680880
6 0.726105 0.533087 0.321853 0.567341 0.616897 0.000000 0.659918 0.405295 0.636240 0.649348 0.600934
7 0.758419 0.635851 0.657715 0.642273 0.685614 0.659140 0.000000 0.657972 0.524329 0.523448 0.685030
8 0.739147 0.529584 0.422456 0.552550 0.605217 0.404906 0.657777 0.000000 0.638575 0.651489 0.602881
9 0.764889 0.632542 0.647986 0.633515 0.681783 0.636629 0.524329 0.638965 0.000000 0.502627 0.679058
10 0.761238 0.635532 0.654602 0.640008 0.676785 0.649348 0.523837 0.651294 0.502627 0.000000 0.688655
11 0.767763 0.613079 0.611792 0.630985 0.681464 0.601129 0.685419 0.603076 0.678474 0.688850 0.000000
