11
1 0.000000 0.738261 0.792000 0.771818 0.775261 0.767863 0.747396 0.777683 0.769892 0.749031 0.784868
2 0.755443 0.000000 0.615475 0.630550 0.660028 0.659103 0.510684 0.661054 0.672750 0.585143 0.673737
3 0.784966 0.620342 0.000000 0.565207 0.717574 0.726989 0.653096 0.715798 0.709001 0.607055 0.725099
4 0.778607 0.622054 0.568049 0.000000 0.708258 0.716114 0.643987 0.707556 0.721321 0.596552 0.716657
5 0.776719 0.659174 0.700877 0.708898 0.000000 0.644983 0.679027 0.441863 0.450169 0.671690 0.463323
6 0.776399 0.668706 0.714164 0.712097 0.636697 0.000000 0.693711 0.631852 0.637174 0.702897 0.629824
7 0.753404 0.500942 0.632811 0.632292 0.683542 0.693533 0.000000 0.691392 0.684964 0.618589 0.704562
8 0.783225 0.663469 0.714306 0.705602 0.440868 0.637252 0.698924 0.000000 0.473069 0.683364 0.473219
9 0.769750 0.666394 0.695544 0.713297 0.450453 0.640334 0.695260 0.471117 0.000000 0.681236 0.425546
10 0.770784 0.587738 0.598423 0.598258 0.674747 0.691487 0.631242 0.677182 0.679638 0.000000 0.679306
11 0.787280 0.675653 0.718892 0.717154 0.463075 0.632875 0.717118 0.474354 0.422957 0.690728 0.000000
