11
1 0.000000 0.713980 0.732775 0.724883 0.738512 0.751168 0.682694 0.735592 0.714953 0.693266 0.700662
2 0.714564 0.000000 0.621059 0.427848 0.591121 0.638629 0.694958 0.739681 0.730919 0.674971 0.706695
3 0.732970 0.620670 0.000000 0.636240 0.459517 0.618529 0.724212 0.755352 0.733359 0.696380 0.730829
4 0.724883 0.427459 0.635461 0.000000 0.622469 0.644276 0.707611 0.754673 0.734813 0.698715 0.717594
5 0.738707 0.591121 0.458933 0.622858 0.000000 0.624026 0.713646 0.751168 0.740849 0.693655 0.725185
6 0.751363 0.639019 0.617750 0.644665 0.624221 0.000000 0.730387 0.754089 0.737928 0.709615 0.726158
7 0.683084 0.694763 0.722849 0.707222 0.714230 0.730582 0.000000 0.582246 0.527740 0.605099 0.515570
8 0.735787 0.739291 0.754574 0.754868 0.751752 0.756425 0.583220 0.000000 0.610592 0.674971 0.606267
9 0.715148 0.731503 0.732386 0.735787 0.740849 0.737928 0.527740 0.610592 0.000000 0.615025 0.568898
10 0.693850 0.674971 0.695991 0.699689 0.693850 0.709420 0.604710 0.675360 0.615220 0.000000 0.632542
11 0.701051 0.707474 0.731024 0.718957 0.724406 0.727910 0.515960 0.606851 0.569872 0.633320 0.000000
