11
1 0.000000 0.096545 0.094322 0.096594 0.088745 0.098976 0.093866 0.094632 0.097114 0.088044 0.089225
2 0.103331 0.000000 0.096545 0.093152 0.074954 0.097162 0.090685 0.094078 0.072486 0.071561 0.086058
3 0.092150 0.087909 0.000000 0.079876 0.080087 0.069897 0.050805 0.050574 0.084551 0.079395 0.076258
4 0.098762 0.090068 0.085139 0.000000 0.086271 0.087306 0.081424 0.083282 0.085449 0.084028 0.066996
5 0.092146 0.071869 0.084416 0.085652 0.000000 0.086889 0.076376 0.081323 0.075448 0.050046 0.077493
6 0.100217 0.090993 0.071761 0.084520 0.084725 0.000000 0.072181 0.071362 0.088226 0.082793 0.077493
7 0.094796 0.085750 0.053284 0.080495 0.074521 0.072800 0.000000 0.053903 0.085192 0.076614 0.076567
8 0.093391 0.086983 0.052125 0.080495 0.077613 0.070431 0.052664 0.000000 0.082532 0.077232 0.076258
9 0.097114 0.066009 0.087970 0.082043 0.071429 0.088226 0.083333 0.083773 0.000000 0.066420 0.080889
10 0.091134 0.067859 0.083411 0.083411 0.050046 0.086191 0.077850 0.080321 0.069509 0.000000 0.074406
11 0.092930 0.082973 0.081198 0.067922 0.078419 0.082742 0.079654 0.080580 0.083977 0.075641 0.000000
