11
1 0.000000 0.719366 0.728439 0.714257 0.717538 0.757351 0.727172 0.702734 0.722244 0.714337 0.764245
2 0.718969 0.000000 0.630398 0.610456 0.609464 0.656031 0.611809 0.591028 0.605928 0.604735 0.658296
3 0.728638 0.630557 0.000000 0.499742 0.625313 0.692051 0.653716 0.602471 0.645175 0.481786 0.696262
4 0.714377 0.610535 0.499583 0.000000 0.599134 0.677988 0.627935 0.571684 0.627974 0.432765 0.681007
5 0.717618 0.609305 0.625194 0.599094 0.000000 0.677289 0.628099 0.364630 0.623967 0.593255 0.681143
6 0.757510 0.656151 0.691892 0.677869 0.677408 0.000000 0.675262 0.660482 0.676693 0.662972 0.495987
7 0.726973 0.611610 0.653557 0.627895 0.627940 0.675342 0.000000 0.609895 0.376609 0.624161 0.675490
8 0.702893 0.590989 0.602272 0.571684 0.364590 0.660521 0.609934 0.000000 0.605285 0.569261 0.670376
9 0.722085 0.605888 0.644937 0.627895 0.623848 0.676613 0.376530 0.605285 0.000000 0.616732 0.677873
10 0.714734 0.604854 0.481865 0.432964 0.593334 0.663211 0.624558 0.569459 0.616971 0.000000 0.670520
11 0.764683 0.658018 0.696024 0.680809 0.680984 0.495987 0.675530 0.670336 0.677913 0.670242 0.000000
