11
1 0.000000 0.452703 0.412060 0.464527 0.461149 0.437500 0.449324 0.474662 0.456081 0.459459 0.440878
2 0.442568 0.000000 0.391960 0.404437 0.373720 0.432432 0.357022 0.419795 0.395904 0.402730 0.416382
3 0.417085 0.407035 0.000000 0.407035 0.380235 0.329983 0.353434 0.396985 0.385260 0.417085 0.321608
4 0.454392 0.401024 0.395310 0.000000 0.383562 0.427365 0.392555 0.345361 0.375215 0.367698 0.437393
5 0.451014 0.378840 0.376884 0.407534 0.000000 0.415541 0.313029 0.400685 0.385274 0.400685 0.410959
6 0.434122 0.440878 0.324958 0.451014 0.427365 0.000000 0.412162 0.457770 0.444257 0.434122 0.386824
7 0.434122 0.348562 0.340034 0.390863 0.313029 0.403716 0.000000 0.399323 0.355330 0.389171 0.382403
8 0.456081 0.412969 0.373534 0.336770 0.402397 0.439189 0.390863 0.000000 0.360825 0.371134 0.445969
9 0.449324 0.394198 0.365159 0.366609 0.364726 0.412162 0.336717 0.347079 0.000000 0.335052 0.415094
10 0.439189 0.390785 0.388610 0.379725 0.393836 0.407095 0.387479 0.369416 0.348797 0.000000 0.420240
11 0.425676 0.411263 0.286432 0.423671 0.402397 0.380068 0.375635 0.428816 0.409949 0.411664 0.000000
