11
1 0.000000 0.452991 0.434708 0.333333 0.425894 0.461800 0.436116 0.436860 0.449573 0.468268 0.447635
2 0.451282 0.000000 0.401709 0.365812 0.398637 0.392190 0.349233 0.385666 0.384615 0.420513 0.346284
3 0.448454 0.403419 0.000000 0.374570 0.369676 0.444822 0.425894 0.339590 0.423932 0.409949 0.418919
4 0.350515 0.352137 0.371134 0.000000 0.357751 0.431239 0.374787 0.349829 0.377778 0.423671 0.373311
5 0.436116 0.402044 0.367973 0.359455 0.000000 0.431239 0.419080 0.332198 0.415673 0.436116 0.407095
6 0.471986 0.385399 0.443124 0.426146 0.429542 0.000000 0.375212 0.449915 0.417657 0.456706 0.396959
7 0.436116 0.349233 0.410562 0.379898 0.422487 0.390492 0.000000 0.391823 0.408859 0.429302 0.342905
8 0.436860 0.380546 0.332765 0.346416 0.332198 0.439728 0.395230 0.000000 0.387372 0.412969 0.385135
9 0.449573 0.384615 0.423932 0.388034 0.412266 0.429542 0.395230 0.402730 0.000000 0.446154 0.395270
10 0.485420 0.427350 0.421955 0.420240 0.434412 0.446520 0.422487 0.431741 0.420513 0.000000 0.444257
11 0.461149 0.349662 0.432432 0.385135 0.405405 0.398649 0.341216 0.390203 0.407095 0.449324 0.000000
