11
1 0.000000 0.449224 0.463983 0.441011 0.453529 0.451795 0.416901 0.455893 0.428672 0.412967 0.454866
2 0.465444 0.000000 0.334979 0.384831 0.388539 0.458128 0.405634 0.478138 0.406184 0.397463 0.429478
3 0.509887 0.332863 0.000000 0.445927 0.429071 0.492611 0.461972 0.493296 0.463809 0.458069 0.417489
4 0.445225 0.377107 0.412219 0.000000 0.287212 0.437500 0.392556 0.448034 0.422051 0.416433 0.373596
5 0.464710 0.388539 0.399022 0.291405 0.000000 0.443746 0.399022 0.456324 0.408805 0.406709 0.373864
6 0.460943 0.441942 0.456721 0.436096 0.440252 0.000000 0.356791 0.414497 0.390724 0.352569 0.429979
7 0.461972 0.434507 0.467606 0.437500 0.438854 0.398311 0.000000 0.409155 0.384399 0.328169 0.425352
8 0.500353 0.478843 0.496824 0.491573 0.497554 0.453202 0.409859 0.000000 0.413914 0.417195 0.483075
9 0.426564 0.390724 0.423753 0.403792 0.399720 0.384399 0.342937 0.378777 0.000000 0.349262 0.411806
10 0.453841 0.424947 0.460888 0.455056 0.448637 0.387051 0.326761 0.415081 0.394238 0.000000 0.440451
11 0.458392 0.388575 0.385755 0.370787 0.368973 0.432794 0.387324 0.442172 0.414617 0.403805 0.000000
