11
1 0.000000 0.571839 0.559267 0.505747 0.559986 0.545422 0.531250 0.539871 0.656250 0.514521 0.594109
2 0.547773 0.000000 0.525216 0.474766 0.489177 0.402513 0.425325 0.432540 0.606192 0.422374 0.274892
3 0.535201 0.514769 0.000000 0.481268 0.293228 0.504129 0.518012 0.515850 0.587833 0.479742 0.521254
4 0.479885 0.477650 0.488833 0.000000 0.455660 0.438420 0.459265 0.458544 0.576674 0.453926 0.493872
5 0.523707 0.474026 0.294669 0.449171 0.000000 0.458887 0.474368 0.480679 0.562275 0.457153 0.485363
6 0.528905 0.408618 0.516697 0.456014 0.485099 0.000000 0.252424 0.326032 0.610413 0.379706 0.460682
7 0.535920 0.427850 0.523415 0.459986 0.487365 0.247397 0.000000 0.321300 0.595032 0.401219 0.460289
8 0.541307 0.439033 0.518372 0.458544 0.483568 0.304129 0.316968 0.000000 0.600432 0.403729 0.472734
9 0.633980 0.610871 0.598992 0.582073 0.577754 0.605386 0.600432 0.630310 0.000000 0.578344 0.629590
10 0.532449 0.430262 0.500896 0.467551 0.473288 0.392614 0.412693 0.424166 0.566511 0.000000 0.445321
11 0.568247 0.272367 0.534222 0.487383 0.498012 0.449192 0.466787 0.468761 0.612671 0.435999 0.000000
