11
1 0.000000 0.570526 0.571930 0.564211 0.581754 0.563509 0.556491 0.569123 0.566316 0.585965 0.573333
2 0.611228 0.000000 0.572535 0.597183 0.365493 0.590141 0.553521 0.431690 0.592254 0.590845 0.581690
3 0.597895 0.563380 0.000000 0.542999 0.559117 0.568892 0.565678 0.569602 0.537749 0.561972 0.554131
4 0.549474 0.542253 0.499645 0.000000 0.540867 0.507102 0.480226 0.546875 0.391613 0.528873 0.398721
5 0.607719 0.352817 0.556980 0.582800 0.000000 0.580256 0.564972 0.424006 0.564815 0.569014 0.575823
6 0.549474 0.538028 0.522017 0.505682 0.540483 0.000000 0.338277 0.546165 0.532670 0.378873 0.525568
7 0.552281 0.526056 0.529661 0.486582 0.536017 0.346751 0.000000 0.532486 0.510593 0.358451 0.514124
8 0.600702 0.422535 0.573864 0.593750 0.426136 0.593750 0.566384 0.000000 0.583097 0.573944 0.568182
9 0.590877 0.576056 0.532764 0.425728 0.560541 0.573864 0.547316 0.573864 0.000000 0.571127 0.368946
10 0.579649 0.544366 0.533099 0.537324 0.543662 0.388732 0.366901 0.546479 0.535211 0.000000 0.532394
11 0.604912 0.529577 0.500000 0.388770 0.530043 0.512074 0.493644 0.509943 0.341168 0.513380 0.000000
