11
1 0.000000 0.183051 0.172881 0.181356 0.162712 0.164407 0.178752 0.174576 0.176271 0.171186 0.149153
2 0.186441 0.000000 0.169492 0.189831 0.120339 0.167797 0.145025 0.172881 0.171186 0.162712 0.157627
3 0.166102 0.159322 0.000000 0.161512 0.167797 0.143836 0.177066 0.148464 0.160410 0.164966 0.131849
4 0.169492 0.172881 0.156357 0.000000 0.174576 0.159247 0.180438 0.107509 0.153584 0.173469 0.133562
5 0.167797 0.120339 0.177966 0.191525 0.000000 0.162712 0.131535 0.183051 0.179661 0.127119 0.166102
6 0.157627 0.155932 0.145548 0.164384 0.150847 0.000000 0.175379 0.134812 0.146758 0.163265 0.135274
7 0.187184 0.153457 0.195616 0.200675 0.136594 0.190556 0.000000 0.188870 0.193929 0.111298 0.160202
8 0.171186 0.166102 0.150171 0.117747 0.172881 0.136519 0.182125 0.000000 0.155290 0.164966 0.126280
9 0.172881 0.166102 0.167235 0.165529 0.174576 0.151877 0.178752 0.156997 0.000000 0.170068 0.138225
10 0.169492 0.157627 0.168367 0.183673 0.120339 0.164966 0.099494 0.164966 0.170068 0.000000 0.141156
11 0.145763 0.150847 0.135274 0.142123 0.155932 0.138699 0.146712 0.126280 0.138225 0.141156 0.000000
