11
1 0.000000 0.582759 0.553498 0.557301 0.582889 0.555817 0.574712 0.550131 0.567206 0.573628 0.530276
2 0.581096 0.000000 0.520823 0.502208 0.396457 0.485142 0.400271 0.489169 0.509915 0.397863 0.468525
3 0.553652 0.522563 0.000000 0.496036 0.530954 0.494184 0.522254 0.480724 0.505433 0.518967 0.463576
4 0.554283 0.502014 0.494683 0.000000 0.506034 0.454268 0.494015 0.325778 0.452760 0.492373 0.393589
5 0.583662 0.397308 0.530567 0.508316 0.000000 0.488156 0.406939 0.501392 0.511836 0.405740 0.477496
6 0.556899 0.486727 0.495653 0.457939 0.487963 0.000000 0.481935 0.439662 0.469724 0.477298 0.420998
7 0.573899 0.400465 0.520978 0.494596 0.405276 0.479346 0.000000 0.487970 0.505308 0.282562 0.464813
8 0.548816 0.489827 0.480724 0.328330 0.500928 0.438386 0.489904 0.000000 0.440082 0.484759 0.378548
9 0.565155 0.509605 0.504621 0.453496 0.511062 0.466401 0.506277 0.438341 0.000000 0.500774 0.352409
10 0.572893 0.398405 0.518580 0.495509 0.404812 0.476023 0.282562 0.483947 0.500813 0.000000 0.461295
11 0.528768 0.469415 0.463421 0.396064 0.476375 0.418950 0.465548 0.376846 0.353066 0.461372 0.000000
