11
1 0.000000 0.216476 0.215550 0.231744 0.230236 0.227056 0.230660 0.233120 0.218053 0.214747 0.215236
2 0.218340 0.000000 0.144716 0.207677 0.205831 0.205214 0.205509 0.204254 0.192642 0.146605 0.093866
3 0.217217 0.145128 0.000000 0.207612 0.204853 0.203494 0.202236 0.205695 0.194872 0.100276 0.141078
4 0.234002 0.207319 0.208042 0.000000 0.138648 0.136606 0.196584 0.223518 0.188735 0.208053 0.208286
5 0.231419 0.205652 0.205838 0.138487 0.000000 0.121555 0.195727 0.221684 0.190008 0.207199 0.205335
6 0.229135 0.204479 0.204336 0.137628 0.121967 0.000000 0.194660 0.218294 0.186418 0.205250 0.203763
7 0.231772 0.204917 0.202523 0.196871 0.195673 0.194159 0.000000 0.221448 0.187213 0.201893 0.202556
8 0.234178 0.204380 0.204064 0.222658 0.221362 0.218187 0.221161 0.000000 0.209502 0.200832 0.202220
9 0.218681 0.192678 0.194316 0.188968 0.189344 0.185469 0.186676 0.210219 0.000000 0.191753 0.192399
10 0.215948 0.146551 0.099846 0.207319 0.206805 0.202921 0.201606 0.201352 0.191144 0.000000 0.143180
11 0.215361 0.093705 0.140970 0.207211 0.205084 0.202598 0.202448 0.201825 0.191951 0.143359 0.000000
