11
1 0.000000 0.503731 0.460587 0.473615 0.474582 0.465883 0.479494 0.479569 0.467468 0.479221 0.463680
2 0.498976 0.000000 0.442272 0.322307 0.325989 0.444505 0.449152 0.337912 0.371418 0.459052 0.441263
3 0.460896 0.444706 0.000000 0.401507 0.406801 0.402164 0.319474 0.408887 0.401971 0.413794 0.402821
4 0.471450 0.323894 0.399691 0.000000 0.279519 0.410267 0.406053 0.294259 0.316341 0.414160 0.412527
5 0.472417 0.328467 0.405796 0.279635 0.000000 0.410886 0.412006 0.276815 0.318391 0.431018 0.406709
6 0.464221 0.446323 0.401198 0.410616 0.412975 0.000000 0.411967 0.408681 0.401083 0.405614 0.222871
7 0.481079 0.452592 0.319745 0.408102 0.413552 0.413629 0.000000 0.415175 0.409455 0.427622 0.409648
8 0.477017 0.338918 0.406994 0.294452 0.276466 0.408178 0.412431 0.000000 0.315452 0.429162 0.409728
9 0.467043 0.375595 0.402743 0.317772 0.319745 0.402398 0.409880 0.318236 0.000000 0.417214 0.406498
10 0.477790 0.461488 0.411437 0.414546 0.432990 0.405344 0.425689 0.429936 0.416634 0.000000 0.407664
11 0.461631 0.443430 0.400696 0.412991 0.408064 0.222910 0.407986 0.411004 0.404138 0.406890 0.000000
