11
1 0.000000 0.682165 0.675052 0.739708 0.740592 0.684800 0.673701 0.667223 0.700485 0.680389 0.679860
2 0.682165 0.000000 0.340553 0.634369 0.631830 0.462706 0.298959 0.448842 0.524400 0.357481 0.359709
3 0.674813 0.340633 0.000000 0.625229 0.622213 0.439777 0.327492 0.436246 0.521181 0.356209 0.347508
4 0.739668 0.634369 0.625109 0.000000 0.487622 0.625710 0.620688 0.619184 0.649062 0.631393 0.628209
5 0.740632 0.631909 0.622094 0.487781 0.000000 0.623803 0.620584 0.614296 0.644983 0.629446 0.626942
6 0.684920 0.462786 0.439857 0.625710 0.623803 0.000000 0.442559 0.463702 0.529267 0.450427 0.447328
7 0.673422 0.298879 0.327372 0.620609 0.620385 0.442400 0.000000 0.439146 0.511842 0.352990 0.345653
8 0.667422 0.449080 0.436405 0.619422 0.614336 0.463742 0.439385 0.000000 0.517821 0.457424 0.449875
9 0.700763 0.524519 0.521141 0.649181 0.644943 0.529307 0.512001 0.517781 0.000000 0.525492 0.526228
10 0.680350 0.357600 0.356328 0.631512 0.629605 0.450387 0.353189 0.457305 0.525492 0.000000 0.310590
11 0.679781 0.359709 0.347468 0.628169 0.626823 0.447129 0.345732 0.449676 0.526069 0.310471 0.000000
