11
1 0.000000 0.726548 0.733384 0.718952 0.756172 0.778580 0.749715 0.734523 0.740600 0.745254 0.772503
2 0.726548 0.000000 0.631599 0.595898 0.631599 0.650209 0.622864 0.587923 0.606532 0.602506 0.657805
3 0.737182 0.631979 0.000000 0.509305 0.630080 0.698443 0.664641 0.600456 0.635777 0.526955 0.684770
4 0.720091 0.594379 0.508545 0.000000 0.593845 0.656665 0.637296 0.563070 0.615648 0.447229 0.645272
5 0.756551 0.629320 0.629320 0.593845 0.000000 0.693506 0.660843 0.388298 0.634257 0.601746 0.693885
6 0.780099 0.649829 0.697303 0.657045 0.693885 0.000000 0.672237 0.674136 0.671098 0.670463 0.500950
7 0.750475 0.621344 0.663502 0.635017 0.662362 0.671477 0.000000 0.628181 0.412457 0.636295 0.687809
8 0.735283 0.587163 0.599696 0.563070 0.388678 0.674896 0.628940 0.000000 0.600456 0.586181 0.680213
9 0.741360 0.606153 0.635017 0.615268 0.636156 0.671477 0.412457 0.601215 0.000000 0.605543 0.679073
10 0.746393 0.602506 0.526196 0.447229 0.602126 0.670084 0.637813 0.586560 0.605543 0.000000 0.656796
11 0.772123 0.656665 0.683251 0.644512 0.693885 0.500190 0.689328 0.679453 0.679453 0.656416 0.000000
