11
1 0.000000 0.230888 0.220515 0.229309 0.202475 0.265164 0.219744 0.233705 0.228394 0.217554 0.234423
2 0.229829 0.000000 0.213485 0.157020 0.166197 0.241156 0.188068 0.158997 0.200057 0.187443 0.197673
3 0.218577 0.214311 0.000000 0.208402 0.180167 0.245951 0.200187 0.215763 0.208672 0.198592 0.212560
4 0.228411 0.157917 0.211005 0.000000 0.168027 0.241257 0.189892 0.166191 0.199946 0.186679 0.197163
5 0.201883 0.167309 0.181279 0.169640 0.000000 0.215924 0.156478 0.173030 0.169138 0.154452 0.177567
6 0.264446 0.240348 0.246920 0.241185 0.213413 0.000000 0.228787 0.243375 0.239253 0.228576 0.243168
7 0.218954 0.189576 0.200582 0.189282 0.155599 0.229146 0.000000 0.192762 0.136414 0.125947 0.194765
8 0.233059 0.160719 0.219029 0.166460 0.171667 0.246174 0.193803 0.000000 0.205985 0.193337 0.198522
9 0.222454 0.195261 0.204253 0.195278 0.162145 0.235356 0.131477 0.199598 0.000000 0.124441 0.198463
10 0.216837 0.188735 0.199957 0.187756 0.153304 0.227876 0.125875 0.192762 0.129935 0.000000 0.193996
11 0.234405 0.198265 0.213063 0.197181 0.176598 0.243114 0.195537 0.199042 0.203617 0.193098 0.000000
