11
1 0.000000 0.845942 0.849966 0.850069 0.848589 0.846524 0.847213 0.849966 0.846630 0.841128 0.851444
2 0.843879 0.000000 0.830124 0.821183 0.819120 0.742779 0.821871 0.833563 0.839752 0.837001 0.833563
3 0.846524 0.828061 0.000000 0.833563 0.838266 0.837577 0.834136 0.838954 0.825997 0.832187 0.841816
4 0.849381 0.825310 0.834938 0.000000 0.832875 0.827373 0.832187 0.784732 0.837689 0.837689 0.832187
5 0.847901 0.817744 0.837577 0.831499 0.000000 0.815554 0.836201 0.838954 0.837689 0.838377 0.841816
6 0.842395 0.742779 0.836201 0.822558 0.814178 0.000000 0.829201 0.830579 0.834250 0.840440 0.837689
7 0.845148 0.819807 0.832760 0.829436 0.834825 0.829890 0.000000 0.828512 0.832875 0.770977 0.835626
8 0.847213 0.831499 0.838954 0.779917 0.838266 0.831956 0.829201 0.000000 0.843191 0.837689 0.839065
9 0.849381 0.838377 0.827373 0.837689 0.840440 0.838377 0.837689 0.846630 0.000000 0.839752 0.837001
10 0.840440 0.834250 0.832187 0.835626 0.840440 0.843191 0.773040 0.837689 0.835626 0.000000 0.835626
11 0.850757 0.831499 0.839752 0.831499 0.843191 0.840440 0.835626 0.838377 0.833563 0.835626 0.000000
