11
1 0.000000 0.729967 0.747374 0.729685 0.726921 0.733591 0.725166 0.724062 0.727974 0.733554 0.746269
2 0.733260 0.000000 0.726674 0.650384 0.647640 0.431943 0.658068 0.672338 0.694292 0.677827 0.704720
3 0.742399 0.700329 0.000000 0.709192 0.696350 0.684501 0.709161 0.709713 0.666300 0.676454 0.728635
4 0.722499 0.644896 0.694150 0.000000 0.647677 0.646994 0.665563 0.521523 0.694383 0.672576 0.670921
5 0.713654 0.648738 0.699115 0.658186 0.000000 0.603971 0.698124 0.676049 0.687225 0.704093 0.717367
6 0.740210 0.428101 0.702151 0.661335 0.611693 0.000000 0.675124 0.660232 0.687225 0.699945 0.706564
7 0.732892 0.644347 0.711921 0.694260 0.698676 0.666851 0.000000 0.666667 0.695485 0.503311 0.689846
8 0.735099 0.680022 0.724614 0.534768 0.687638 0.662438 0.676600 0.000000 0.705396 0.706954 0.697572
9 0.722467 0.677278 0.674009 0.716410 0.690529 0.671806 0.684471 0.672907 0.000000 0.674009 0.692731
10 0.725815 0.667947 0.686427 0.693075 0.692478 0.700496 0.502759 0.691501 0.679515 0.000000 0.710803
11 0.742399 0.687157 0.725305 0.685905 0.715155 0.709873 0.690949 0.678808 0.700441 0.703047 0.000000
