11
1 0.000000 0.950858 0.967610 0.952269 0.965465 0.971984 0.960062 0.970319 0.946199 0.961568 0.975918
2 0.951096 0.000000 0.955029 0.927419 0.949627 0.953202 0.937550 0.954036 0.938185 0.939377 0.968536
3 0.967292 0.955069 0.000000 0.948533 0.837778 0.970474 0.962566 0.967737 0.960106 0.959701 0.975719
4 0.951872 0.927618 0.948613 0.000000 0.948575 0.953426 0.881020 0.952559 0.937617 0.906168 0.956446
5 0.965664 0.949706 0.837579 0.948536 0.000000 0.971308 0.961850 0.969684 0.958716 0.963518 0.976117
6 0.971865 0.953162 0.970990 0.953028 0.971427 0.000000 0.964910 0.742212 0.963683 0.960539 0.905699
7 0.959744 0.937510 0.962526 0.880941 0.961691 0.964910 0.000000 0.958280 0.952994 0.926125 0.967771
8 0.970399 0.953758 0.968055 0.952599 0.969882 0.742252 0.958320 0.000000 0.962770 0.960863 0.896376
9 0.946160 0.938265 0.960226 0.937696 0.958795 0.963643 0.952875 0.962770 0.000000 0.949140 0.971431
10 0.961369 0.938980 0.959741 0.906089 0.963438 0.960539 0.926085 0.960863 0.949060 0.000000 0.965665
11 0.975958 0.968695 0.975799 0.956764 0.976037 0.905818 0.967811 0.896416 0.971510 0.965705 0.000000
