11
1 0.000000 0.976678 0.979959 0.978363 0.978983 0.975398 0.978937 0.977338 0.979166 0.975943 0.979903
2 0.976125 0.000000 0.962125 0.961449 0.963787 0.945133 0.964454 0.962849 0.962420 0.959786 0.964845
3 0.979347 0.962263 0.000000 0.968009 0.967951 0.963560 0.970619 0.970528 0.967969 0.967647 0.972019
4 0.978245 0.961943 0.968780 0.000000 0.925661 0.961015 0.970441 0.969146 0.964336 0.966936 0.972000
5 0.980937 0.966017 0.970675 0.927930 0.000000 0.962435 0.971050 0.971563 0.967991 0.967576 0.971582
6 0.977962 0.947323 0.966657 0.963126 0.962810 0.000000 0.967664 0.964132 0.963442 0.961429 0.966460
7 0.979254 0.965581 0.971192 0.970244 0.968978 0.965138 0.000000 0.899897 0.970695 0.933813 0.841813
8 0.978483 0.965237 0.972620 0.971041 0.971582 0.963501 0.900865 0.000000 0.971535 0.935726 0.901595
9 0.979838 0.963625 0.970300 0.965264 0.967142 0.961765 0.971544 0.970962 0.000000 0.967871 0.972037
10 0.977167 0.961228 0.969089 0.967943 0.966412 0.960482 0.933872 0.935430 0.967851 0.000000 0.938118
11 0.980101 0.966248 0.973283 0.971941 0.969885 0.964310 0.841556 0.900825 0.970872 0.937585 0.000000
