11
1 0.000000 0.548601 0.529455 0.519132 0.516200 0.510490 0.507732 0.524650 0.515096 0.520987 0.500919
2 0.548601 0.000000 0.492636 0.371965 0.363034 0.493191 0.476804 0.370493 0.410162 0.500736 0.488415
3 0.529087 0.491900 0.000000 0.467991 0.468336 0.455282 0.368189 0.474246 0.460972 0.431517 0.450901
4 0.519868 0.372701 0.470199 0.000000 0.304268 0.474982 0.462840 0.329654 0.370861 0.471302 0.456050
5 0.516937 0.362298 0.466495 0.302428 0.000000 0.463011 0.444404 0.297277 0.375184 0.474595 0.449062
6 0.509017 0.495767 0.455282 0.474614 0.463747 0.000000 0.441664 0.462104 0.461170 0.455650 0.267745
7 0.506627 0.476436 0.367452 0.461001 0.443667 0.441296 0.000000 0.448859 0.438144 0.460236 0.418904
8 0.525754 0.371229 0.473878 0.328550 0.298749 0.462472 0.450331 0.000000 0.373068 0.491170 0.450901
9 0.514728 0.409426 0.460236 0.367182 0.375184 0.459330 0.437776 0.372701 0.000000 0.469809 0.446855
10 0.522460 0.503314 0.433726 0.472038 0.475700 0.454545 0.461340 0.492642 0.471281 0.000000 0.459360
11 0.501287 0.490254 0.452372 0.457521 0.451269 0.268113 0.420743 0.451637 0.450901 0.461199 0.000000
