11
1 0.000000 0.597501 0.562505 0.563660 0.592831 0.612027 0.542599 0.608893 0.609437 0.602899 0.592163
2 0.599783 0.000000 0.543925 0.558276 0.499594 0.590461 0.528026 0.592124 0.522107 0.511934 0.576844
3 0.562466 0.542764 0.000000 0.505538 0.534583 0.538232 0.472504 0.537913 0.556502 0.545697 0.534893
4 0.563931 0.556303 0.504570 0.000000 0.546926 0.571512 0.442917 0.557690 0.567533 0.548321 0.503777
5 0.592095 0.498163 0.534312 0.547391 0.000000 0.594807 0.525405 0.593904 0.505346 0.489866 0.572718
6 0.613923 0.590461 0.540709 0.573137 0.596200 0.000000 0.553169 0.455034 0.600186 0.598406 0.587416
7 0.542135 0.525976 0.471923 0.443227 0.526992 0.552550 0.000000 0.542832 0.546821 0.522500 0.460499
8 0.609861 0.591157 0.538572 0.558581 0.594097 0.454222 0.543529 0.000000 0.604206 0.598397 0.581936
9 0.609088 0.519748 0.557935 0.568230 0.504881 0.599064 0.546317 0.603935 0.000000 0.414465 0.588479
10 0.602860 0.508182 0.542599 0.547779 0.489518 0.595349 0.522694 0.596692 0.415162 0.000000 0.574436
11 0.591388 0.574910 0.532995 0.502576 0.571788 0.583082 0.459182 0.580270 0.587085 0.573505 0.000000
