11
1 0.000000 0.754672 0.742115 0.756156 0.755399 0.753437 0.773220 0.751905 0.774487 0.747880 0.751866
2 0.756556 0.000000 0.714392 0.624961 0.728879 0.729036 0.752885 0.619190 0.757773 0.720752 0.730567
3 0.743137 0.712743 0.000000 0.712799 0.711026 0.670319 0.739578 0.713012 0.742283 0.664769 0.667020
4 0.756470 0.623273 0.713702 0.000000 0.730425 0.725523 0.749941 0.579900 0.755174 0.718279 0.729136
5 0.756734 0.727701 0.712440 0.731839 0.000000 0.714207 0.729921 0.722846 0.727872 0.713215 0.725084
6 0.751787 0.726052 0.668905 0.723835 0.711694 0.000000 0.742561 0.721698 0.744953 0.540868 0.618640
7 0.774672 0.751786 0.739656 0.750962 0.729685 0.745230 0.000000 0.751394 0.660281 0.738204 0.749666
8 0.753476 0.618208 0.712973 0.580568 0.722296 0.723034 0.751237 0.000000 0.749431 0.718750 0.727905
9 0.774920 0.755928 0.742361 0.755567 0.726577 0.746485 0.659692 0.750334 0.000000 0.739793 0.754104
10 0.748390 0.718986 0.665319 0.718514 0.712469 0.542988 0.738086 0.719574 0.740539 0.000000 0.610553
11 0.751669 0.728211 0.666274 0.729176 0.724260 0.619543 0.747586 0.727905 0.753358 0.609297 0.000000
