11
1 0.000000 0.477387 0.486486 0.489865 0.488176 0.486486 0.489865 0.494932 0.479730 0.480607 0.479730
2 0.485762 0.000000 0.477387 0.470687 0.443886 0.333333 0.475712 0.452261 0.474037 0.472362 0.465662
3 0.481419 0.467337 0.000000 0.470187 0.484694 0.459044 0.479661 0.481229 0.466780 0.463744 0.480541
4 0.486486 0.458961 0.470187 0.000000 0.488095 0.459966 0.455932 0.403748 0.475298 0.463744 0.460237
5 0.479730 0.447236 0.481293 0.491497 0.000000 0.467687 0.469492 0.479592 0.486395 0.473862 0.485618
6 0.478041 0.324958 0.457338 0.453152 0.454082 0.000000 0.462712 0.430769 0.456559 0.470489 0.465313
7 0.481419 0.467337 0.484746 0.455932 0.466102 0.474576 0.000000 0.466102 0.459322 0.387858 0.450085
8 0.483108 0.432161 0.481229 0.403748 0.472789 0.439316 0.467797 0.000000 0.473595 0.460371 0.465313
9 0.486486 0.455611 0.470187 0.478705 0.489796 0.466780 0.462712 0.485520 0.000000 0.478921 0.475465
10 0.482293 0.457286 0.463744 0.460371 0.475548 0.482293 0.384486 0.465430 0.472175 0.000000 0.472175
11 0.479730 0.463987 0.475465 0.458545 0.485618 0.473773 0.456853 0.468697 0.482233 0.473862 0.000000
