11
1 0.000000 0.630044 0.641914 0.634763 0.640579 0.655678 0.631569 0.616386 0.635547 0.626484 0.666239
2 0.637381 0.000000 0.559956 0.523836 0.527126 0.548535 0.529756 0.504949 0.516697 0.533516 0.566954
3 0.640631 0.550422 0.000000 0.412541 0.541422 0.581136 0.548801 0.511730 0.553355 0.366027 0.576479
4 0.644114 0.549688 0.430510 0.000000 0.536290 0.585348 0.546420 0.516496 0.550788 0.371872 0.586921
5 0.642595 0.554252 0.556635 0.538123 0.000000 0.601099 0.573704 0.324047 0.567449 0.532785 0.610185
6 0.652564 0.555311 0.578571 0.580220 0.579121 0.000000 0.591284 0.557143 0.571612 0.556164 0.397253
7 0.632302 0.536715 0.558872 0.548984 0.573888 0.602088 0.000000 0.553012 0.316242 0.535160 0.593298
8 0.612353 0.510081 0.514846 0.498717 0.311217 0.558059 0.529207 0.000000 0.528592 0.492055 0.566221
9 0.625092 0.531743 0.573524 0.551522 0.555902 0.593223 0.307453 0.536474 0.000000 0.541735 0.575563
10 0.634155 0.531324 0.376073 0.374795 0.533333 0.573699 0.534977 0.511050 0.542100 0.000000 0.574429
11 0.681993 0.585272 0.592050 0.576296 0.597545 0.400733 0.577550 0.574098 0.570800 0.569863 0.000000
