11
1 0.000000 0.478528 0.502523 0.523277 0.521334 0.600000 0.535354 0.517204 0.501263 0.525442 0.534750
2 0.473475 0.000000 0.435112 0.513894 0.306203 0.562883 0.357504 0.389964 0.200289 0.328762 0.495859
3 0.505047 0.444485 0.000000 0.355804 0.474722 0.548468 0.493872 0.504301 0.458183 0.482696 0.343176
4 0.560448 0.512450 0.360851 0.000000 0.526354 0.608288 0.554113 0.558781 0.537351 0.536268 0.360821
5 0.530656 0.313374 0.482610 0.533166 0.000000 0.564360 0.395841 0.413620 0.322338 0.368949 0.533166
6 0.606126 0.561441 0.547387 0.598559 0.587666 0.000000 0.600000 0.620072 0.564324 0.589189 0.582643
7 0.536075 0.364719 0.492430 0.553752 0.395841 0.598919 0.000000 0.400717 0.357864 0.298341 0.544112
8 0.512545 0.368100 0.473477 0.526523 0.377061 0.592832 0.394982 0.000000 0.353405 0.354122 0.516129
9 0.470227 0.198484 0.434751 0.518946 0.294012 0.520000 0.356782 0.372760 0.000000 0.298805 0.473172
10 0.527968 0.326236 0.481255 0.533742 0.360344 0.587748 0.296898 0.359140 0.318363 0.000000 0.518185
11 0.510623 0.495139 0.344977 0.359381 0.523844 0.580843 0.543752 0.546595 0.512063 0.517825 0.000000
