11
1 0.000000 0.378608 0.324232 0.339012 0.365320 0.336192 0.335605 0.331633 0.358362 0.398990 0.344482
2 0.388795 0.000000 0.314092 0.325976 0.326599 0.305603 0.303905 0.288625 0.303905 0.372054 0.299331
3 0.336177 0.310696 0.000000 0.267462 0.297980 0.180887 0.117547 0.217687 0.127986 0.355219 0.188963
4 0.328790 0.320883 0.260647 0.000000 0.274411 0.248722 0.255537 0.224490 0.260647 0.318182 0.247492
5 0.385522 0.343434 0.311448 0.291246 0.000000 0.309764 0.297980 0.282828 0.301347 0.324916 0.294314
6 0.343053 0.300509 0.180887 0.252129 0.294613 0.000000 0.161840 0.205782 0.180887 0.341751 0.187291
7 0.339012 0.297114 0.119250 0.255537 0.282828 0.160136 0.000000 0.197279 0.109029 0.338384 0.178930
8 0.346939 0.281834 0.222789 0.226190 0.271044 0.210884 0.204082 0.000000 0.215986 0.328283 0.219064
9 0.358362 0.305603 0.127986 0.257240 0.286195 0.177474 0.109029 0.207483 0.000000 0.335017 0.188963
10 0.402357 0.377104 0.360269 0.329966 0.323232 0.355219 0.356902 0.333333 0.360269 0.000000 0.341137
11 0.359532 0.311037 0.207358 0.259197 0.287625 0.204013 0.200669 0.232441 0.212375 0.342809 0.000000
