11
1 0.000000 0.697538 0.707093 0.689820 0.723999 0.742007 0.720691 0.703418 0.710033 0.715178 0.737596
2 0.696435 0.000000 0.609639 0.573584 0.607800 0.624724 0.598234 0.568065 0.582781 0.581678 0.631018
3 0.705255 0.608904 0.000000 0.490434 0.608904 0.673289 0.639441 0.580942 0.612215 0.508830 0.655641
4 0.688717 0.575423 0.490434 0.000000 0.573951 0.634523 0.612951 0.544886 0.592197 0.430412 0.619625
5 0.725101 0.608168 0.608168 0.574687 0.000000 0.666667 0.636129 0.369389 0.613319 0.580206 0.670709
6 0.740537 0.623620 0.671818 0.633051 0.665195 0.000000 0.645695 0.644960 0.644093 0.644093 0.483278
7 0.719588 0.603017 0.638705 0.611847 0.633922 0.649375 0.000000 0.604856 0.395511 0.614054 0.661889
8 0.704520 0.569904 0.580574 0.544518 0.369757 0.648271 0.604489 0.000000 0.577999 0.564386 0.654906
9 0.708196 0.581678 0.611479 0.589621 0.610375 0.644461 0.395879 0.578366 0.000000 0.583364 0.653804
10 0.711136 0.578734 0.505519 0.430044 0.576895 0.642989 0.612583 0.562914 0.583732 0.000000 0.628813
11 0.736861 0.631753 0.656744 0.620360 0.670709 0.484013 0.664094 0.654539 0.656744 0.632856 0.000000
