11
1 0.000000 0.059985 0.047678 0.056047 0.053558 0.061370 0.050551 0.051591 0.059740 0.058503 0.051943
2 0.060917 0.000000 0.044424 0.056363 0.047561 0.056794 0.047131 0.052129 0.038490 0.058981 0.047597
3 0.047839 0.043671 0.000000 0.043223 0.037185 0.045974 0.023965 0.039222 0.043940 0.046218 0.035893
4 0.056674 0.055987 0.043743 0.000000 0.049805 0.057876 0.046721 0.039061 0.055526 0.041555 0.049106
5 0.053379 0.046414 0.036754 0.048962 0.000000 0.049781 0.039501 0.045012 0.045877 0.051777 0.039697
6 0.061567 0.055951 0.045884 0.057464 0.050140 0.000000 0.048093 0.053527 0.055293 0.060350 0.049279
7 0.050694 0.046414 0.024090 0.046416 0.039967 0.048111 0.000000 0.042108 0.046397 0.049894 0.039070
8 0.052487 0.052147 0.039993 0.039419 0.046141 0.054387 0.042825 0.000000 0.051914 0.042431 0.044761
9 0.060225 0.037970 0.044263 0.055436 0.046558 0.055418 0.046648 0.051358 0.000000 0.058306 0.047114
10 0.058826 0.058407 0.046522 0.041357 0.052477 0.060565 0.050145 0.041947 0.058306 0.000000 0.050952
11 0.050508 0.045213 0.034386 0.047097 0.038531 0.047736 0.037509 0.042359 0.045321 0.049249 0.000000
