11
1 0.000000 0.884384 0.871926 0.893287 0.887530 0.900420 0.887106 0.885219 0.884426 0.888259 0.887208
2 0.880913 0.000000 0.675897 0.794053 0.828191 0.892603 0.742477 0.783394 0.861603 0.606575 0.817420
3 0.873019 0.689743 0.000000 0.754600 0.806704 0.891419 0.687193 0.746584 0.850428 0.693205 0.787211
4 0.890551 0.789310 0.744762 0.000000 0.804451 0.893105 0.755973 0.757753 0.860088 0.792229 0.802660
5 0.887165 0.831294 0.811988 0.811930 0.000000 0.895381 0.809046 0.794708 0.852657 0.848640 0.755102
6 0.899324 0.893516 0.889780 0.892557 0.895381 0.000000 0.882728 0.894708 0.901771 0.900238 0.885568
7 0.885829 0.743024 0.675533 0.765092 0.802845 0.884187 0.000000 0.768740 0.861025 0.746489 0.795189
8 0.888869 0.789051 0.746220 0.766873 0.795255 0.895620 0.771475 0.000000 0.851095 0.789234 0.810496
9 0.882235 0.859412 0.852614 0.860270 0.849735 0.900310 0.863578 0.848358 0.000000 0.868906 0.835824
10 0.880212 0.604384 0.691565 0.793871 0.845718 0.893843 0.746307 0.787956 0.863064 0.000000 0.841655
11 0.889213 0.824344 0.787211 0.806669 0.755102 0.888484 0.799927 0.810678 0.839104 0.848579 0.000000
