11
1 0.000000 0.574074 0.575597 0.584656 0.587302 0.580902 0.584656 0.560847 0.616402 0.584656 0.576720
2 0.582011 0.000000 0.529101 0.492063 0.552910 0.523810 0.539683 0.502645 0.592593 0.550265 0.539683
3 0.594164 0.531746 0.000000 0.537037 0.531746 0.458886 0.560847 0.537037 0.547619 0.502645 0.462963
4 0.595238 0.492063 0.542328 0.000000 0.587302 0.521164 0.486772 0.462963 0.587302 0.539683 0.537037
5 0.608466 0.552910 0.531746 0.587302 0.000000 0.534392 0.587302 0.571429 0.595238 0.563492 0.560847
6 0.596817 0.523810 0.458886 0.521164 0.534392 0.000000 0.523810 0.537037 0.547619 0.484127 0.481481
7 0.597884 0.539683 0.560847 0.486772 0.597884 0.523810 0.000000 0.531746 0.584656 0.539683 0.539683
8 0.568783 0.502645 0.537037 0.462963 0.571429 0.539683 0.531746 0.000000 0.595238 0.542328 0.529101
9 0.621693 0.582011 0.544974 0.582011 0.592593 0.547619 0.582011 0.595238 0.000000 0.568783 0.566138
10 0.589947 0.537037 0.502645 0.531746 0.555556 0.476190 0.531746 0.534392 0.560847 0.000000 0.373016
11 0.587302 0.542328 0.468254 0.539683 0.552910 0.484127 0.539683 0.531746 0.558201 0.375661 0.000000
