11
1 0.000000 0.434091 0.450000 0.476082 0.465909 0.459091 0.434091 0.452273 0.440909 0.469388 0.458050
2 0.434091 0.000000 0.363636 0.388636 0.400000 0.390909 0.370455 0.370455 0.372727 0.367347 0.410431
3 0.450000 0.363636 0.000000 0.318182 0.404545 0.388636 0.388636 0.377273 0.390909 0.333333 0.405896
4 0.478360 0.381818 0.315909 0.000000 0.393182 0.345455 0.400000 0.375000 0.395455 0.321995 0.401361
5 0.468182 0.400000 0.402273 0.395455 0.000000 0.390909 0.404545 0.252273 0.420455 0.399093 0.419501
6 0.459091 0.386364 0.388636 0.345455 0.390909 0.000000 0.375000 0.354545 0.375000 0.392290 0.299320
7 0.434091 0.368182 0.388636 0.404545 0.411364 0.375000 0.000000 0.395455 0.211364 0.383220 0.399093
8 0.456818 0.370455 0.377273 0.372727 0.250000 0.350000 0.395455 0.000000 0.379545 0.367347 0.392290
9 0.440909 0.375000 0.388636 0.397727 0.422727 0.375000 0.209091 0.377273 0.000000 0.376417 0.408163
10 0.473923 0.367347 0.331066 0.326531 0.401361 0.392290 0.383220 0.369615 0.376417 0.000000 0.401361
11 0.455782 0.414966 0.405896 0.405896 0.419501 0.301587 0.403628 0.394558 0.410431 0.405896 0.000000
