11
1 0.000000 0.236074 0.241379 0.278515 0.259947 0.220159 0.251323 0.228117 0.286472 0.242744 0.240741
2 0.236074 0.000000 0.241379 0.273210 0.201592 0.212202 0.232804 0.236074 0.188329 0.189974 0.216931
3 0.241379 0.241379 0.000000 0.262599 0.233422 0.132626 0.116402 0.135279 0.267905 0.253298 0.190476
4 0.278515 0.273210 0.262599 0.000000 0.233422 0.214854 0.224868 0.238727 0.246684 0.245383 0.179894
5 0.259947 0.201592 0.233422 0.233422 0.000000 0.193634 0.208995 0.206897 0.217507 0.147757 0.208995
6 0.220159 0.212202 0.132626 0.214854 0.193634 0.000000 0.116402 0.122016 0.225464 0.211082 0.142857
7 0.253968 0.232804 0.116402 0.227513 0.211640 0.116402 0.000000 0.142857 0.261905 0.229551 0.174603
8 0.228117 0.236074 0.135279 0.238727 0.206897 0.122016 0.142857 0.000000 0.244032 0.229551 0.177249
9 0.283820 0.188329 0.265252 0.244032 0.217507 0.222812 0.259259 0.241379 0.000000 0.203166 0.208995
10 0.242744 0.189974 0.253298 0.245383 0.147757 0.211082 0.226913 0.226913 0.205805 0.000000 0.224274
11 0.243386 0.219577 0.193122 0.179894 0.211640 0.142857 0.174603 0.179894 0.211640 0.224274 0.000000
