11
1 0.000000 0.875533 0.858914 0.866894 0.882704 0.862441 0.879346 0.883803 0.871870 0.861434 0.861173
2 0.874921 0.000000 0.775253 0.692232 0.824674 0.785702 0.733299 0.738883 0.800809 0.774162 0.775387
3 0.859743 0.776142 0.000000 0.766074 0.739621 0.687992 0.790157 0.801026 0.711140 0.694093 0.696883
4 0.867685 0.692963 0.765620 0.000000 0.813170 0.770729 0.698789 0.688499 0.784509 0.762971 0.763515
5 0.882329 0.824615 0.738279 0.812163 0.000000 0.757768 0.834295 0.836496 0.774267 0.760741 0.763611
6 0.865124 0.787733 0.688505 0.771814 0.759326 0.000000 0.799136 0.806001 0.728729 0.704819 0.706042
7 0.878812 0.733576 0.789091 0.697861 0.833939 0.797005 0.000000 0.753166 0.810932 0.787286 0.788999
8 0.886191 0.741409 0.802052 0.689682 0.838075 0.805685 0.755001 0.000000 0.819412 0.795127 0.795522
9 0.872916 0.802684 0.711120 0.785417 0.775451 0.728058 0.812472 0.819156 0.000000 0.728722 0.730084
10 0.862164 0.775898 0.694330 0.763504 0.761827 0.704464 0.788687 0.795029 0.728920 0.000000 0.480175
11 0.860955 0.775091 0.695955 0.762271 0.763611 0.705036 0.788348 0.793884 0.728939 0.478636 0.000000
