11
1 0.000000 0.668644 0.635718 0.485757 0.629502 0.705765 0.665189 0.634546 0.648505 0.717340 0.656710
2 0.656745 0.000000 0.589763 0.523053 0.593315 0.549761 0.492480 0.597471 0.580172 0.689223 0.439436
3 0.640158 0.598359 0.000000 0.505384 0.507253 0.642647 0.605952 0.447241 0.602708 0.661049 0.595003
4 0.484230 0.521348 0.502292 0.000000 0.491346 0.577364 0.536500 0.494331 0.535219 0.623983 0.516402
5 0.636712 0.591077 0.505795 0.486193 0.000000 0.630619 0.587081 0.491430 0.582131 0.665150 0.582421
6 0.699450 0.541848 0.633883 0.578144 0.640518 0.000000 0.525468 0.630371 0.631684 0.724002 0.529111
7 0.662103 0.486840 0.596020 0.535755 0.591019 0.528944 0.000000 0.590132 0.583002 0.699347 0.475348
8 0.645059 0.591787 0.448485 0.493514 0.496444 0.631790 0.599142 0.000000 0.598052 0.679940 0.578760
9 0.665056 0.578325 0.601606 0.544033 0.582700 0.632358 0.588323 0.598692 0.000000 0.704812 0.571114
10 0.717092 0.686772 0.653975 0.620393 0.648226 0.718361 0.699276 0.674892 0.683346 0.000000 0.685456
11 0.655999 0.439329 0.604635 0.523190 0.586437 0.531205 0.475773 0.595109 0.568093 0.690432 0.000000
