11
1 0.000000 0.278411 0.272527 0.290180 0.259559 0.294226 0.278309 0.283192 0.278779 0.255976 0.257080
2 0.279147 0.000000 0.240530 0.258183 0.183824 0.250460 0.233824 0.240250 0.161884 0.177271 0.238411
3 0.272894 0.240530 0.000000 0.226922 0.226838 0.195292 0.116544 0.124678 0.244207 0.220669 0.208900
4 0.291284 0.257815 0.225818 0.000000 0.242647 0.243840 0.227574 0.228761 0.231703 0.240162 0.190511
5 0.260294 0.184191 0.227206 0.243015 0.000000 0.240074 0.219485 0.222794 0.193015 0.107721 0.218015
6 0.294594 0.251195 0.195292 0.244575 0.239338 0.000000 0.191176 0.192350 0.248253 0.239426 0.218463
7 0.280147 0.234926 0.118382 0.229044 0.219485 0.192279 0.000000 0.125368 0.237500 0.216912 0.213603
8 0.284296 0.240250 0.125046 0.229496 0.221324 0.192718 0.124265 0.000000 0.236658 0.222508 0.215232
9 0.278411 0.161148 0.243472 0.232806 0.190809 0.247517 0.235662 0.235922 0.000000 0.175064 0.228109
10 0.255976 0.176903 0.218830 0.239058 0.107353 0.239058 0.216176 0.222508 0.175064 0.000000 0.214417
11 0.256712 0.238043 0.207797 0.189040 0.216544 0.217727 0.211765 0.213760 0.227005 0.214049 0.000000
