11
1 0.000000 0.703334 0.666809 0.683128 0.695284 0.676339 0.737354 0.696227 0.673655 0.646699 0.660591
2 0.703405 0.000000 0.694777 0.696339 0.707766 0.702806 0.614000 0.407485 0.710231 0.430778 0.671626
3 0.667981 0.696481 0.000000 0.655487 0.653192 0.659580 0.747755 0.690085 0.660884 0.653668 0.492672
4 0.682559 0.705287 0.645255 0.000000 0.480957 0.476651 0.751021 0.693893 0.481588 0.666003 0.629694
5 0.701418 0.703192 0.663298 0.480887 0.000000 0.390058 0.761950 0.697234 0.437270 0.664149 0.645957
6 0.686083 0.703373 0.663017 0.480832 0.395054 0.000000 0.755067 0.694905 0.426906 0.665179 0.651538
7 0.738419 0.604984 0.758865 0.758582 0.745816 0.758751 0.000000 0.617408 0.775543 0.572930 0.734337
8 0.688908 0.411675 0.692466 0.699648 0.697482 0.697740 0.615953 0.000000 0.702994 0.447441 0.686105
9 0.690436 0.716688 0.662977 0.487264 0.439255 0.425737 0.758124 0.715304 0.000000 0.683944 0.646268
10 0.660307 0.425878 0.660102 0.668988 0.663865 0.651644 0.570764 0.448756 0.680538 0.000000 0.635042
11 0.666560 0.683201 0.489791 0.630263 0.632979 0.641404 0.739342 0.681166 0.644494 0.636961 0.000000
