11
1 0.000000 0.801229 0.804998 0.831225 0.812095 0.804690 0.842024 0.829065 0.802530 0.796668 0.817957
2 0.788326 0.000000 0.644547 0.703533 0.716436 0.692780 0.486022 0.684485 0.710906 0.610138 0.716129
3 0.788954 0.663594 0.000000 0.585290 0.771014 0.746683 0.706263 0.749691 0.761743 0.641644 0.777194
4 0.829682 0.727803 0.593634 0.000000 0.786465 0.752854 0.752237 0.778638 0.752861 0.623108 0.764706
5 0.808392 0.707527 0.764524 0.758035 0.000000 0.645480 0.762728 0.440358 0.457046 0.702502 0.441904
6 0.798519 0.697081 0.747609 0.766739 0.634681 0.000000 0.745757 0.604135 0.625424 0.734033 0.628201
7 0.817957 0.494931 0.706263 0.749460 0.745449 0.757482 0.000000 0.719222 0.765813 0.660290 0.750694
8 0.809935 0.664516 0.738875 0.755728 0.436650 0.603517 0.734650 0.000000 0.463037 0.706518 0.465613
9 0.800987 0.722273 0.758653 0.762759 0.454574 0.654428 0.757482 0.476647 0.000000 0.727525 0.424683
10 0.801296 0.632258 0.652456 0.621872 0.717331 0.737118 0.688059 0.717949 0.727217 0.000000 0.709299
11 0.813329 0.717665 0.771941 0.762848 0.434178 0.614008 0.748843 0.464684 0.435199 0.700031 0.000000
