11
1 0.000000 0.295323 0.333475 0.295123 0.314882 0.301527 0.297782 0.290375 0.301314 0.287392 0.290143
2 0.293699 0.000000 0.221487 0.203409 0.186287 0.171556 0.209367 0.200023 0.174523 0.193231 0.182233
3 0.332470 0.220443 0.000000 0.251720 0.241473 0.227865 0.257980 0.247438 0.233188 0.241992 0.233454
4 0.295934 0.205457 0.252493 0.000000 0.226521 0.217237 0.099583 0.166422 0.215003 0.160813 0.202481
5 0.312331 0.185088 0.240815 0.225400 0.000000 0.164792 0.230775 0.218849 0.156116 0.209806 0.203920
6 0.301024 0.172329 0.229333 0.216541 0.165024 0.000000 0.218641 0.207884 0.145121 0.202774 0.192966
7 0.296507 0.210681 0.260144 0.099389 0.232862 0.218719 0.000000 0.171613 0.221462 0.167961 0.208478
8 0.289872 0.201531 0.249642 0.166151 0.218694 0.207111 0.171652 0.000000 0.207549 0.083613 0.191975
9 0.299382 0.172899 0.234773 0.213728 0.156232 0.144850 0.219839 0.208554 0.000000 0.199529 0.190351
10 0.285847 0.194776 0.242533 0.159654 0.210850 0.201924 0.167575 0.083884 0.200263 0.000000 0.187512
11 0.289099 0.183315 0.235271 0.203061 0.205196 0.193391 0.208208 0.192168 0.191588 0.187473 0.000000
