11
1 0.000000 0.943453 0.943833 0.944972 0.946110 0.945351 0.945731 0.945731 0.939658 0.942315 0.941935
2 0.941556 0.000000 0.945289 0.946069 0.945689 0.946069 0.926700 0.849164 0.944550 0.868641 0.944170
3 0.941176 0.947188 0.000000 0.936954 0.941132 0.943031 0.947588 0.946049 0.941891 0.944571 0.903152
4 0.944592 0.946829 0.934675 0.000000 0.889100 0.895177 0.950247 0.946069 0.894797 0.944951 0.939613
5 0.946110 0.947209 0.941132 0.888340 0.000000 0.846563 0.947588 0.945689 0.860995 0.944951 0.941132
6 0.943833 0.944550 0.938473 0.895177 0.844284 0.000000 0.947968 0.945310 0.856438 0.941913 0.938093
7 0.944972 0.927079 0.946829 0.950627 0.947209 0.947209 0.000000 0.937334 0.947588 0.929765 0.948348
8 0.945351 0.849544 0.945669 0.944550 0.946449 0.944550 0.936954 0.000000 0.945310 0.868261 0.945310
9 0.940417 0.945310 0.940752 0.893657 0.862134 0.858716 0.947968 0.946069 0.000000 0.942673 0.941512
10 0.941556 0.870159 0.943432 0.944951 0.946090 0.941913 0.932802 0.869780 0.941913 0.000000 0.943052
11 0.940417 0.943790 0.902393 0.939613 0.939233 0.939992 0.948348 0.944550 0.940752 0.943812 0.000000
