11
1 0.000000 0.218644 0.235993 0.251701 0.241497 0.238095 0.227504 0.229592 0.238095 0.255102 0.260204
2 0.222034 0.000000 0.177966 0.189831 0.196610 0.194915 0.174576 0.174576 0.191525 0.188136 0.213559
3 0.237691 0.179661 0.000000 0.159593 0.193548 0.195246 0.195246 0.173175 0.203735 0.152801 0.215620
4 0.244898 0.179661 0.146010 0.000000 0.188776 0.165529 0.191851 0.177474 0.195911 0.148211 0.199659
5 0.238095 0.188136 0.188455 0.204082 0.000000 0.185374 0.191851 0.117347 0.205782 0.193878 0.207483
6 0.236395 0.189831 0.185059 0.174061 0.183673 0.000000 0.178268 0.162116 0.183986 0.182283 0.146758
7 0.234295 0.174576 0.191851 0.203735 0.193548 0.183362 0.000000 0.181664 0.118846 0.190153 0.205433
8 0.226190 0.164407 0.164686 0.180887 0.112245 0.160410 0.171477 0.000000 0.170358 0.166951 0.189420
9 0.238095 0.186441 0.193548 0.202726 0.200680 0.189097 0.112054 0.175468 0.000000 0.195911 0.204429
10 0.253401 0.186441 0.140917 0.151618 0.188776 0.182283 0.190153 0.168654 0.201022 0.000000 0.199319
11 0.251701 0.208475 0.205433 0.209898 0.202381 0.143345 0.196944 0.191126 0.199319 0.199319 0.000000
