11
1 0.000000 0.228417 0.211682 0.216976 0.226533 0.235417 0.204825 0.232145 0.235806 0.229695 0.224153
2 0.228914 0.000000 0.200398 0.210057 0.184524 0.221145 0.195746 0.218657 0.191804 0.187933 0.215455
3 0.210048 0.199190 0.000000 0.182264 0.191963 0.195797 0.170895 0.193029 0.205749 0.197364 0.192567
4 0.215199 0.208211 0.181909 0.000000 0.198763 0.207725 0.159195 0.203926 0.209903 0.199673 0.184329
5 0.226711 0.181150 0.191608 0.199012 0.000000 0.217524 0.188597 0.217805 0.179000 0.171915 0.210955
6 0.235772 0.222281 0.197359 0.211276 0.218980 0.000000 0.200660 0.164561 0.225015 0.222352 0.218270
7 0.205038 0.193047 0.168834 0.159622 0.187602 0.199418 0.000000 0.196862 0.199310 0.190610 0.163128
8 0.232358 0.220574 0.194839 0.205630 0.219012 0.164987 0.199098 0.000000 0.225650 0.222632 0.219935
9 0.233639 0.190809 0.204114 0.210081 0.179391 0.222778 0.200661 0.222952 0.000000 0.147036 0.218506
10 0.228523 0.187471 0.195516 0.200064 0.171524 0.220116 0.191392 0.221035 0.146787 0.000000 0.213570
11 0.222554 0.212188 0.191146 0.186000 0.210741 0.214897 0.163768 0.217166 0.219039 0.212823 0.000000
