11
1 0.000000 0.867628 0.839693 0.844988 0.830809 0.827160 0.802406 0.808391 0.855943 0.820887 0.816688
2 0.868906 0.000000 0.856882 0.866935 0.847782 0.847858 0.837951 0.847258 0.867628 0.848557 0.852028
3 0.842067 0.857978 0.000000 0.813345 0.803431 0.794662 0.739701 0.775699 0.826365 0.784618 0.781147
4 0.848275 0.860903 0.812980 0.000000 0.777697 0.772331 0.795662 0.796767 0.838050 0.742419 0.756668
5 0.836832 0.850155 0.807994 0.781895 0.000000 0.761256 0.763762 0.797494 0.833729 0.741194 0.742836
6 0.831881 0.852215 0.798657 0.778504 0.757807 0.000000 0.765795 0.777233 0.826797 0.692810 0.681191
7 0.804594 0.839045 0.739154 0.796209 0.761028 0.759259 0.000000 0.746458 0.816077 0.753737 0.759023
8 0.816200 0.853069 0.783691 0.810934 0.800581 0.778867 0.754631 0.000000 0.822920 0.766437 0.765347
9 0.861238 0.872193 0.831842 0.845353 0.827341 0.825163 0.817171 0.818743 0.000000 0.819244 0.818514
10 0.825634 0.849470 0.790099 0.747168 0.739551 0.681917 0.755924 0.761715 0.819974 0.000000 0.523749
11 0.819062 0.849470 0.786445 0.754110 0.744114 0.685004 0.763762 0.759717 0.816871 0.517355 0.000000
