11
1 0.000000 0.872841 0.845277 0.858140 0.863286 0.851893 0.840867 0.842337 0.844175 0.887541 0.861080
2 0.871003 0.000000 0.806036 0.828918 0.836953 0.802869 0.804932 0.806475 0.808244 0.871181 0.818617
3 0.844542 0.806404 0.000000 0.755703 0.786082 0.577786 0.437408 0.673289 0.479381 0.844993 0.621045
4 0.852995 0.824503 0.754967 0.000000 0.783297 0.759838 0.750552 0.728477 0.754599 0.846210 0.775202
5 0.857038 0.832904 0.786082 0.783664 0.000000 0.767929 0.786819 0.775202 0.779087 0.834683 0.788447
6 0.851893 0.802133 0.581464 0.761677 0.771607 0.000000 0.589187 0.653917 0.585509 0.850680 0.652814
7 0.841235 0.806036 0.436303 0.750920 0.786819 0.588084 0.000000 0.678808 0.453608 0.847202 0.611111
8 0.840500 0.802796 0.673289 0.727741 0.774834 0.654285 0.681383 0.000000 0.675129 0.842899 0.703826
9 0.843072 0.805668 0.479381 0.753495 0.779087 0.581832 0.455449 0.674761 0.000000 0.844256 0.621045
10 0.883866 0.866029 0.841679 0.842899 0.833579 0.847370 0.843888 0.840692 0.840574 0.000000 0.852833
11 0.860345 0.819352 0.621413 0.774834 0.790655 0.652078 0.612951 0.704930 0.623252 0.854305 0.000000
