11
1 0.000000 0.613208 0.587859 0.583072 0.574133 0.589905 0.619048 0.566879 0.626168 0.528481 0.558360
2 0.622642 0.000000 0.471698 0.482759 0.496855 0.320755 0.566038 0.509434 0.560748 0.440252 0.462264
3 0.619808 0.506289 0.000000 0.564263 0.539432 0.425867 0.650794 0.509554 0.623053 0.471519 0.470032
4 0.598746 0.489028 0.545455 0.000000 0.457680 0.501567 0.548589 0.460815 0.535826 0.510972 0.523511
5 0.570978 0.487421 0.498423 0.442006 0.000000 0.454259 0.533123 0.271293 0.510903 0.492114 0.501577
6 0.605678 0.314465 0.400631 0.495298 0.466877 0.000000 0.583596 0.501577 0.566978 0.419558 0.416404
7 0.682540 0.613208 0.650794 0.589342 0.529968 0.646688 0.000000 0.520635 0.482866 0.626582 0.652997
8 0.566879 0.512579 0.509554 0.467085 0.274448 0.488959 0.520635 0.000000 0.542056 0.534810 0.545741
9 0.651090 0.566978 0.613707 0.548287 0.542056 0.582555 0.448598 0.545171 0.000000 0.554517 0.579439
10 0.534810 0.437107 0.417722 0.495298 0.498423 0.413249 0.556962 0.496835 0.538941 0.000000 0.365931
11 0.574133 0.468553 0.447950 0.514107 0.511041 0.413249 0.589905 0.492114 0.566978 0.375394 0.000000
