11
1 0.000000 0.825581 0.816241 0.813763 0.842737 0.810522 0.826062 0.834159 0.833206 0.816501 0.821994
2 0.823675 0.000000 0.728694 0.669399 0.786995 0.738558 0.692322 0.689859 0.761060 0.724085 0.719078
3 0.815097 0.727741 0.000000 0.723737 0.700286 0.633556 0.738045 0.756195 0.663870 0.644436 0.639032
4 0.813000 0.669971 0.720686 0.000000 0.771211 0.715157 0.675938 0.628288 0.737274 0.720656 0.718887
5 0.842165 0.786613 0.702383 0.772545 0.000000 0.719489 0.790246 0.799276 0.745042 0.749809 0.735277
6 0.807472 0.737414 0.631459 0.714967 0.718345 0.000000 0.738426 0.751048 0.682373 0.660442 0.652945
7 0.826062 0.694037 0.741475 0.676700 0.792532 0.741284 0.000000 0.700324 0.758430 0.737664 0.733473
8 0.832825 0.691575 0.756386 0.629432 0.799466 0.752955 0.699752 0.000000 0.770492 0.748476 0.751668
9 0.829203 0.760297 0.662726 0.736130 0.742182 0.681610 0.756716 0.767632 0.000000 0.692835 0.679817
10 0.815358 0.723704 0.644055 0.721418 0.748094 0.662538 0.738045 0.748285 0.693598 0.000000 0.469703
11 0.821994 0.721174 0.639032 0.720221 0.734134 0.656375 0.733092 0.752049 0.681913 0.468369 0.000000
