11
1 0.000000 0.955810 0.957254 0.953948 0.955096 0.956661 0.958493 0.961400 0.951817 0.956840 0.955295
2 0.958132 0.000000 0.951167 0.913502 0.896268 0.778744 0.917928 0.953024 0.913942 0.891112 0.793755
3 0.958687 0.950857 0.000000 0.943624 0.949681 0.947073 0.952763 0.925704 0.943999 0.947782 0.949257
4 0.957428 0.915900 0.945480 0.000000 0.909442 0.907678 0.922086 0.951551 0.725582 0.912613 0.911762
5 0.956333 0.897157 0.950570 0.908630 0.000000 0.881582 0.910307 0.952311 0.912396 0.790795 0.885554
6 0.959058 0.779672 0.949857 0.908026 0.882317 0.000000 0.909650 0.953684 0.915178 0.885371 0.660674
7 0.958183 0.916109 0.951253 0.919496 0.908064 0.906634 0.000000 0.955515 0.921166 0.908764 0.909777
8 0.962252 0.951476 0.925123 0.948883 0.950532 0.952757 0.956289 0.000000 0.946941 0.950724 0.951773
9 0.952591 0.912781 0.943728 0.724151 0.911623 0.912975 0.921630 0.947869 0.000000 0.912497 0.912187
10 0.957924 0.890686 0.948169 0.910834 0.788552 0.882974 0.909577 0.951034 0.912381 0.000000 0.882025
11 0.955914 0.793097 0.949489 0.909636 0.884626 0.658857 0.911248 0.952237 0.912226 0.882838 0.000000
