11
1 0.000000 0.387244 0.348519 0.343964 0.353075 0.343182 0.370455 0.350797 0.377273 0.349206 0.300000
2 0.387244 0.000000 0.355353 0.384966 0.266515 0.345455 0.343182 0.364465 0.354545 0.356009 0.336364
3 0.348519 0.355353 0.000000 0.341686 0.353075 0.304545 0.363636 0.323462 0.363636 0.362812 0.279545
4 0.346241 0.384966 0.339408 0.000000 0.375854 0.327273 0.370455 0.234624 0.347727 0.369615 0.293182
5 0.353075 0.268793 0.348519 0.373576 0.000000 0.336364 0.279545 0.366743 0.370455 0.278912 0.336364
6 0.345455 0.345455 0.302273 0.327273 0.334091 0.000000 0.363636 0.288636 0.322727 0.349206 0.295455
7 0.370455 0.345455 0.361364 0.370455 0.281818 0.365909 0.000000 0.359091 0.368182 0.224490 0.311364
8 0.350797 0.366743 0.321185 0.234624 0.369020 0.286364 0.356818 0.000000 0.327273 0.340136 0.277273
9 0.379545 0.356818 0.363636 0.347727 0.370455 0.322727 0.368182 0.327273 0.000000 0.365079 0.311364
10 0.349206 0.360544 0.362812 0.371882 0.278912 0.351474 0.224490 0.342404 0.365079 0.000000 0.326531
11 0.302273 0.338636 0.281818 0.293182 0.340909 0.302273 0.311364 0.277273 0.311364 0.326531 0.000000
