11
1 0.000000 0.184837 0.191395 0.186704 0.195905 0.188366 0.176177 0.197129 0.178393 0.174559 0.193709
2 0.186497 0.000000 0.125207 0.159934 0.163254 0.183730 0.161040 0.184981 0.163807 0.159141 0.167219
3 0.195256 0.127965 0.000000 0.170987 0.168781 0.191395 0.173745 0.188638 0.178158 0.167952 0.162714
4 0.185042 0.157167 0.167126 0.000000 0.127836 0.180609 0.159557 0.190502 0.168421 0.165198 0.166667
5 0.190924 0.162147 0.162714 0.128390 0.000000 0.179303 0.163254 0.188846 0.170448 0.161894 0.155077
6 0.191690 0.182070 0.184225 0.178947 0.178196 0.000000 0.144678 0.173937 0.157428 0.142070 0.176049
7 0.175069 0.160487 0.168229 0.160111 0.163807 0.145787 0.000000 0.156819 0.136918 0.118943 0.163907
8 0.204859 0.189950 0.194153 0.190502 0.198785 0.177802 0.162341 0.000000 0.163446 0.160793 0.190397
9 0.181717 0.159380 0.170436 0.168975 0.171555 0.159645 0.140244 0.161237 0.000000 0.140969 0.172737
10 0.179515 0.162996 0.164648 0.169604 0.165749 0.147577 0.125000 0.156388 0.145374 0.000000 0.168502
11 0.196468 0.166667 0.159404 0.165563 0.157837 0.180464 0.170530 0.188742 0.177704 0.170154 0.000000
