11
1 0.000000 0.902245 0.900072 0.898624 0.899348 0.900072 0.900797 0.904417 0.902245 0.899348 0.898624
2 0.901521 0.000000 0.893478 0.884783 0.889130 0.881159 0.889935 0.890580 0.893478 0.896452 0.884866
3 0.901521 0.892754 0.000000 0.892029 0.895652 0.897101 0.894279 0.905072 0.891304 0.899348 0.894279
4 0.900072 0.883333 0.892754 0.000000 0.862319 0.889855 0.890659 0.895652 0.893478 0.891383 0.897176
5 0.901521 0.889130 0.894928 0.857971 0.000000 0.890580 0.892831 0.896377 0.894928 0.887038 0.891383
6 0.902969 0.880435 0.894928 0.884058 0.888406 0.000000 0.893555 0.892754 0.893478 0.892107 0.892107
7 0.902969 0.887762 0.895728 0.892831 0.896452 0.892831 0.000000 0.844316 0.896452 0.876901 0.795800
8 0.905141 0.893478 0.905797 0.897826 0.896377 0.894928 0.847212 0.000000 0.899275 0.876177 0.858074
9 0.903693 0.890580 0.890580 0.889855 0.895652 0.894928 0.894279 0.897101 0.000000 0.899348 0.897176
10 0.899348 0.897900 0.897900 0.889211 0.889211 0.890659 0.879797 0.873280 0.902245 0.000000 0.874004
11 0.899348 0.889211 0.892831 0.897176 0.891383 0.893555 0.798697 0.860246 0.899348 0.874004 0.000000
