11
1 0.000000 0.900286 0.891176 0.911916 0.903718 0.916937 0.903220 0.902574 0.903146 0.899981 0.907531
2 0.898951 0.000000 0.717553 0.825357 0.857197 0.911602 0.775005 0.818684 0.884080 0.644123 0.845567
3 0.892701 0.718696 0.000000 0.786545 0.840480 0.911221 0.714803 0.777206 0.873642 0.724328 0.817038
4 0.910963 0.825357 0.785401 0.000000 0.840419 0.911221 0.788722 0.796568 0.881770 0.818251 0.831649
5 0.903908 0.857197 0.839527 0.842135 0.000000 0.912745 0.836540 0.822307 0.874928 0.871214 0.785319
6 0.918270 0.913698 0.911031 0.912936 0.914269 0.000000 0.905315 0.913126 0.920937 0.911221 0.907982
7 0.903982 0.776529 0.714993 0.788912 0.836731 0.904363 0.000000 0.799581 0.886645 0.773290 0.826253
8 0.905434 0.816397 0.776062 0.795806 0.823451 0.912174 0.797866 0.000000 0.872259 0.813488 0.833937
9 0.902193 0.881411 0.873261 0.882914 0.876454 0.919413 0.884740 0.872450 0.000000 0.882454 0.865014
10 0.901315 0.643551 0.723376 0.818823 0.869880 0.912745 0.771957 0.814441 0.884549 0.000000 0.862641
11 0.908294 0.844614 0.815704 0.831459 0.784366 0.906268 0.826824 0.835081 0.864442 0.863212 0.000000
