11
1 0.000000 0.919702 0.919573 0.837529 0.910582 0.924162 0.911759 0.914188 0.914602 0.937286 0.920526
2 0.917795 0.000000 0.899180 0.880816 0.907531 0.858613 0.805413 0.904081 0.888868 0.925848 0.783686
3 0.918430 0.899943 0.000000 0.869068 0.841814 0.918636 0.901849 0.835525 0.911378 0.912903 0.905089
4 0.836384 0.880625 0.869259 0.000000 0.858341 0.901105 0.877454 0.867086 0.890393 0.895158 0.883362
5 0.909438 0.907912 0.840861 0.859867 0.000000 0.923971 0.902802 0.824786 0.905071 0.913267 0.908710
6 0.924733 0.859947 0.919779 0.902249 0.924352 0.000000 0.865663 0.919398 0.910061 0.939787 0.865473
7 0.912331 0.805603 0.900515 0.874595 0.901658 0.865473 0.000000 0.905851 0.896703 0.918239 0.795312
8 0.912471 0.905797 0.835334 0.869565 0.823642 0.918826 0.906804 0.000000 0.909645 0.927754 0.905279
9 0.914792 0.888868 0.913665 0.890583 0.904880 0.909108 0.895559 0.911742 0.000000 0.928708 0.887364
10 0.937286 0.926992 0.913856 0.896683 0.912695 0.940168 0.921098 0.927754 0.930614 0.000000 0.921288
11 0.920145 0.784448 0.905470 0.885077 0.910806 0.866806 0.794359 0.906232 0.887745 0.922241 0.000000
