11
1 0.000000 0.957161 0.945685 0.957878 0.958714 0.948659 0.951717 0.958194 0.955335 0.957202 0.955934
2 0.957201 0.000000 0.913382 0.924021 0.877215 0.924498 0.840440 0.908780 0.911862 0.905067 0.932888
3 0.945685 0.913501 0.000000 0.918349 0.907541 0.807811 0.883225 0.908892 0.906588 0.902257 0.822632
4 0.957997 0.924180 0.918190 0.000000 0.920846 0.928591 0.897397 0.810372 0.875859 0.877608 0.929034
5 0.958873 0.877573 0.907819 0.920965 0.000000 0.916713 0.812406 0.906143 0.909282 0.897958 0.931100
6 0.948738 0.924498 0.807653 0.928313 0.916355 0.000000 0.899026 0.920326 0.915200 0.911941 0.868757
7 0.951518 0.840639 0.883026 0.897596 0.812366 0.898947 0.000000 0.886580 0.879356 0.875740 0.912902
8 0.958075 0.908740 0.909051 0.810173 0.905865 0.920207 0.886421 0.000000 0.859527 0.854321 0.924504
9 0.955335 0.912100 0.906469 0.876098 0.909084 0.915239 0.879197 0.859607 0.000000 0.835009 0.930504
10 0.957044 0.905146 0.901979 0.877886 0.897838 0.912180 0.875621 0.854600 0.834532 0.000000 0.921643
11 0.955855 0.933087 0.822751 0.929272 0.930981 0.868518 0.912981 0.924703 0.930345 0.921842 0.000000
