11
1 0.000000 0.780941 0.797339 0.785272 0.859839 0.784501 0.817171 0.851715 0.864072 0.801671 0.855951
2 0.778465 0.000000 0.680384 0.531724 0.848560 0.480086 0.764670 0.832252 0.857584 0.753946 0.850386
3 0.794554 0.649443 0.000000 0.656559 0.840965 0.662241 0.797715 0.831325 0.855731 0.782178 0.857805
4 0.772896 0.518106 0.651918 0.000000 0.828536 0.539364 0.778258 0.824220 0.860056 0.748375 0.834621
5 0.855198 0.855993 0.855817 0.848654 0.000000 0.845631 0.859172 0.696942 0.857893 0.859486 0.822875
6 0.803026 0.494906 0.677370 0.550170 0.846249 0.000000 0.788824 0.839148 0.853967 0.769373 0.837604
7 0.808215 0.802038 0.801421 0.763743 0.852996 0.798086 0.000000 0.861952 0.865658 0.634651 0.861334
8 0.853259 0.830707 0.838122 0.824529 0.656781 0.836678 0.843731 0.000000 0.844300 0.845227 0.789620
9 0.862836 0.862527 0.859129 0.860982 0.852641 0.858598 0.863496 0.850479 0.000000 0.860365 0.829472
10 0.824876 0.752399 0.811572 0.741876 0.852987 0.770917 0.625386 0.851715 0.856348 0.000000 0.851932
11 0.861515 0.843277 0.843895 0.843895 0.803709 0.844088 0.857628 0.803522 0.834415 0.858423 0.000000
