11
1 0.000000 0.893186 0.897238 0.882916 0.896133 0.906146 0.897275 0.902762 0.885819 0.898124 0.907585
2 0.891344 0.000000 0.892081 0.864507 0.893186 0.895105 0.881075 0.892449 0.879190 0.880103 0.904639
3 0.893186 0.892818 0.000000 0.889543 0.802578 0.898049 0.895434 0.905341 0.892449 0.894446 0.907216
4 0.885125 0.862666 0.888807 0.000000 0.891384 0.892529 0.835052 0.892121 0.875552 0.851048 0.896907
5 0.897606 0.894291 0.805525 0.891016 0.000000 0.899890 0.899116 0.911234 0.893554 0.890033 0.912739
6 0.905042 0.895105 0.898785 0.891056 0.900258 0.000000 0.894369 0.757453 0.894001 0.892608 0.856827
7 0.894330 0.880339 0.895434 0.834683 0.898380 0.894737 0.000000 0.895803 0.885493 0.873851 0.897644
8 0.902394 0.893186 0.905709 0.892489 0.909761 0.757821 0.895434 0.000000 0.899079 0.899963 0.855302
9 0.882505 0.878453 0.893186 0.872239 0.891713 0.895105 0.883652 0.897238 0.000000 0.885988 0.906848
10 0.897757 0.882677 0.898492 0.853255 0.894446 0.897021 0.877528 0.900699 0.887459 0.000000 0.899963
11 0.906112 0.903903 0.909426 0.896171 0.910530 0.856459 0.897644 0.856407 0.907953 0.899595 0.000000
