11
1 0.000000 0.311416 0.343053 0.313512 0.328444 0.325138 0.312750 0.304174 0.322089 0.303030 0.313512
2 0.311035 0.000000 0.233086 0.219554 0.187083 0.180675 0.225462 0.203926 0.175719 0.199733 0.187345
3 0.342100 0.231942 0.000000 0.252955 0.251857 0.241083 0.257437 0.248761 0.243758 0.253336 0.233219
4 0.314656 0.220126 0.255623 0.000000 0.236807 0.222646 0.094358 0.172131 0.231180 0.176134 0.213877
5 0.329968 0.187274 0.254525 0.236807 0.000000 0.167460 0.246142 0.218899 0.169556 0.224995 0.207468
6 0.324757 0.179531 0.241656 0.221502 0.165365 0.000000 0.221587 0.208730 0.148847 0.216355 0.186308
7 0.313131 0.225462 0.258963 0.093976 0.245571 0.222349 0.000000 0.170034 0.237660 0.178231 0.219870
8 0.304555 0.203926 0.250667 0.171559 0.218137 0.210065 0.169844 0.000000 0.216695 0.075867 0.186237
9 0.322470 0.174576 0.244902 0.230227 0.168604 0.149038 0.237278 0.216886 0.000000 0.218411 0.188298
10 0.302840 0.198971 0.255051 0.175372 0.223852 0.217308 0.177659 0.075677 0.218220 0.000000 0.191956
11 0.312750 0.186202 0.234554 0.212543 0.205944 0.186308 0.219108 0.184903 0.187345 0.191003 0.000000
