11
1 0.000000 0.890014 0.894356 0.892185 0.891462 0.886397 0.891462 0.896527 0.890738 0.882055 0.894356
2 0.888567 0.000000 0.874728 0.873280 0.865315 0.785818 0.866763 0.883418 0.887038 0.882779 0.876177
3 0.892185 0.872556 0.000000 0.884142 0.883333 0.884226 0.879710 0.883333 0.873280 0.877713 0.886314
4 0.892909 0.876177 0.885590 0.000000 0.883418 0.874095 0.878349 0.831282 0.889935 0.880608 0.879797
5 0.892185 0.864591 0.884058 0.880521 0.000000 0.862518 0.882609 0.889130 0.889211 0.883502 0.894279
6 0.888567 0.786541 0.885673 0.873372 0.865412 0.000000 0.879884 0.876990 0.886397 0.886397 0.885673
7 0.892185 0.865315 0.878261 0.881970 0.884058 0.879884 0.000000 0.878261 0.887762 0.815485 0.883418
8 0.894356 0.881970 0.888406 0.832006 0.892029 0.876990 0.878261 0.000000 0.898624 0.889291 0.891383
9 0.893632 0.886314 0.875453 0.888487 0.889211 0.884226 0.886314 0.896452 0.000000 0.884226 0.883418
10 0.882779 0.882779 0.880608 0.882055 0.885673 0.890014 0.814761 0.888567 0.885673 0.000000 0.882055
11 0.895080 0.878349 0.887762 0.879797 0.894279 0.882779 0.887762 0.889211 0.884142 0.881331 0.000000
