11
1 0.000000 0.544533 0.557246 0.625634 0.576812 0.633333 0.597826 0.576087 0.536232 0.581042 0.579710
2 0.545257 0.000000 0.487328 0.550326 0.340333 0.606083 0.371470 0.384504 0.197683 0.333575 0.522810
3 0.557246 0.486604 0.000000 0.414193 0.502174 0.590580 0.510870 0.524638 0.479710 0.492041 0.360870
4 0.627082 0.549602 0.414917 0.000000 0.579290 0.658943 0.580739 0.601014 0.574946 0.556440 0.390297
5 0.576087 0.339609 0.502174 0.577842 0.000000 0.626812 0.420290 0.443478 0.352174 0.386397 0.560145
6 0.633333 0.606807 0.592029 0.659667 0.627536 0.000000 0.648551 0.673188 0.604348 0.641100 0.619565
7 0.597826 0.371470 0.511594 0.580739 0.421014 0.648551 0.000000 0.435507 0.365942 0.328509 0.552899
8 0.575362 0.384504 0.525362 0.600290 0.444203 0.671739 0.435507 0.000000 0.375362 0.383502 0.553623
9 0.536232 0.197683 0.480435 0.575670 0.352899 0.603623 0.365217 0.375362 0.000000 0.339363 0.533333
10 0.581042 0.333575 0.492764 0.555716 0.387120 0.640376 0.328509 0.383502 0.339363 0.000000 0.524602
11 0.578986 0.522810 0.362319 0.390297 0.561594 0.618116 0.552899 0.554348 0.534058 0.525326 0.000000
