11
1 0.000000 0.175552 0.189386 0.182225 0.180549 0.187375 0.189517 0.181577 0.182151 0.185370 0.182619
2 0.178708 0.000000 0.171808 0.157519 0.173227 0.147982 0.166916 0.157510 0.168743 0.168909 0.162598
3 0.189386 0.172305 0.000000 0.168297 0.175622 0.183250 0.162852 0.170149 0.171973 0.176617 0.178939
4 0.183220 0.164815 0.170287 0.000000 0.129332 0.163489 0.166473 0.124523 0.131487 0.131156 0.151882
5 0.181546 0.172397 0.172471 0.127508 0.000000 0.173422 0.171072 0.115187 0.111185 0.120200 0.153041
6 0.185050 0.148812 0.180597 0.161665 0.173588 0.000000 0.169767 0.160000 0.169601 0.168439 0.170100
7 0.186689 0.165421 0.157711 0.164152 0.168080 0.167774 0.000000 0.162822 0.171680 0.165420 0.177301
8 0.185062 0.158340 0.169486 0.122699 0.115519 0.162324 0.165643 0.000000 0.094108 0.093444 0.149876
9 0.181320 0.164092 0.171144 0.128337 0.111517 0.169435 0.172013 0.091950 0.000000 0.094067 0.153373
10 0.181712 0.163760 0.174959 0.128171 0.121363 0.169269 0.168745 0.093112 0.095396 0.000000 0.151047
11 0.180292 0.163428 0.176119 0.147239 0.151379 0.167940 0.175474 0.147386 0.154038 0.148554 0.000000
