11
1 0.000000 0.219808 0.223900 0.196446 0.206811 0.209017 0.204429 0.211226 0.247761 0.208547 0.215706
2 0.221466 0.000000 0.207697 0.192104 0.192269 0.167744 0.168402 0.170040 0.244942 0.169455 0.108184
3 0.224730 0.208029 0.000000 0.195353 0.127635 0.181502 0.188399 0.197012 0.246600 0.186020 0.199967
4 0.195782 0.191440 0.194855 0.000000 0.169047 0.172385 0.176665 0.175689 0.225373 0.177075 0.185885
5 0.205648 0.189283 0.123154 0.168383 0.000000 0.171888 0.174682 0.169213 0.218740 0.171774 0.183234
6 0.212001 0.166584 0.181170 0.175037 0.176529 0.000000 0.092051 0.113874 0.224101 0.135001 0.167164
7 0.214841 0.176004 0.192034 0.183771 0.181292 0.096513 0.000000 0.124442 0.233680 0.142952 0.167245
8 0.211392 0.170372 0.197012 0.177516 0.170375 0.113211 0.121468 0.000000 0.231343 0.145933 0.178264
9 0.253234 0.251741 0.252073 0.234992 0.227529 0.230731 0.238473 0.236484 0.000000 0.241014 0.246355
10 0.211695 0.169124 0.186848 0.179228 0.175915 0.133510 0.139977 0.147259 0.232897 0.000000 0.163657
11 0.219019 0.109841 0.198641 0.188701 0.185885 0.163353 0.164931 0.176110 0.240060 0.164320 0.000000
