11
1 0.000000 0.518182 0.543182 0.552273 0.547727 0.527273 0.552273 0.545455 0.543182 0.519274 0.521542
2 0.518182 0.000000 0.513636 0.552273 0.527273 0.475000 0.543182 0.500000 0.518182 0.480726 0.482993
3 0.540909 0.515909 0.000000 0.540909 0.523918 0.522727 0.538636 0.525000 0.527273 0.467120 0.528345
4 0.554545 0.550000 0.540909 0.000000 0.536364 0.545455 0.534091 0.556818 0.543182 0.523810 0.553288
5 0.545455 0.527273 0.519362 0.534091 0.000000 0.511364 0.450000 0.534091 0.527273 0.510204 0.535147
6 0.527273 0.477273 0.525000 0.545455 0.511364 0.000000 0.538636 0.522727 0.509091 0.507937 0.494331
7 0.550000 0.540909 0.536364 0.531818 0.445455 0.536364 0.000000 0.545455 0.536364 0.517007 0.539683
8 0.543182 0.500000 0.520455 0.554545 0.534091 0.525000 0.543182 0.000000 0.527273 0.503401 0.464853
9 0.545455 0.525000 0.525000 0.543182 0.529545 0.509091 0.536364 0.529545 0.000000 0.521542 0.539683
10 0.517007 0.478458 0.467120 0.523810 0.507937 0.510204 0.519274 0.507937 0.523810 0.000000 0.514739
11 0.526077 0.482993 0.530612 0.553288 0.535147 0.501134 0.541950 0.464853 0.541950 0.517007 0.000000
