11
1 0.000000 0.663686 0.677220 0.660014 0.673778 0.699243 0.679972 0.664143 0.682256 0.676531 0.691197
2 0.664374 0.000000 0.557772 0.548831 0.546768 0.585970 0.548831 0.516506 0.535763 0.539202 0.571527
3 0.679972 0.553645 0.000000 0.454545 0.575361 0.624226 0.596696 0.533379 0.566712 0.452856 0.607290
4 0.660014 0.544704 0.452479 0.000000 0.542326 0.584308 0.573297 0.516862 0.549519 0.397798 0.577717
5 0.677908 0.545392 0.576738 0.547144 0.000000 0.609773 0.569855 0.324845 0.563274 0.516862 0.609353
6 0.697866 0.587345 0.627667 0.586373 0.609773 0.000000 0.602891 0.587061 0.598349 0.595320 0.419532
7 0.684102 0.548831 0.596696 0.576738 0.570544 0.602891 0.000000 0.555403 0.382393 0.558844 0.608666
8 0.664143 0.514443 0.535444 0.520303 0.324845 0.587061 0.556091 0.000000 0.535763 0.514797 0.587345
9 0.685007 0.537139 0.568776 0.552957 0.560523 0.596286 0.384457 0.535763 0.000000 0.534388 0.589409
10 0.675843 0.533700 0.450791 0.399174 0.515485 0.594632 0.555403 0.512732 0.531637 0.000000 0.581155
11 0.691197 0.569464 0.607290 0.579780 0.607290 0.419532 0.607290 0.583219 0.590096 0.584594 0.000000
