11
1 0.000000 0.426439 0.437722 0.447109 0.449754 0.463225 0.438210 0.445860 0.451773 0.444759 0.432028
2 0.427861 0.000000 0.410803 0.392807 0.397751 0.383310 0.388494 0.389243 0.382979 0.381728 0.391613
3 0.439858 0.410092 0.000000 0.428068 0.422347 0.429986 0.355824 0.417551 0.426950 0.424221 0.404982
4 0.501410 0.442877 0.479549 0.000000 0.361209 0.472496 0.458392 0.358251 0.366714 0.373061 0.411848
5 0.468025 0.447646 0.448349 0.360506 0.000000 0.479269 0.456781 0.312017 0.313422 0.289529 0.398454
6 0.478076 0.394625 0.448373 0.436530 0.442024 0.000000 0.424328 0.449081 0.434936 0.425743 0.430693
7 0.438210 0.424006 0.373580 0.425247 0.414617 0.429986 0.000000 0.426044 0.421986 0.440510 0.394886
8 0.457891 0.397028 0.423213 0.320169 0.288124 0.438472 0.415428 0.000000 0.271055 0.251238 0.372965
9 0.497872 0.428369 0.475177 0.358956 0.307098 0.446959 0.463830 0.300778 0.000000 0.279745 0.412057
10 0.466714 0.395184 0.439093 0.332158 0.297259 0.418670 0.421388 0.251946 0.279745 0.000000 0.391643
11 0.433452 0.394456 0.404982 0.403385 0.377372 0.422914 0.412642 0.371550 0.382270 0.385269 0.000000
