11
1 0.000000 0.938632 0.945292 0.938274 0.937846 0.942421 0.943576 0.940717 0.946235 0.938834 0.939371
2 0.939775 0.000000 0.921288 0.911793 0.917095 0.910234 0.928721 0.918239 0.928149 0.921875 0.925481
3 0.946817 0.921479 0.000000 0.921509 0.918223 0.929279 0.923561 0.931186 0.931376 0.930069 0.932520
4 0.939989 0.912936 0.920937 0.000000 0.880930 0.923223 0.923795 0.925891 0.920175 0.921890 0.929129
5 0.937655 0.916143 0.917842 0.879406 0.000000 0.915141 0.922989 0.926801 0.929266 0.918064 0.925262
6 0.942803 0.909853 0.927564 0.922271 0.915332 0.000000 0.925658 0.923751 0.919733 0.920541 0.919924
7 0.943767 0.929674 0.922608 0.923986 0.921845 0.924705 0.000000 0.835684 0.929279 0.891387 0.764964
8 0.941860 0.919383 0.929279 0.926081 0.928708 0.925086 0.837209 0.000000 0.933854 0.886814 0.837019
9 0.948904 0.928531 0.930804 0.920556 0.927359 0.920114 0.930233 0.933282 0.000000 0.926829 0.928694
10 0.939215 0.923018 0.930640 0.922080 0.919588 0.922637 0.891387 0.887005 0.925876 0.000000 0.893293
11 0.940896 0.927387 0.932711 0.928367 0.927359 0.921068 0.764773 0.834541 0.929266 0.891197 0.000000
