11
1 0.000000 0.913491 0.897294 0.911776 0.918445 0.896913 0.905488 0.913681 0.909108 0.904916 0.903392
2 0.912538 0.000000 0.866654 0.867468 0.852919 0.885011 0.788480 0.859432 0.861799 0.840099 0.893804
3 0.896532 0.868562 0.000000 0.875477 0.863411 0.798627 0.847606 0.868015 0.871140 0.856680 0.783222
4 0.910633 0.867086 0.875286 0.000000 0.881960 0.885774 0.843059 0.759725 0.830919 0.822375 0.885033
5 0.918064 0.852537 0.863220 0.881960 0.000000 0.880435 0.797253 0.883464 0.878002 0.867925 0.886749
6 0.896532 0.888063 0.797864 0.884630 0.881198 0.000000 0.865751 0.878909 0.865040 0.860111 0.840419
7 0.904726 0.786954 0.847034 0.844012 0.797826 0.865561 0.000000 0.851802 0.839116 0.829236 0.867112
8 0.913110 0.861720 0.867633 0.758391 0.885562 0.880053 0.853900 0.000000 0.828441 0.811130 0.885605
9 0.909680 0.863896 0.871331 0.832634 0.881624 0.865993 0.839497 0.829394 0.000000 0.801982 0.885627
10 0.903773 0.839527 0.855918 0.822375 0.868306 0.859539 0.829045 0.811511 0.801982 0.000000 0.872880
11 0.903392 0.896854 0.783413 0.886749 0.888656 0.841945 0.869018 0.886368 0.885055 0.874023 0.000000
