11
1 0.000000 0.793750 0.764706 0.779503 0.800000 0.808050 0.787500 0.730650 0.803681 0.810127 0.797468
2 0.806250 0.000000 0.585139 0.720497 0.753125 0.789474 0.696875 0.724458 0.733129 0.553125 0.753125
3 0.767802 0.594427 0.000000 0.653251 0.749226 0.795666 0.628483 0.678019 0.748466 0.606811 0.746130
4 0.801242 0.717391 0.696594 0.000000 0.742236 0.792570 0.645963 0.681115 0.766871 0.723602 0.714286
5 0.821875 0.746875 0.761610 0.751553 0.000000 0.839009 0.734375 0.730650 0.766871 0.778125 0.709375
6 0.829721 0.786378 0.789474 0.789474 0.804954 0.000000 0.820433 0.767802 0.791411 0.814241 0.823529
7 0.812500 0.700000 0.634675 0.686335 0.718750 0.811145 0.000000 0.718266 0.782209 0.712500 0.778125
8 0.736842 0.736842 0.702786 0.665635 0.727554 0.780186 0.687307 0.000000 0.723926 0.752322 0.721362
9 0.797546 0.730061 0.748466 0.766871 0.773006 0.791411 0.760736 0.739264 0.000000 0.779141 0.739264
10 0.772152 0.565625 0.625387 0.726708 0.737500 0.823529 0.725000 0.721362 0.766871 0.000000 0.803797
11 0.791139 0.740625 0.727554 0.677019 0.700000 0.801858 0.728125 0.721362 0.714724 0.781646 0.000000
