11
1 0.000000 0.711930 0.643760 0.704783 0.702034 0.664651 0.680594 0.714129 0.710280 0.720176 0.677295
2 0.702034 0.000000 0.621413 0.618102 0.516593 0.599449 0.444690 0.545354 0.555310 0.530420 0.630039
3 0.638813 0.613135 0.000000 0.541943 0.529249 0.379614 0.475166 0.552980 0.492826 0.519868 0.376932
4 0.684992 0.621965 0.533113 0.000000 0.557947 0.584573 0.496137 0.410596 0.480684 0.507726 0.586093
5 0.699835 0.520465 0.517660 0.563466 0.000000 0.556474 0.377494 0.532151 0.493629 0.534922 0.583103
6 0.644860 0.590634 0.371901 0.571901 0.559229 0.000000 0.482645 0.591185 0.520110 0.527273 0.461708
7 0.653656 0.436947 0.464680 0.482892 0.366962 0.475482 0.000000 0.480044 0.451524 0.451774 0.551077
8 0.695987 0.537611 0.529801 0.394592 0.517738 0.577410 0.476164 0.000000 0.439335 0.445061 0.626173
9 0.706982 0.570243 0.490066 0.490066 0.496399 0.540496 0.468698 0.444321 0.000000 0.441551 0.551077
10 0.698736 0.517699 0.502208 0.487307 0.515521 0.512397 0.453437 0.442841 0.423823 0.000000 0.580895
11 0.656405 0.607399 0.376932 0.572848 0.574268 0.449587 0.535064 0.607951 0.553285 0.577029 0.000000
