11
1 0.000000 0.750920 0.733260 0.750552 0.748437 0.749173 0.763061 0.753863 0.738411 0.765269 0.753495
2 0.751656 0.000000 0.580574 0.692308 0.581464 0.707245 0.660044 0.436879 0.686166 0.664459 0.702613
3 0.733996 0.582046 0.000000 0.679176 0.586245 0.672306 0.632082 0.569904 0.666299 0.621413 0.677336
4 0.751656 0.694884 0.680280 0.000000 0.702464 0.581464 0.712656 0.685683 0.675497 0.719647 0.691204
5 0.749540 0.581832 0.585142 0.703568 0.000000 0.701361 0.664215 0.546524 0.688121 0.653917 0.706510
6 0.750276 0.710188 0.675248 0.582567 0.700625 0.000000 0.716440 0.681868 0.666421 0.709820 0.684811
7 0.763429 0.658940 0.630979 0.714864 0.661640 0.710555 0.000000 0.657837 0.700147 0.485283 0.718911
8 0.754599 0.436143 0.568065 0.685683 0.544686 0.679294 0.657101 0.000000 0.672185 0.649375 0.681517
9 0.738411 0.683959 0.663355 0.674761 0.688488 0.665318 0.702355 0.673289 0.000000 0.688374 0.573216
10 0.766004 0.661884 0.618837 0.719279 0.650975 0.704303 0.485283 0.647903 0.690581 0.000000 0.717439
11 0.750552 0.698197 0.674761 0.689363 0.701361 0.683339 0.716703 0.679676 0.573216 0.717439 0.000000
