11
1 0.000000 0.319876 0.245342 0.267081 0.279503 0.254658 0.288820 0.211180 0.273292 0.322981 0.245342
2 0.313665 0.000000 0.267081 0.322884 0.285266 0.319749 0.273292 0.272727 0.320872 0.326087 0.228840
3 0.260870 0.291925 0.000000 0.273292 0.204969 0.260870 0.239130 0.195652 0.257764 0.301242 0.204969
4 0.301242 0.322884 0.254658 0.000000 0.247649 0.062696 0.279503 0.275862 0.264798 0.332298 0.219436
5 0.279503 0.285266 0.217391 0.244514 0.000000 0.235110 0.260870 0.203762 0.227414 0.298137 0.219436
6 0.251553 0.316614 0.242236 0.065831 0.235110 0.000000 0.251553 0.228840 0.261682 0.288820 0.191223
7 0.298137 0.285714 0.226708 0.301242 0.270186 0.285714 0.000000 0.263975 0.295031 0.270186 0.173913
8 0.204969 0.272727 0.173913 0.235110 0.194357 0.216301 0.245342 0.000000 0.252336 0.282609 0.181818
9 0.285714 0.327103 0.257764 0.274143 0.239875 0.271028 0.295031 0.261682 0.000000 0.310559 0.255452
10 0.344720 0.375776 0.307453 0.310559 0.319876 0.298137 0.273292 0.329193 0.310559 0.000000 0.260870
11 0.239130 0.222571 0.186335 0.206897 0.219436 0.184953 0.155280 0.188088 0.246106 0.217391 0.000000
