11
1 0.000000 0.591556 0.571451 0.591033 0.540565 0.645239 0.575630 0.600867 0.579127 0.570921 0.599337
2 0.592223 0.000000 0.560717 0.437066 0.462220 0.605085 0.512536 0.432850 0.526905 0.514301 0.525908
3 0.571274 0.560207 0.000000 0.554742 0.495842 0.615501 0.536370 0.564698 0.542346 0.532155 0.560465
4 0.591386 0.436654 0.555076 0.000000 0.468360 0.605987 0.513431 0.450523 0.525905 0.511196 0.528144
5 0.541291 0.461867 0.496528 0.468890 0.000000 0.556355 0.441918 0.474688 0.457595 0.435720 0.482329
6 0.645749 0.604339 0.615265 0.606320 0.555689 0.000000 0.585900 0.612243 0.592511 0.584174 0.610497
7 0.576140 0.511437 0.536860 0.513235 0.441408 0.586449 0.000000 0.520370 0.373785 0.354689 0.522142
8 0.601495 0.433301 0.564757 0.450895 0.474825 0.612655 0.521154 0.000000 0.533018 0.521488 0.529262
9 0.580930 0.527493 0.543776 0.527767 0.458340 0.593706 0.374843 0.533587 0.000000 0.352975 0.534978
10 0.571137 0.513144 0.532272 0.510175 0.434661 0.583722 0.353806 0.520193 0.351093 0.000000 0.520887
11 0.600573 0.525986 0.561720 0.528987 0.482878 0.611458 0.522496 0.529595 0.533900 0.521986 0.000000
