11
1 0.000000 0.906515 0.897719 0.863135 0.896285 0.914980 0.909158 0.901802 0.902905 0.910596 0.904377
2 0.907987 0.000000 0.892936 0.866446 0.887091 0.876702 0.836705 0.893343 0.886723 0.906181 0.822361
3 0.897351 0.892568 0.000000 0.852465 0.862449 0.900662 0.891136 0.837440 0.893343 0.906917 0.886723
4 0.863135 0.868285 0.852465 0.000000 0.859139 0.881163 0.872747 0.863185 0.873115 0.895879 0.866863
5 0.894446 0.889298 0.862082 0.858036 0.000000 0.898124 0.892975 0.869437 0.889665 0.902170 0.891504
6 0.910563 0.874126 0.900294 0.881163 0.895918 0.000000 0.865759 0.896653 0.890769 0.909492 0.868334
7 0.910629 0.837072 0.888194 0.874218 0.890033 0.867598 0.000000 0.892975 0.887459 0.909893 0.840383
8 0.904009 0.893711 0.838176 0.864656 0.868702 0.896285 0.894446 0.000000 0.883045 0.906951 0.886355
9 0.903273 0.888194 0.895182 0.872012 0.889298 0.891504 0.887459 0.883045 0.000000 0.911732 0.883045
10 0.911700 0.907285 0.907285 0.894776 0.900699 0.909860 0.910629 0.904009 0.909158 0.000000 0.905848
11 0.906951 0.823832 0.887826 0.867231 0.892240 0.871276 0.838176 0.887091 0.884516 0.906583 0.000000
