11
1 0.000000 0.130456 0.117910 0.126926 0.134108 0.125726 0.126950 0.124523 0.102407 0.121277 0.127688
2 0.128963 0.000000 0.122209 0.118144 0.137776 0.106154 0.111351 0.127839 0.117149 0.081072 0.129176
3 0.120225 0.128659 0.000000 0.117083 0.122209 0.111956 0.109145 0.110964 0.087151 0.119067 0.111791
4 0.128418 0.126263 0.115760 0.000000 0.139354 0.115659 0.119304 0.129246 0.115493 0.118630 0.117102
5 0.131286 0.138441 0.114933 0.131897 0.000000 0.128379 0.126618 0.122202 0.102360 0.127565 0.131326
6 0.126555 0.110134 0.108318 0.115162 0.133521 0.000000 0.089235 0.124026 0.107646 0.101754 0.115614
7 0.124129 0.112512 0.105011 0.114996 0.128609 0.085420 0.000000 0.116896 0.103219 0.100927 0.111809
8 0.124689 0.131156 0.107326 0.128086 0.126845 0.124523 0.120378 0.000000 0.103465 0.121939 0.126530
9 0.102407 0.118146 0.080701 0.111516 0.104686 0.105324 0.102722 0.099320 0.000000 0.105394 0.104367
10 0.122932 0.085043 0.117083 0.116810 0.134183 0.102912 0.104070 0.123594 0.110357 0.000000 0.124049
11 0.131988 0.136288 0.111460 0.120245 0.138108 0.118260 0.119749 0.129507 0.110982 0.124214 0.000000
