11
1 0.000000 0.865098 0.888315 0.919482 0.899988 0.875616 0.900572 0.885878 0.895672 0.877861 0.884249
2 0.865217 0.000000 0.795429 0.863246 0.833035 0.777142 0.838817 0.787928 0.821231 0.771456 0.794842
3 0.888514 0.795429 0.000000 0.858040 0.823698 0.821292 0.836513 0.835572 0.829220 0.662786 0.845387
4 0.919402 0.863206 0.857881 0.000000 0.878134 0.872794 0.882372 0.879878 0.878666 0.843015 0.889057
5 0.900226 0.833154 0.823976 0.878214 0.000000 0.846187 0.715183 0.854293 0.848293 0.806381 0.860889
6 0.875457 0.777301 0.821332 0.872755 0.846426 0.000000 0.852289 0.806962 0.849348 0.805626 0.805372
7 0.900731 0.838937 0.836552 0.882610 0.715461 0.852249 0.000000 0.861718 0.847759 0.815798 0.864063
8 0.885759 0.787809 0.835572 0.879957 0.854373 0.806843 0.861758 0.000000 0.853334 0.818659 0.695621
9 0.895791 0.821271 0.829299 0.878746 0.848214 0.849030 0.847441 0.853215 0.000000 0.813732 0.855082
10 0.878218 0.771337 0.662985 0.843134 0.806262 0.805586 0.815758 0.819175 0.813970 0.000000 0.830380
11 0.884646 0.795120 0.845863 0.889096 0.861048 0.805372 0.864261 0.695701 0.855201 0.830300 0.000000
