11
1 0.000000 0.904863 0.882646 0.882353 0.873219 0.871904 0.876945 0.877754 0.904558 0.847134 0.856941
2 0.922481 0.000000 0.906272 0.896406 0.890063 0.887949 0.880197 0.884426 0.920366 0.868922 0.863989
3 0.880512 0.898520 0.000000 0.836995 0.841394 0.831564 0.793494 0.847903 0.892603 0.791932 0.803824
4 0.875974 0.880902 0.836286 0.000000 0.796598 0.791224 0.823197 0.829908 0.882353 0.740977 0.765581
5 0.881054 0.890063 0.840683 0.819986 0.000000 0.805379 0.823197 0.838664 0.898003 0.766454 0.771246
6 0.884643 0.883016 0.844303 0.827318 0.808209 0.000000 0.818246 0.845011 0.886766 0.705591 0.716914
7 0.881188 0.873855 0.797030 0.837341 0.805516 0.800566 0.000000 0.806931 0.881895 0.778642 0.790665
8 0.867093 0.863989 0.830135 0.848334 0.828003 0.819533 0.801980 0.000000 0.884861 0.791932 0.798159
9 0.898860 0.908386 0.899715 0.888731 0.895150 0.881104 0.889675 0.893390 0.000000 0.874735 0.888810
10 0.857749 0.868922 0.808209 0.762916 0.765039 0.699929 0.806931 0.818117 0.879689 0.000000 0.534324
11 0.871105 0.878083 0.812323 0.791076 0.779037 0.722576 0.818246 0.835694 0.893059 0.545648 0.000000
