11
1 0.000000 0.623345 0.538959 0.532799 0.520480 0.534955 0.504774 0.515861 0.626424 0.499846 0.506621
2 0.643979 0.000000 0.636392 0.619195 0.572621 0.606776 0.595422 0.585675 0.697920 0.594378 0.584777
3 0.588851 0.666358 0.000000 0.523324 0.486871 0.521162 0.442385 0.510651 0.599938 0.456905 0.459376
4 0.556206 0.629102 0.505097 0.000000 0.455501 0.433127 0.468914 0.471751 0.603096 0.386778 0.405631
5 0.527564 0.581582 0.481928 0.447157 0.000000 0.425216 0.442213 0.446743 0.564895 0.368860 0.368047
6 0.556514 0.610818 0.497683 0.430341 0.419654 0.000000 0.435509 0.453226 0.580255 0.337658 0.333230
7 0.502310 0.577792 0.426012 0.462728 0.437886 0.428704 0.000000 0.426675 0.540984 0.404078 0.411073
8 0.509393 0.604199 0.498611 0.470207 0.449521 0.456931 0.423896 0.000000 0.579500 0.420500 0.427292
9 0.644287 0.685191 0.582020 0.605882 0.544808 0.583359 0.535107 0.580117 0.000000 0.516219 0.532178
10 0.491223 0.579549 0.459994 0.387396 0.379981 0.338276 0.417671 0.430688 0.537535 0.000000 0.248378
11 0.503234 0.582302 0.450726 0.405631 0.376700 0.330136 0.410145 0.430380 0.549814 0.247142 0.000000
