11
1 0.000000 0.588476 0.550905 0.566199 0.575044 0.555296 0.579439 0.550341 0.570483 0.589529 0.529206
2 0.589254 0.000000 0.523068 0.539031 0.388554 0.499903 0.429434 0.511777 0.534359 0.455625 0.506132
3 0.551489 0.523263 0.000000 0.496204 0.529103 0.489780 0.519953 0.480047 0.501071 0.525496 0.477516
4 0.566199 0.538252 0.496009 0.000000 0.528324 0.464759 0.517134 0.318925 0.458917 0.521993 0.380646
5 0.575044 0.388748 0.528519 0.528324 0.000000 0.497177 0.438778 0.520148 0.539031 0.414558 0.503017
6 0.555296 0.499903 0.490169 0.464564 0.496983 0.000000 0.501752 0.439642 0.472352 0.492020 0.419393
7 0.579634 0.429239 0.519953 0.517134 0.438972 0.502142 0.000000 0.512266 0.532905 0.307513 0.500000
8 0.550341 0.511388 0.479657 0.318536 0.520148 0.439447 0.512266 0.000000 0.437500 0.514597 0.360008
9 0.570872 0.534748 0.501265 0.459307 0.539420 0.472741 0.533294 0.437889 0.000000 0.543013 0.395444
10 0.590113 0.455430 0.525496 0.522382 0.414753 0.491826 0.307318 0.514597 0.542429 0.000000 0.495913
11 0.529595 0.505937 0.477516 0.380452 0.502823 0.419198 0.500000 0.360202 0.394860 0.495718 0.000000
