11
1 0.000000 0.207790 0.214598 0.181324 0.199381 0.191786 0.199495 0.197598 0.245565 0.196822 0.211785
2 0.208216 0.000000 0.202601 0.184556 0.186289 0.161408 0.167774 0.166122 0.240272 0.167952 0.110540
3 0.213603 0.201926 0.000000 0.191412 0.114716 0.184396 0.194591 0.191417 0.228044 0.185002 0.199262
4 0.181786 0.184485 0.191909 0.000000 0.174256 0.163707 0.171947 0.168999 0.229452 0.170597 0.186598
5 0.198635 0.184548 0.113862 0.172231 0.000000 0.169545 0.178419 0.172410 0.212847 0.169962 0.180496
6 0.191963 0.162048 0.184538 0.163316 0.172032 0.000000 0.088645 0.106864 0.226675 0.141477 0.161517
7 0.199282 0.167597 0.194839 0.171770 0.180587 0.088823 0.000000 0.112370 0.231945 0.147818 0.167796
8 0.198629 0.167614 0.191665 0.169319 0.174258 0.107361 0.112832 0.000000 0.230851 0.145765 0.169215
9 0.243858 0.238637 0.228435 0.227357 0.212740 0.225254 0.230239 0.228684 0.000000 0.224044 0.235021
10 0.197639 0.166424 0.184327 0.170171 0.171206 0.140802 0.147178 0.144771 0.225999 0.000000 0.163113
11 0.213239 0.113378 0.202703 0.187591 0.183937 0.163326 0.170705 0.170705 0.239420 0.166909 0.000000
