11
1 0.000000 0.561364 0.550000 0.570455 0.561364 0.559091 0.552273 0.572727 0.568182 0.560091 0.541950
2 0.563636 0.000000 0.552273 0.556818 0.538636 0.559091 0.529545 0.565909 0.547727 0.553288 0.553288
3 0.550000 0.547727 0.000000 0.552273 0.522727 0.513636 0.529545 0.550000 0.543182 0.555556 0.496599
4 0.568182 0.556818 0.554545 0.000000 0.545455 0.568182 0.547727 0.504545 0.536364 0.532880 0.564626
5 0.563636 0.536364 0.518182 0.543182 0.000000 0.536364 0.498861 0.555809 0.538636 0.546485 0.544218
6 0.561364 0.556818 0.511364 0.559091 0.536364 0.000000 0.545455 0.561364 0.552273 0.551020 0.541950
7 0.552273 0.525000 0.529545 0.545455 0.496583 0.547727 0.000000 0.555809 0.538636 0.546485 0.532880
8 0.568182 0.563636 0.552273 0.502273 0.558087 0.561364 0.553531 0.000000 0.531818 0.535147 0.571429
9 0.565909 0.545455 0.543182 0.536364 0.540909 0.554545 0.543182 0.534091 0.000000 0.519274 0.548753
10 0.557823 0.551020 0.551020 0.530612 0.541950 0.548753 0.546485 0.535147 0.514739 0.000000 0.544218
11 0.546485 0.551020 0.501134 0.566893 0.546485 0.544218 0.537415 0.573696 0.551020 0.548753 0.000000
