11
1 0.000000 0.679942 0.688631 0.679942 0.716872 0.677770 0.717596 0.677046 0.702390 0.705286 0.729906
2 0.678494 0.000000 0.536957 0.555797 0.632609 0.536232 0.662319 0.544928 0.601449 0.616944 0.639392
3 0.688631 0.537681 0.000000 0.542754 0.626087 0.331159 0.642754 0.392029 0.589130 0.615496 0.627806
4 0.679942 0.555797 0.542029 0.000000 0.528261 0.552899 0.653623 0.548551 0.590580 0.572773 0.633599
5 0.718320 0.632609 0.625362 0.528986 0.000000 0.617391 0.707246 0.606522 0.651449 0.641564 0.671977
6 0.676322 0.536232 0.330435 0.552899 0.617391 0.000000 0.652899 0.376087 0.592029 0.605358 0.622013
7 0.715424 0.663043 0.643478 0.654348 0.703623 0.654348 0.000000 0.648551 0.579710 0.515568 0.713975
8 0.676322 0.545652 0.392029 0.548551 0.606522 0.376087 0.648551 0.000000 0.594928 0.611151 0.639392
9 0.700217 0.602174 0.589130 0.590580 0.651449 0.592029 0.579710 0.594203 0.000000 0.527154 0.658943
10 0.705286 0.617668 0.616220 0.573497 0.640840 0.607531 0.515568 0.608979 0.527154 0.000000 0.685735
11 0.731354 0.640116 0.627806 0.635771 0.671977 0.622737 0.713975 0.640116 0.659667 0.686459 0.000000
