11
1 0.000000 0.205327 0.215871 0.203108 0.200221 0.208195 0.204772 0.209767 0.206437 0.198113 0.206992
2 0.193674 0.000000 0.190742 0.175390 0.174297 0.169989 0.173646 0.173163 0.166574 0.173719 0.179788
3 0.199778 0.187953 0.000000 0.189866 0.190292 0.200997 0.157836 0.189866 0.189339 0.187082 0.181260
4 0.199223 0.177617 0.195991 0.000000 0.145063 0.184385 0.183185 0.149777 0.136591 0.144209 0.163140
5 0.204082 0.185880 0.201324 0.152785 0.000000 0.190844 0.194153 0.137893 0.125207 0.131274 0.174848
6 0.215947 0.182724 0.217054 0.191584 0.187534 0.000000 0.198228 0.198228 0.186047 0.186047 0.193798
7 0.195339 0.178113 0.157836 0.176503 0.182570 0.187154 0.000000 0.184855 0.179345 0.173719 0.176536
8 0.201443 0.176503 0.192094 0.149220 0.129068 0.189922 0.185969 0.000000 0.116047 0.114699 0.168708
9 0.210322 0.176013 0.196002 0.141033 0.122449 0.183832 0.188229 0.124375 0.000000 0.117712 0.173237
10 0.195893 0.174276 0.193764 0.144766 0.123001 0.181617 0.177060 0.116927 0.111049 0.000000 0.164811
11 0.196448 0.180346 0.185165 0.162027 0.164368 0.185493 0.175978 0.167038 0.163243 0.163697 0.000000
