11
1 0.000000 0.235430 0.220046 0.232033 0.202824 0.270809 0.224270 0.235382 0.230705 0.219306 0.239076
2 0.235099 0.000000 0.211921 0.169536 0.169205 0.235430 0.196854 0.177318 0.203311 0.188742 0.206954
3 0.222536 0.208775 0.000000 0.200631 0.175075 0.239960 0.197478 0.207932 0.199469 0.193827 0.208762
4 0.233693 0.163245 0.202456 0.000000 0.169461 0.242324 0.186224 0.168133 0.193195 0.180249 0.195685
5 0.202492 0.161424 0.171922 0.167801 0.000000 0.217608 0.148074 0.174086 0.161328 0.151993 0.174585
6 0.268649 0.236258 0.238467 0.237676 0.217110 0.000000 0.229084 0.244851 0.235353 0.221871 0.241024
7 0.225598 0.191722 0.194325 0.184398 0.149734 0.228088 0.000000 0.193559 0.123983 0.133466 0.191401
8 0.234219 0.174669 0.205111 0.168631 0.174751 0.245515 0.193559 0.000000 0.199668 0.192691 0.196844
9 0.231701 0.199503 0.201128 0.190871 0.164647 0.237676 0.125311 0.199502 0.000000 0.131120 0.202158
10 0.219472 0.183444 0.192001 0.176929 0.152824 0.223367 0.133300 0.189867 0.127137 0.000000 0.188965
11 0.240904 0.200662 0.208928 0.194523 0.176246 0.244348 0.190737 0.199003 0.197344 0.189297 0.000000
