11
1 0.000000 0.386364 0.371298 0.407745 0.437358 0.364465 0.361364 0.371298 0.390909 0.362812 0.370455
2 0.386364 0.000000 0.206818 0.404545 0.434091 0.288636 0.211364 0.288636 0.347727 0.217687 0.234091
3 0.366743 0.206818 0.000000 0.391800 0.416856 0.259681 0.175000 0.277904 0.322727 0.213152 0.231818
4 0.410023 0.406818 0.396355 0.000000 0.323462 0.396355 0.400000 0.373576 0.390909 0.396825 0.418182
5 0.439636 0.431818 0.416856 0.323462 0.000000 0.428246 0.429545 0.416856 0.413636 0.428571 0.431818
6 0.364465 0.286364 0.259681 0.391800 0.428246 0.000000 0.279545 0.300683 0.329545 0.287982 0.297727
7 0.363636 0.211364 0.177273 0.397727 0.429545 0.286364 0.000000 0.272727 0.311364 0.195011 0.243182
8 0.373576 0.286364 0.277904 0.371298 0.414579 0.300683 0.272727 0.000000 0.313636 0.249433 0.281818
9 0.397727 0.347727 0.327273 0.393182 0.415909 0.331818 0.309091 0.315909 0.000000 0.328798 0.336364
10 0.367347 0.219955 0.213152 0.392290 0.421769 0.292517 0.197279 0.249433 0.326531 0.000000 0.244898
11 0.375000 0.238636 0.234091 0.418182 0.434091 0.304545 0.243182 0.284091 0.336364 0.244898 0.000000
