11
1 0.000000 0.541166 0.541577 0.546354 0.532612 0.548607 0.569003 0.533086 0.542425 0.533642 0.511857
2 0.547949 0.000000 0.385137 0.374961 0.380204 0.400247 0.488128 0.387296 0.399013 0.382362 0.380659
3 0.534467 0.386062 0.000000 0.300371 0.321484 0.320866 0.462180 0.346213 0.263499 0.308333 0.339390
4 0.549753 0.380512 0.305006 0.000000 0.325402 0.309642 0.478851 0.359085 0.316878 0.239506 0.355097
5 0.538485 0.387296 0.325502 0.327874 0.000000 0.341577 0.471133 0.361360 0.336933 0.331481 0.351401
6 0.555108 0.396238 0.318702 0.309951 0.335703 0.000000 0.479160 0.361472 0.324591 0.303086 0.358177
7 0.562211 0.488437 0.456622 0.481939 0.459710 0.481630 0.000000 0.470516 0.473002 0.469136 0.457653
8 0.516698 0.386679 0.347759 0.361867 0.359505 0.361781 0.475764 0.000000 0.353595 0.354321 0.274407
9 0.547670 0.400863 0.266584 0.318420 0.339710 0.326442 0.467140 0.356063 0.000000 0.320889 0.358177
10 0.528704 0.382054 0.305864 0.240432 0.328395 0.304630 0.472222 0.354630 0.319963 0.000000 0.348630
11 0.506314 0.385587 0.340314 0.357253 0.352633 0.367724 0.458269 0.274715 0.355713 0.357561 0.000000
