11
1 0.000000 0.639066 0.659590 0.653220 0.658882 0.686483 0.670205 0.651097 0.677990 0.658174 0.680821
2 0.644728 0.000000 0.555004 0.562101 0.532292 0.586231 0.551455 0.525905 0.543648 0.533002 0.576295
3 0.653928 0.508872 0.000000 0.413448 0.535282 0.587775 0.556112 0.501071 0.538627 0.401423 0.577715
4 0.688606 0.545777 0.444921 0.000000 0.543835 0.591329 0.587563 0.516060 0.568754 0.385053 0.586231
5 0.671621 0.498226 0.583036 0.555952 0.000000 0.567875 0.576622 0.312188 0.572345 0.498932 0.566359
6 0.723284 0.581973 0.642502 0.603411 0.611940 0.000000 0.605544 0.592040 0.610519 0.597726 0.407381
7 0.709130 0.547906 0.608292 0.594711 0.575196 0.601990 0.000000 0.561742 0.363117 0.566548 0.621008
8 0.647558 0.470546 0.501784 0.478230 0.282252 0.542999 0.518915 0.000000 0.506781 0.466904 0.542229
9 0.709130 0.536551 0.578684 0.573794 0.564505 0.602701 0.374553 0.541042 0.000000 0.540214 0.603265
10 0.665251 0.528034 0.409253 0.369395 0.476868 0.562189 0.522420 0.484698 0.510320 0.000000 0.530163
11 0.726115 0.569198 0.620298 0.597587 0.614620 0.407381 0.624556 0.589070 0.613201 0.579844 0.000000
