11
1 0.000000 0.271329 0.272727 0.273856 0.285118 0.275147 0.296978 0.278606 0.294505 0.295365 0.302857
2 0.270236 0.000000 0.184363 0.194273 0.210412 0.182660 0.236239 0.191735 0.228934 0.230262 0.223858
3 0.269913 0.183341 0.000000 0.194345 0.207832 0.101924 0.237782 0.117419 0.233033 0.232791 0.222890
4 0.272996 0.193932 0.195905 0.000000 0.172307 0.194972 0.238507 0.200513 0.233397 0.229470 0.232697
5 0.286712 0.212060 0.210412 0.172683 0.000000 0.210645 0.255074 0.217310 0.248338 0.246583 0.246834
6 0.271150 0.183233 0.102265 0.194273 0.208083 0.000000 0.235612 0.123335 0.231382 0.230213 0.223518
7 0.294379 0.236849 0.237889 0.238292 0.256633 0.237764 0.000000 0.245135 0.194989 0.181161 0.269670
8 0.274251 0.189296 0.115264 0.196353 0.212526 0.121128 0.243019 0.000000 0.235275 0.235819 0.226445
9 0.294254 0.230495 0.231938 0.232016 0.247461 0.232961 0.194989 0.237679 0.000000 0.183032 0.265972
10 0.290400 0.228289 0.230493 0.227677 0.242301 0.228939 0.180605 0.235406 0.181255 0.000000 0.261663
11 0.301495 0.222065 0.223178 0.230833 0.243913 0.222262 0.268217 0.227970 0.262994 0.259707 0.000000
