11
1 0.000000 0.582270 0.592636 0.516825 0.560764 0.545950 0.563240 0.558289 0.646592 0.562505 0.586800
2 0.583237 0.000000 0.564356 0.521798 0.527852 0.465531 0.479759 0.471451 0.629958 0.478613 0.311862
3 0.592674 0.565246 0.000000 0.538354 0.329873 0.522353 0.541412 0.531934 0.608753 0.524188 0.560741
4 0.518256 0.522340 0.538238 0.000000 0.496151 0.476925 0.491586 0.487022 0.607636 0.487293 0.529964
5 0.560726 0.529749 0.331268 0.493985 0.000000 0.485930 0.502206 0.489833 0.573192 0.484566 0.517592
6 0.545718 0.464409 0.521153 0.474721 0.484885 0.000000 0.254470 0.297890 0.601904 0.406348 0.462767
7 0.561809 0.481926 0.541838 0.490774 0.502554 0.255051 0.000000 0.318446 0.612622 0.424414 0.484341
8 0.556780 0.471180 0.530036 0.485745 0.488904 0.297465 0.317672 0.000000 0.609759 0.413068 0.482640
9 0.645625 0.629648 0.611229 0.605586 0.574005 0.602407 0.612700 0.608521 0.000000 0.599389 0.629060
10 0.561615 0.478496 0.522561 0.484623 0.485030 0.404722 0.423717 0.411325 0.599040 0.000000 0.471389
11 0.586491 0.312983 0.560315 0.528998 0.517051 0.462805 0.483259 0.482524 0.630684 0.472201 0.000000
