11
1 0.000000 0.163009 0.263323 0.211838 0.210526 0.175549 0.178683 0.206250 0.244514 0.205607 0.169753
2 0.159875 0.000000 0.257862 0.218069 0.204334 0.141509 0.144201 0.171875 0.235110 0.115265 0.160494
3 0.257053 0.257862 0.000000 0.271028 0.207430 0.233438 0.275862 0.246875 0.288401 0.280374 0.225309
4 0.224299 0.233645 0.271028 0.000000 0.229102 0.224299 0.205607 0.221184 0.255452 0.264798 0.160494
5 0.219814 0.213622 0.219814 0.235294 0.000000 0.188854 0.213622 0.213622 0.269350 0.229102 0.169753
6 0.166144 0.135220 0.223975 0.193146 0.170279 0.000000 0.147335 0.181250 0.213166 0.186916 0.188272
7 0.203762 0.172414 0.310345 0.214953 0.232198 0.184953 0.000000 0.225000 0.216301 0.177570 0.179012
8 0.206250 0.181250 0.246875 0.211838 0.204334 0.193750 0.200000 0.000000 0.196875 0.196262 0.188272
9 0.238245 0.231975 0.275862 0.242991 0.256966 0.219436 0.197492 0.196875 0.000000 0.255452 0.231481
10 0.202492 0.112150 0.277259 0.255452 0.222910 0.202492 0.165109 0.190031 0.264798 0.000000 0.157407
11 0.182099 0.172840 0.246914 0.172840 0.172840 0.212963 0.163580 0.194444 0.246914 0.166667 0.000000
