11
1 0.000000 0.357877 0.389171 0.422750 0.388136 0.357022 0.401681 0.377778 0.381356 0.362712 0.368866
2 0.373288 0.000000 0.309645 0.385399 0.332203 0.269036 0.342857 0.305983 0.313559 0.284746 0.282572
3 0.399323 0.316413 0.000000 0.377327 0.321489 0.329949 0.339496 0.336717 0.328257 0.235195 0.328257
4 0.426146 0.385399 0.380711 0.000000 0.362712 0.363790 0.351261 0.388795 0.350847 0.352542 0.397631
5 0.396610 0.335593 0.321489 0.354237 0.000000 0.326565 0.221849 0.362712 0.325424 0.315254 0.355330
6 0.373942 0.272420 0.319797 0.367174 0.328257 0.000000 0.337815 0.309645 0.304569 0.302876 0.291032
7 0.413445 0.354622 0.352941 0.364706 0.228571 0.352941 0.000000 0.381513 0.342857 0.334454 0.366387
8 0.377778 0.295727 0.324873 0.366723 0.337288 0.309645 0.344538 0.000000 0.327119 0.308475 0.253807
9 0.396610 0.311864 0.324873 0.364407 0.320339 0.302876 0.322689 0.335593 0.000000 0.315254 0.341794
10 0.369492 0.288136 0.233503 0.364407 0.310169 0.304569 0.319328 0.313559 0.315254 0.000000 0.318105
11 0.373942 0.292724 0.338409 0.401015 0.353638 0.287648 0.344538 0.258883 0.353638 0.321489 0.000000
