11
1 0.000000 0.543210 0.557276 0.577160 0.577640 0.550000 0.526316 0.565625 0.556250 0.603774 0.576324
2 0.570988 0.000000 0.419753 0.435185 0.469136 0.456790 0.416667 0.422839 0.441358 0.450617 0.493827
3 0.582043 0.419753 0.000000 0.351852 0.473684 0.461300 0.458204 0.433437 0.476780 0.386997 0.492260
4 0.598765 0.432099 0.354938 0.000000 0.472222 0.410494 0.462963 0.438272 0.478395 0.382716 0.478395
5 0.596273 0.462963 0.470588 0.456790 0.000000 0.440994 0.458204 0.276398 0.487578 0.475155 0.493789
6 0.562500 0.453704 0.464396 0.404321 0.447205 0.000000 0.461300 0.400000 0.475000 0.471875 0.342679
7 0.551084 0.419753 0.461300 0.459877 0.473684 0.439628 0.000000 0.461300 0.263158 0.470588 0.489164
8 0.581250 0.419753 0.421053 0.429012 0.276398 0.390625 0.445820 0.000000 0.434375 0.440625 0.457944
9 0.581250 0.453704 0.486068 0.475309 0.515528 0.440625 0.256966 0.450000 0.000000 0.481250 0.529595
10 0.619497 0.487654 0.433437 0.370370 0.468944 0.468750 0.470588 0.456250 0.475000 0.000000 0.485981
11 0.588785 0.478395 0.482972 0.475309 0.490683 0.345794 0.476780 0.467290 0.485981 0.485981 0.000000
