11
1 0.000000 0.440594 0.341584 0.321782 0.348656 0.310467 0.379774 0.323197 0.364085 0.378970 0.320368
2 0.426450 0.000000 0.343772 0.333808 0.361309 0.334043 0.376771 0.342999 0.372535 0.383204 0.313517
3 0.331683 0.353025 0.000000 0.245726 0.192745 0.248936 0.308782 0.178218 0.279577 0.297812 0.229299
4 0.318246 0.340214 0.249288 0.000000 0.243243 0.088652 0.281870 0.246110 0.273239 0.282992 0.199575
5 0.338755 0.364154 0.189900 0.238265 0.000000 0.236170 0.311615 0.217115 0.273239 0.300635 0.222930
6 0.347242 0.382979 0.286525 0.095745 0.270213 0.000000 0.279745 0.263083 0.297887 0.281581 0.214437
7 0.418670 0.421388 0.349858 0.305949 0.349858 0.313739 0.000000 0.328147 0.368310 0.366972 0.252654
8 0.322489 0.353607 0.181754 0.247525 0.222772 0.234795 0.295615 0.000000 0.268310 0.280169 0.218529
9 0.369718 0.385915 0.286620 0.281690 0.283099 0.268310 0.335211 0.273239 0.000000 0.307746 0.260563
10 0.378264 0.396613 0.302752 0.290755 0.312632 0.286521 0.334510 0.285815 0.309155 0.000000 0.251235
11 0.353607 0.334041 0.257608 0.220099 0.245577 0.212314 0.252654 0.225601 0.277465 0.272406 0.000000
