11
1 0.000000 0.858224 0.860289 0.854783 0.865795 0.852719 0.857536 0.867860 0.869924 0.859601 0.864512
2 0.858224 0.000000 0.845836 0.819559 0.863636 0.804542 0.861570 0.864325 0.867080 0.854783 0.859697
3 0.859601 0.846524 0.000000 0.843083 0.862354 0.839642 0.859601 0.863730 0.867860 0.857536 0.863824
4 0.856160 0.814738 0.843083 0.000000 0.860882 0.816930 0.854683 0.860193 0.865014 0.854783 0.861073
5 0.864418 0.865014 0.860289 0.862948 0.000000 0.861666 0.867769 0.838043 0.861570 0.865795 0.854195
6 0.852030 0.807295 0.840330 0.814866 0.865107 0.000000 0.857536 0.866483 0.865107 0.852030 0.859697
7 0.858224 0.861570 0.859601 0.858815 0.867769 0.854783 0.000000 0.869835 0.867769 0.839642 0.863136
8 0.867171 0.863636 0.865107 0.860882 0.838043 0.864418 0.869835 0.000000 0.862948 0.868548 0.854883
9 0.867171 0.868457 0.866483 0.865014 0.862948 0.865107 0.869835 0.865014 0.000000 0.870613 0.860385
10 0.861666 0.856160 0.858224 0.856160 0.865795 0.854783 0.840330 0.869236 0.869236 0.000000 0.862448
11 0.867263 0.861073 0.865199 0.862448 0.856259 0.863824 0.867263 0.856259 0.860385 0.866575 0.000000
