11
1 0.000000 0.158216 0.149638 0.156691 0.150210 0.132101 0.145825 0.138772 0.144682 0.157644 0.144872
2 0.157644 0.000000 0.191303 0.193019 0.146262 0.164316 0.183673 0.116683 0.189014 0.195843 0.136754
3 0.149447 0.191684 0.000000 0.164441 0.177155 0.089592 0.160214 0.163584 0.167112 0.170099 0.172420
4 0.154785 0.191303 0.162533 0.000000 0.183066 0.151544 0.105093 0.168351 0.108376 0.118040 0.177952
5 0.150019 0.147025 0.177727 0.185355 0.000000 0.154785 0.174676 0.118208 0.176201 0.187262 0.081236
6 0.132101 0.164125 0.089592 0.153831 0.154594 0.000000 0.143538 0.139344 0.148303 0.156881 0.148494
7 0.145444 0.183864 0.160214 0.106618 0.174104 0.143347 0.000000 0.160725 0.081633 0.104882 0.170513
8 0.138582 0.117064 0.163775 0.170257 0.117826 0.139535 0.161106 0.000000 0.164538 0.174071 0.112679
9 0.143919 0.188442 0.166730 0.109330 0.175057 0.147350 0.081251 0.164156 0.000000 0.110793 0.171085
10 0.156881 0.195461 0.169718 0.119375 0.186117 0.156310 0.104691 0.173689 0.110984 0.000000 0.182494
11 0.143729 0.137326 0.172230 0.179477 0.080092 0.148113 0.170132 0.112107 0.171467 0.182876 0.000000
