11
1 0.000000 0.081914 0.078766 0.076441 0.076746 0.079200 0.091371 0.079812 0.077823 0.075332 0.077267
2 0.081789 0.000000 0.054024 0.050374 0.051635 0.055211 0.070317 0.054637 0.065344 0.050305 0.050826
3 0.078855 0.054436 0.000000 0.038611 0.040405 0.038719 0.068539 0.036548 0.062923 0.040725 0.041033
4 0.076495 0.050554 0.038432 0.000000 0.024245 0.040551 0.065305 0.039744 0.058863 0.033692 0.025663
5 0.076639 0.051689 0.040118 0.024191 0.000000 0.041843 0.065616 0.041611 0.059442 0.033297 0.024946
6 0.079505 0.055713 0.038880 0.041000 0.042435 0.000000 0.070175 0.040515 0.063034 0.042591 0.042023
7 0.088948 0.067983 0.065847 0.062793 0.063175 0.067466 0.000000 0.067198 0.072515 0.062756 0.063711
8 0.079938 0.054996 0.036620 0.040032 0.042005 0.040246 0.069818 0.000000 0.063537 0.041945 0.041611
9 0.077536 0.065147 0.062313 0.058432 0.059065 0.062083 0.074669 0.062820 0.000000 0.058881 0.059189
10 0.075619 0.050807 0.040814 0.034069 0.033638 0.042411 0.065554 0.041963 0.059580 0.000000 0.035935
11 0.077159 0.050933 0.040818 0.025537 0.024982 0.041700 0.066134 0.041377 0.059620 0.035576 0.000000
