11
1 0.000000 0.048093 0.046907 0.048040 0.044682 0.047213 0.048297 0.043480 0.048307 0.049416 0.043997
2 0.048520 0.000000 0.055542 0.055278 0.044183 0.055597 0.056110 0.037820 0.055980 0.057125 0.042789
3 0.047475 0.055648 0.000000 0.049849 0.052521 0.035241 0.049647 0.051313 0.049941 0.051618 0.051491
4 0.050523 0.057797 0.051801 0.000000 0.053610 0.052368 0.039596 0.053575 0.038602 0.042221 0.053681
5 0.045251 0.044432 0.052308 0.051623 0.000000 0.053181 0.052133 0.039172 0.052321 0.053714 0.029888
6 0.048243 0.056130 0.035667 0.051020 0.053608 0.000000 0.051458 0.051618 0.051540 0.052862 0.052293
7 0.049540 0.057069 0.050570 0.038354 0.052843 0.051813 0.000000 0.052062 0.034483 0.038531 0.053304
8 0.043053 0.037038 0.050354 0.050665 0.038390 0.050197 0.050463 0.000000 0.050723 0.051369 0.037920
9 0.049622 0.057010 0.050616 0.037289 0.053209 0.051788 0.034305 0.052357 0.000000 0.039250 0.053493
10 0.050339 0.057622 0.052187 0.040624 0.054069 0.052719 0.038176 0.052648 0.038895 0.000000 0.053963
11 0.044495 0.042896 0.051420 0.051517 0.029888 0.051725 0.052665 0.038915 0.052570 0.053501 0.000000
