11
1 0.000000 0.409692 0.368964 0.386682 0.407321 0.383762 0.380572 0.388629 0.324766 0.389332 0.385948
2 0.409887 0.000000 0.381666 0.371740 0.418645 0.315882 0.330090 0.393344 0.370767 0.267808 0.398404
3 0.368964 0.381471 0.000000 0.371106 0.361565 0.359229 0.350399 0.340148 0.252142 0.374343 0.358505
4 0.386877 0.371740 0.371106 0.000000 0.410436 0.365070 0.373564 0.387072 0.347936 0.364220 0.357532
5 0.407126 0.417867 0.361176 0.410047 0.000000 0.397391 0.386607 0.390382 0.324377 0.406852 0.398404
6 0.383567 0.315492 0.359034 0.364875 0.397975 0.000000 0.272922 0.381815 0.328466 0.304263 0.367069
7 0.380962 0.330090 0.350594 0.373759 0.386996 0.273506 0.000000 0.369087 0.315554 0.305042 0.353640
8 0.388240 0.392954 0.339759 0.387266 0.390382 0.381620 0.368503 0.000000 0.322493 0.376679 0.384585
9 0.324377 0.370183 0.251752 0.347741 0.324377 0.328271 0.315165 0.322493 0.000000 0.339498 0.326586
10 0.389332 0.267614 0.373564 0.364026 0.406658 0.304263 0.304263 0.376290 0.338914 0.000000 0.373102
11 0.386337 0.398988 0.358894 0.357921 0.398988 0.367653 0.353834 0.385169 0.327170 0.373686 0.000000
