11
1 0.000000 0.892240 0.890401 0.893343 0.888971 0.901434 0.886723 0.887091 0.894079 0.891136 0.891504
2 0.894446 0.000000 0.764619 0.827510 0.851838 0.898124 0.802501 0.835969 0.876793 0.702096 0.853990
3 0.890401 0.765723 0.000000 0.823097 0.840809 0.897021 0.783008 0.810224 0.876057 0.774182 0.847370
4 0.892240 0.826039 0.821626 0.000000 0.855515 0.896247 0.816477 0.830022 0.875230 0.831432 0.855462
5 0.890074 0.850735 0.840074 0.855882 0.000000 0.891544 0.830147 0.836765 0.863603 0.854779 0.791176
6 0.901802 0.898860 0.895182 0.896983 0.888603 0.000000 0.892608 0.886313 0.895144 0.895144 0.889298
7 0.886355 0.803236 0.782273 0.815741 0.830515 0.890033 0.000000 0.813902 0.869437 0.811328 0.846267
8 0.886723 0.832659 0.809489 0.827079 0.836765 0.883002 0.813534 0.000000 0.871597 0.839588 0.839647
9 0.894446 0.877161 0.873483 0.874494 0.863971 0.893672 0.869805 0.867918 0.000000 0.875598 0.864656
10 0.888930 0.698419 0.774182 0.833272 0.852941 0.894040 0.812063 0.839588 0.873758 0.000000 0.859875
11 0.892240 0.855094 0.847370 0.855094 0.790441 0.890033 0.847003 0.843693 0.866127 0.862449 0.000000
