11
1 0.000000 0.535637 0.443005 0.414824 0.461934 0.415886 0.490878 0.454997 0.452590 0.466908 0.421568
2 0.537850 0.000000 0.463298 0.421780 0.479558 0.422886 0.507776 0.473452 0.476653 0.487304 0.436954
3 0.446850 0.464501 0.000000 0.313750 0.252791 0.316531 0.378653 0.282393 0.324459 0.352582 0.294107
4 0.415832 0.421266 0.311719 0.000000 0.335567 0.121158 0.371302 0.327997 0.327661 0.348948 0.278471
5 0.462666 0.478254 0.249990 0.334697 0.000000 0.336003 0.398010 0.302984 0.339961 0.368560 0.313569
6 0.417151 0.422412 0.314578 0.120901 0.336695 0.000000 0.370882 0.328430 0.325918 0.348614 0.276773
7 0.491333 0.505977 0.375892 0.370452 0.398386 0.370091 0.000000 0.382658 0.387055 0.406338 0.308157
8 0.455591 0.471931 0.279572 0.327127 0.303023 0.327797 0.382638 0.000000 0.339289 0.359388 0.303298
9 0.452986 0.475329 0.321224 0.326732 0.339803 0.325365 0.387253 0.339467 0.000000 0.355592 0.301047
10 0.467956 0.486099 0.350215 0.348829 0.369233 0.348654 0.407148 0.360278 0.356719 0.000000 0.320541
11 0.423761 0.436915 0.293023 0.279558 0.315287 0.277800 0.310172 0.305372 0.302884 0.321509 0.000000
