11
1 0.000000 0.927123 0.933175 0.923764 0.924653 0.928192 0.929081 0.925505 0.933749 0.928151 0.927720
2 0.927671 0.000000 0.901406 0.885829 0.894429 0.886210 0.906849 0.899178 0.908128 0.904110 0.903927
3 0.938835 0.904875 0.000000 0.900237 0.900493 0.909805 0.903779 0.915465 0.913456 0.917291 0.916195
4 0.930148 0.894036 0.902790 0.000000 0.851541 0.901514 0.905526 0.912274 0.902790 0.908444 0.912457
5 0.929225 0.898813 0.898850 0.856648 0.000000 0.897952 0.902212 0.912399 0.912582 0.905267 0.911302
6 0.934970 0.891872 0.910718 0.901879 0.899598 0.000000 0.905685 0.907675 0.904561 0.904561 0.903645
7 0.935478 0.910868 0.904875 0.905526 0.904040 0.904588 0.000000 0.803692 0.912630 0.872967 0.734052
8 0.930459 0.901187 0.913821 0.910633 0.912217 0.907126 0.799305 0.000000 0.918165 0.868257 0.805357
9 0.940723 0.910137 0.913091 0.904797 0.913862 0.904195 0.911899 0.917982 0.000000 0.913195 0.914144
10 0.929254 0.904840 0.914369 0.906073 0.903804 0.904012 0.871321 0.869358 0.910259 0.000000 0.873785
11 0.931572 0.911050 0.914552 0.911545 0.911485 0.905477 0.718516 0.795634 0.910659 0.877454 0.000000
