11
1 0.000000 0.857894 0.867017 0.906737 0.882399 0.873053 0.888435 0.870522 0.883372 0.859451 0.865538
2 0.856726 0.000000 0.786062 0.845435 0.825968 0.769905 0.843294 0.793459 0.817987 0.786646 0.783615
3 0.867017 0.784505 0.000000 0.868744 0.826485 0.808801 0.842874 0.836449 0.821262 0.685225 0.840241
4 0.906153 0.844267 0.867575 0.000000 0.869133 0.862150 0.880841 0.864486 0.873637 0.848550 0.870597
5 0.882009 0.824606 0.826095 0.869523 0.000000 0.835864 0.682243 0.831386 0.834307 0.797742 0.841798
6 0.871690 0.769321 0.809190 0.862539 0.834891 0.000000 0.855335 0.808606 0.838006 0.811952 0.778945
7 0.888045 0.843294 0.842874 0.881815 0.683801 0.855724 0.000000 0.856114 0.832749 0.826747 0.857365
8 0.871106 0.794043 0.837033 0.865070 0.832165 0.808801 0.856114 0.000000 0.842679 0.815262 0.700525
9 0.881815 0.815846 0.821067 0.871690 0.835475 0.836059 0.833139 0.843263 0.000000 0.811369 0.836155
10 0.858867 0.785283 0.684835 0.848355 0.797742 0.811563 0.825774 0.815262 0.810590 0.000000 0.821561
11 0.866511 0.784394 0.841993 0.870403 0.843160 0.779529 0.857949 0.700720 0.837712 0.822923 0.000000
