11
1 0.000000 0.512868 0.536397 0.584926 0.555882 0.634926 0.570588 0.578309 0.531985 0.555147 0.566912
2 0.512132 0.000000 0.476646 0.541743 0.335173 0.588300 0.391096 0.423105 0.214128 0.352335 0.526471
3 0.534559 0.477381 0.000000 0.383965 0.511953 0.575947 0.525929 0.542479 0.484737 0.511585 0.370588
4 0.585662 0.543582 0.386171 0.000000 0.562707 0.634792 0.586245 0.596175 0.566017 0.559765 0.387132
5 0.554044 0.334437 0.509011 0.561236 0.000000 0.615526 0.430254 0.445712 0.337137 0.389849 0.565441
6 0.632353 0.587932 0.577786 0.633321 0.618102 0.000000 0.626932 0.650110 0.589404 0.612357 0.608456
7 0.566544 0.391464 0.527032 0.582567 0.429518 0.625828 0.000000 0.451601 0.381671 0.318499 0.577941
8 0.576471 0.423105 0.543214 0.594336 0.445712 0.650846 0.451601 0.000000 0.405594 0.403089 0.583456
9 0.529044 0.213760 0.483266 0.561971 0.337873 0.587564 0.381671 0.404490 0.000000 0.339463 0.541544
10 0.551838 0.351600 0.511585 0.556822 0.389849 0.610886 0.318867 0.403825 0.339095 0.000000 0.543015
11 0.567279 0.527941 0.370956 0.386397 0.566912 0.609559 0.579779 0.584559 0.541544 0.545956 0.000000
