11
1 0.000000 0.855272 0.851342 0.856749 0.851342 0.859010 0.859010 0.851444 0.852820 0.851444 0.851546
2 0.855961 0.000000 0.854095 0.858815 0.856160 0.852820 0.831499 0.757909 0.856946 0.779917 0.857045
3 0.851342 0.855471 0.000000 0.849277 0.852030 0.841816 0.854883 0.850757 0.847318 0.850757 0.808935
4 0.858815 0.858815 0.849966 0.000000 0.805231 0.805364 0.865199 0.853508 0.798487 0.850757 0.849485
5 0.855471 0.854095 0.855471 0.804542 0.000000 0.736589 0.859697 0.858322 0.749656 0.845942 0.853608
6 0.862448 0.856259 0.843879 0.805364 0.739340 0.000000 0.861073 0.856259 0.749656 0.849381 0.852921
7 0.860385 0.834250 0.857634 0.866575 0.859010 0.860385 0.000000 0.845254 0.861073 0.833563 0.859107
8 0.851444 0.762724 0.854883 0.856259 0.858322 0.856259 0.847318 0.000000 0.858322 0.777166 0.854296
9 0.854883 0.856946 0.847318 0.799175 0.750344 0.746905 0.859010 0.856946 0.000000 0.849381 0.848797
10 0.853508 0.781293 0.853508 0.854195 0.846630 0.848005 0.832187 0.775791 0.849381 0.000000 0.849485
11 0.856357 0.857732 0.807560 0.848110 0.856357 0.853608 0.860481 0.857732 0.849485 0.852234 0.000000
