11
1 0.000000 0.741890 0.728491 0.765867 0.760365 0.750704 0.740662 0.764457 0.756700 0.772920 0.765162
2 0.731312 0.000000 0.569002 0.670931 0.553760 0.705634 0.618041 0.413646 0.662402 0.634302 0.676116
3 0.673484 0.521585 0.000000 0.620665 0.498243 0.599296 0.546864 0.482661 0.588818 0.542109 0.593772
4 0.711566 0.626866 0.606511 0.000000 0.631061 0.485211 0.636364 0.602135 0.638434 0.643515 0.620836
5 0.708363 0.519325 0.510190 0.654252 0.000000 0.632467 0.581167 0.472944 0.614898 0.631061 0.634575
6 0.746479 0.671127 0.654930 0.555634 0.664793 0.000000 0.671831 0.628873 0.607042 0.683099 0.669014
7 0.697674 0.575053 0.548978 0.654686 0.574842 0.642958 0.000000 0.555321 0.618041 0.396054 0.635659
8 0.692525 0.405117 0.488323 0.611388 0.460295 0.654225 0.551092 0.000000 0.579473 0.566265 0.652729
9 0.736953 0.653874 0.626327 0.604270 0.607168 0.610563 0.616631 0.612259 0.000000 0.622254 0.510276
10 0.758815 0.632176 0.586695 0.693834 0.622628 0.678873 0.431290 0.584692 0.654855 0.000000 0.692417
11 0.713681 0.629341 0.597311 0.635719 0.631061 0.611972 0.637773 0.613749 0.499646 0.654146 0.000000
