11
1 0.000000 0.197727 0.190909 0.175000 0.188636 0.215909 0.161364 0.197727 0.168182 0.181406 0.175000
2 0.195455 0.000000 0.118182 0.113895 0.123007 0.129545 0.109339 0.140909 0.159091 0.106576 0.088636
3 0.188636 0.118182 0.000000 0.045455 0.086364 0.093182 0.097727 0.072727 0.129545 0.068027 0.075000
4 0.175000 0.113895 0.045455 0.000000 0.056948 0.086364 0.079727 0.065909 0.120455 0.058957 0.045455
5 0.186364 0.123007 0.086364 0.054670 0.000000 0.125000 0.100228 0.104545 0.140909 0.079365 0.065909
6 0.215909 0.129545 0.093182 0.086364 0.125000 0.000000 0.143182 0.086364 0.170455 0.086168 0.093182
7 0.161364 0.107062 0.097727 0.079727 0.100228 0.143182 0.000000 0.111364 0.111364 0.092971 0.075000
8 0.195455 0.140909 0.072727 0.065909 0.104545 0.086364 0.111364 0.000000 0.143182 0.079365 0.075000
9 0.168182 0.159091 0.129545 0.120455 0.140909 0.170455 0.113636 0.143182 0.000000 0.126984 0.118182
10 0.179138 0.106576 0.068027 0.058957 0.079365 0.086168 0.092971 0.079365 0.126984 0.000000 0.036281
11 0.175000 0.088636 0.075000 0.047727 0.065909 0.093182 0.077273 0.075000 0.118182 0.036281 0.000000
