11
1 0.000000 0.600966 0.586972 0.574333 0.601711 0.575718 0.601162 0.570192 0.584676 0.599776 0.551787
2 0.599239 0.000000 0.534020 0.504986 0.393601 0.492772 0.408160 0.495574 0.512126 0.403283 0.472694
3 0.586541 0.535080 0.000000 0.501256 0.542664 0.507306 0.536161 0.493533 0.514429 0.532762 0.473714
4 0.574078 0.506399 0.501649 0.000000 0.512396 0.462430 0.503778 0.324383 0.452593 0.503403 0.403507
5 0.601103 0.394661 0.543233 0.511768 0.000000 0.497107 0.416129 0.505074 0.522838 0.415305 0.483679
6 0.576071 0.494518 0.508463 0.462842 0.498205 0.000000 0.490752 0.447798 0.476925 0.489243 0.431617
7 0.600769 0.409574 0.536808 0.503660 0.416207 0.490517 0.000000 0.497714 0.516770 0.289004 0.476755
8 0.569623 0.496869 0.493808 0.324246 0.504426 0.446955 0.497714 0.000000 0.438752 0.494773 0.385912
9 0.583754 0.513009 0.514154 0.451023 0.522210 0.475807 0.515887 0.438301 0.000000 0.514268 0.350328
10 0.600169 0.405166 0.533743 0.503834 0.416364 0.489105 0.288964 0.495617 0.515386 0.000000 0.474632
11 0.551042 0.474028 0.473753 0.403409 0.483718 0.430695 0.476284 0.386324 0.350583 0.473985 0.000000
