11
1 0.000000 0.363395 0.262599 0.297082 0.334218 0.289125 0.344828 0.257294 0.275862 0.280423 0.298942
2 0.366048 0.000000 0.315650 0.323607 0.368700 0.278515 0.289125 0.289125 0.291777 0.219577 0.304233
3 0.262599 0.315650 0.000000 0.267905 0.278515 0.281167 0.302387 0.238727 0.143236 0.230159 0.227513
4 0.297082 0.320955 0.267905 0.000000 0.331565 0.294430 0.331565 0.265252 0.275862 0.277778 0.240741
5 0.334218 0.368700 0.278515 0.334218 0.000000 0.310345 0.374005 0.286472 0.246684 0.291005 0.285714
6 0.289125 0.278515 0.281167 0.294430 0.307692 0.000000 0.230769 0.262599 0.267905 0.235450 0.256614
7 0.344828 0.289125 0.302387 0.331565 0.374005 0.230769 0.000000 0.283820 0.305040 0.224868 0.314815
8 0.257294 0.289125 0.238727 0.265252 0.283820 0.262599 0.281167 0.000000 0.201592 0.203704 0.238095
9 0.275862 0.291777 0.143236 0.275862 0.246684 0.267905 0.305040 0.201592 0.000000 0.216931 0.224868
10 0.280423 0.219577 0.227513 0.277778 0.291005 0.235450 0.224868 0.203704 0.214286 0.000000 0.235450
11 0.298942 0.304233 0.227513 0.240741 0.285714 0.259259 0.314815 0.240741 0.224868 0.238095 0.000000
