11
1 0.000000 0.711727 0.696834 0.678512 0.681614 0.718496 0.688808 0.731841 0.742412 0.763215 0.747389
2 0.705092 0.000000 0.604177 0.597446 0.505391 0.603577 0.553326 0.605804 0.617681 0.604640 0.607492
3 0.714238 0.598707 0.000000 0.515664 0.605835 0.315118 0.569368 0.579645 0.640312 0.634631 0.629538
4 0.706410 0.606900 0.509199 0.000000 0.613085 0.515317 0.554633 0.584577 0.618842 0.612096 0.592077
5 0.702043 0.509537 0.612962 0.640817 0.000000 0.621626 0.564596 0.594196 0.646210 0.655178 0.638986
6 0.721311 0.613015 0.322073 0.543467 0.613512 0.000000 0.588177 0.589170 0.643650 0.648121 0.635370
7 0.685819 0.533754 0.560252 0.565925 0.564098 0.571618 0.000000 0.439967 0.513352 0.478210 0.451351
8 0.718076 0.598176 0.579977 0.589718 0.595357 0.573936 0.440962 0.000000 0.480265 0.571665 0.508039
9 0.747553 0.586167 0.628046 0.605905 0.629458 0.633880 0.520153 0.478607 0.000000 0.578625 0.539367
10 0.759238 0.606628 0.620547 0.614913 0.637780 0.633217 0.491301 0.548467 0.577133 0.000000 0.528915
11 0.742748 0.593403 0.625228 0.598376 0.613791 0.617321 0.451185 0.490635 0.545997 0.527092 0.000000
