11
1 0.000000 0.661376 0.661376 0.653439 0.656085 0.645503 0.656085 0.658730 0.653439 0.654354 0.650794
2 0.653439 0.000000 0.644562 0.637566 0.649867 0.641910 0.644562 0.641910 0.647215 0.654354 0.642857
3 0.650794 0.636605 0.000000 0.632275 0.596817 0.636605 0.631300 0.647215 0.620690 0.649077 0.658730
4 0.648148 0.645503 0.637566 0.000000 0.648148 0.640212 0.592593 0.645503 0.645503 0.638522 0.653439
5 0.656085 0.652520 0.602122 0.650794 0.000000 0.641910 0.647215 0.652520 0.631300 0.656992 0.664021
6 0.645503 0.641910 0.639257 0.634921 0.636605 0.000000 0.652520 0.567639 0.633952 0.646438 0.645503
7 0.640212 0.639257 0.625995 0.584656 0.639257 0.647215 0.000000 0.641910 0.636605 0.633245 0.642857
8 0.650794 0.647215 0.652520 0.640212 0.649867 0.564987 0.641910 0.000000 0.641910 0.641161 0.640212
9 0.640212 0.644562 0.623342 0.634921 0.628647 0.625995 0.639257 0.636605 0.000000 0.649077 0.648148
10 0.651715 0.656992 0.651715 0.638522 0.656992 0.646438 0.646438 0.643799 0.654354 0.000000 0.638522
11 0.653439 0.648148 0.669312 0.658730 0.666667 0.658730 0.656085 0.656085 0.664021 0.643799 0.000000
