11
1 0.000000 0.277403 0.273506 0.282201 0.276309 0.265636 0.281962 0.278680 0.280248 0.276948 0.277455
2 0.268649 0.000000 0.243622 0.231554 0.178187 0.223091 0.252512 0.248126 0.156706 0.178623 0.223273
3 0.285714 0.253098 0.000000 0.221534 0.229592 0.185455 0.127551 0.134111 0.245445 0.231428 0.213636
4 0.272727 0.230643 0.213336 0.000000 0.212243 0.198545 0.218983 0.226271 0.226453 0.216497 0.167636
5 0.264271 0.176728 0.221210 0.209146 0.000000 0.207636 0.228342 0.225971 0.150875 0.102331 0.205273
6 0.265636 0.225091 0.180364 0.202909 0.211273 0.000000 0.185818 0.181455 0.229091 0.209091 0.193636
7 0.289622 0.258725 0.124271 0.220441 0.234726 0.181455 0.000000 0.141970 0.250911 0.226693 0.218909
8 0.285792 0.251783 0.128462 0.229914 0.231078 0.175455 0.146903 0.000000 0.245991 0.224144 0.214909
9 0.270773 0.155612 0.234147 0.226453 0.154155 0.225273 0.244898 0.241071 0.000000 0.160779 0.219636
10 0.265659 0.179534 0.221049 0.215404 0.103787 0.205273 0.227422 0.220320 0.162054 0.000000 0.199636
11 0.269636 0.226909 0.207091 0.169091 0.209455 0.191091 0.216364 0.213636 0.219455 0.201455 0.000000
