11
1 0.000000 0.273560 0.273683 0.262051 0.263788 0.292524 0.273273 0.255905 0.272223 0.262295 0.294893
2 0.268331 0.000000 0.221598 0.206237 0.207970 0.228150 0.203875 0.199530 0.205200 0.205399 0.229901
3 0.274975 0.227950 0.000000 0.163790 0.213219 0.250323 0.227178 0.202885 0.224756 0.157403 0.253032
4 0.262715 0.211425 0.162319 0.000000 0.199271 0.232727 0.210814 0.186122 0.209181 0.134898 0.237617
5 0.262819 0.213897 0.212789 0.197673 0.000000 0.235849 0.214113 0.113755 0.211430 0.196245 0.241177
6 0.295323 0.234306 0.248152 0.233983 0.237841 0.000000 0.237806 0.229335 0.236549 0.231345 0.169879
7 0.274261 0.208332 0.224433 0.209701 0.213017 0.234593 0.000000 0.204824 0.119396 0.209760 0.238471
8 0.255905 0.204753 0.201934 0.186858 0.113648 0.229138 0.205632 0.000000 0.204771 0.186374 0.233003
9 0.273228 0.210765 0.225222 0.208175 0.212884 0.235634 0.120366 0.204268 0.000000 0.209204 0.240336
10 0.263730 0.210496 0.157080 0.135706 0.197843 0.231399 0.211681 0.187199 0.209437 0.000000 0.236413
11 0.291550 0.231071 0.247829 0.235571 0.238843 0.166182 0.236153 0.229719 0.236907 0.232052 0.000000
