11
1 0.000000 0.921824 0.889613 0.904090 0.881288 0.896127 0.886717 0.890698 0.908828 0.883460 0.872648
2 0.923996 0.000000 0.922408 0.920566 0.913106 0.915698 0.907441 0.909355 0.925470 0.913881 0.905572
3 0.883098 0.912255 0.000000 0.882524 0.849747 0.849891 0.803118 0.847353 0.887844 0.828499 0.837554
4 0.902280 0.919115 0.875272 0.000000 0.845040 0.830250 0.861081 0.873096 0.900506 0.800871 0.807525
5 0.885993 0.912020 0.864229 0.847574 0.000000 0.821144 0.831644 0.850109 0.887482 0.779508 0.784732
6 0.891784 0.911701 0.862944 0.828074 0.816799 0.000000 0.827223 0.847353 0.887482 0.725554 0.725036
7 0.887441 0.906715 0.825236 0.863257 0.831644 0.836298 0.000000 0.828499 0.883502 0.817423 0.823806
8 0.895042 0.909717 0.862582 0.860044 0.849747 0.835751 0.811820 0.000000 0.886397 0.806744 0.835022
9 0.905572 0.925832 0.890738 0.910637 0.892909 0.893271 0.876990 0.887482 0.000000 0.887482 0.888567
10 0.863916 0.900073 0.825236 0.777294 0.749819 0.705198 0.795644 0.806019 0.861071 0.000000 0.543054
11 0.876266 0.909551 0.843343 0.811505 0.765919 0.732634 0.825615 0.834298 0.887120 0.578509 0.000000
