11
1 0.000000 0.980773 0.984712 0.982361 0.982741 0.983774 0.975223 0.982811 0.987143 0.983438 0.985751
2 0.981322 0.000000 0.960642 0.951685 0.913198 0.963708 0.936363 0.957996 0.967699 0.961995 0.962445
3 0.983517 0.959936 0.000000 0.933271 0.965013 0.745561 0.942983 0.962050 0.972285 0.966547 0.965201
4 0.982086 0.950430 0.932663 0.000000 0.960625 0.937605 0.931172 0.957698 0.968757 0.962460 0.960245
5 0.983584 0.913021 0.966639 0.962388 0.000000 0.968558 0.945843 0.963916 0.973456 0.971281 0.967128
6 0.984147 0.963610 0.746091 0.938252 0.967442 0.000000 0.944903 0.963806 0.975936 0.970116 0.968058
7 0.976476 0.937420 0.945275 0.933914 0.946783 0.946705 0.000000 0.880971 0.916090 0.910606 0.866849
8 0.983478 0.957232 0.962991 0.959031 0.962897 0.964393 0.879718 0.000000 0.888338 0.944897 0.928314
9 0.987280 0.967444 0.971893 0.970129 0.972711 0.974878 0.914426 0.888024 0.000000 0.958467 0.946002
10 0.982439 0.960662 0.966135 0.961715 0.968304 0.968470 0.908021 0.943310 0.957977 0.000000 0.947487
11 0.984222 0.961171 0.964986 0.960147 0.965228 0.966745 0.864950 0.927353 0.945159 0.948271 0.000000
