11
1 0.000000 0.794953 0.783951 0.776758 0.773292 0.824451 0.794953 0.844237 0.801858 0.811728 0.798762
2 0.791798 0.000000 0.759259 0.770642 0.701863 0.771160 0.753943 0.788162 0.758514 0.768519 0.767802
3 0.805556 0.777778 0.000000 0.730887 0.765432 0.503086 0.768519 0.740741 0.753086 0.780864 0.771605
4 0.813456 0.798165 0.746177 0.000000 0.758410 0.746177 0.792049 0.782875 0.792049 0.798165 0.761468
5 0.782609 0.723602 0.750000 0.733945 0.000000 0.760870 0.708075 0.770186 0.755418 0.756173 0.755418
6 0.811912 0.774295 0.496914 0.721713 0.757764 0.000000 0.749216 0.757009 0.764706 0.774691 0.758514
7 0.791798 0.744479 0.740741 0.752294 0.701863 0.736677 0.000000 0.722741 0.708978 0.685185 0.678019
8 0.825545 0.800623 0.728395 0.758410 0.757764 0.763240 0.735202 0.000000 0.696594 0.768519 0.721362
9 0.817337 0.786378 0.756173 0.770642 0.752322 0.770898 0.721362 0.699690 0.000000 0.756173 0.767802
10 0.824074 0.787037 0.762346 0.785933 0.759259 0.787037 0.697531 0.777778 0.756173 0.000000 0.740741
11 0.811145 0.795666 0.771605 0.740061 0.752322 0.780186 0.730650 0.739938 0.758514 0.740741 0.000000
