11
1 0.000000 0.647288 0.641421 0.666508 0.666229 0.661764 0.667647 0.674152 0.637495 0.637122 0.640280
2 0.647566 0.000000 0.469006 0.633459 0.633539 0.629247 0.629565 0.634413 0.595390 0.470256 0.293185
3 0.641580 0.469006 0.000000 0.635421 0.638560 0.628705 0.619367 0.630732 0.589287 0.322578 0.466661
4 0.666508 0.633459 0.635540 0.000000 0.447439 0.451453 0.614513 0.665594 0.596558 0.633520 0.629153
5 0.666150 0.633340 0.638322 0.447319 0.000000 0.393314 0.613043 0.660718 0.599976 0.628657 0.626649
6 0.661764 0.629048 0.628626 0.451333 0.393434 0.000000 0.612725 0.653563 0.585668 0.620032 0.621761
7 0.667687 0.629565 0.619288 0.614553 0.613242 0.612884 0.000000 0.656837 0.580773 0.617136 0.619138
8 0.674351 0.634254 0.630652 0.665355 0.660638 0.653881 0.656718 0.000000 0.634077 0.624960 0.628914
9 0.637574 0.595152 0.589088 0.596399 0.600016 0.585589 0.580495 0.633918 0.000000 0.583204 0.589612
10 0.637202 0.470058 0.322459 0.633401 0.628696 0.619992 0.617176 0.625000 0.583323 0.000000 0.461294
11 0.640637 0.293225 0.466820 0.629232 0.626967 0.621960 0.619258 0.629073 0.589851 0.461572 0.000000
