11
1 0.000000 0.895728 0.891226 0.896302 0.894928 0.896377 0.890580 0.899275 0.900072 0.889935 0.892909
2 0.896452 0.000000 0.881970 0.878349 0.841419 0.888487 0.868936 0.875453 0.892831 0.875453 0.870478
3 0.891951 0.881970 0.000000 0.878173 0.883333 0.747101 0.871739 0.882609 0.887762 0.887762 0.883502
4 0.894851 0.874728 0.873822 0.000000 0.874638 0.866667 0.865217 0.876812 0.884142 0.881970 0.867583
5 0.894928 0.844316 0.883333 0.878261 0.000000 0.886957 0.859420 0.874638 0.884142 0.882694 0.876990
6 0.899275 0.885590 0.742029 0.868841 0.883333 0.000000 0.877536 0.876812 0.882694 0.890659 0.876990
7 0.889855 0.868211 0.876812 0.867391 0.859420 0.879710 0.000000 0.855797 0.854453 0.847212 0.809696
8 0.899275 0.874728 0.883333 0.878986 0.869565 0.876812 0.852174 0.000000 0.835626 0.868936 0.843705
9 0.900797 0.892831 0.887038 0.888487 0.884142 0.884866 0.854453 0.837799 0.000000 0.879073 0.858177
10 0.892831 0.874728 0.887038 0.883418 0.879797 0.890659 0.845040 0.866039 0.877625 0.000000 0.859624
11 0.895080 0.870478 0.883502 0.874095 0.874819 0.876990 0.811143 0.848046 0.861071 0.861794 0.000000
