11
1 0.000000 0.273060 0.273820 0.278861 0.273426 0.282004 0.278557 0.278765 0.274612 0.275182 0.273219
2 0.274060 0.000000 0.224578 0.230575 0.165302 0.233162 0.231099 0.230183 0.145967 0.169178 0.225793
3 0.274330 0.223755 0.000000 0.224225 0.220853 0.185081 0.114463 0.114983 0.221665 0.220134 0.214804
4 0.280115 0.230536 0.224715 0.000000 0.231297 0.229477 0.224342 0.225538 0.230600 0.230751 0.175312
5 0.274797 0.165909 0.221735 0.231434 0.000000 0.231532 0.224773 0.227260 0.165321 0.113356 0.224478
6 0.282278 0.232789 0.185042 0.228517 0.230748 0.000000 0.188205 0.185987 0.231874 0.232794 0.218548
7 0.279967 0.231746 0.115324 0.224694 0.224988 0.189126 0.000000 0.121102 0.228024 0.224401 0.217193
8 0.279961 0.230379 0.115826 0.225676 0.227143 0.186889 0.120926 0.000000 0.229405 0.226405 0.217188
9 0.275259 0.146222 0.222292 0.230738 0.165008 0.232423 0.227495 0.229405 0.000000 0.161369 0.223526
10 0.276005 0.169080 0.220800 0.230614 0.112964 0.233323 0.223833 0.226503 0.161232 0.000000 0.222525
11 0.274532 0.226068 0.215549 0.175312 0.224380 0.219195 0.216919 0.217129 0.223370 0.222564 0.000000
