11
1 0.000000 0.358893 0.322745 0.338485 0.366422 0.336837 0.346719 0.350168 0.306810 0.340767 0.340070
2 0.357579 0.000000 0.317760 0.321447 0.359900 0.254792 0.269153 0.345067 0.298196 0.230112 0.329636
3 0.322243 0.320002 0.000000 0.297647 0.302702 0.301801 0.305472 0.283164 0.195218 0.306399 0.293647
4 0.339566 0.321022 0.297106 0.000000 0.345041 0.307306 0.316153 0.323649 0.279694 0.307654 0.305761
5 0.367310 0.359359 0.302740 0.344616 0.000000 0.345002 0.349479 0.334350 0.280471 0.348668 0.349325
6 0.337494 0.255913 0.302226 0.307074 0.345812 0.000000 0.241575 0.333900 0.282900 0.240880 0.309735
7 0.344748 0.269037 0.305047 0.313719 0.348437 0.240377 0.000000 0.331041 0.284020 0.248666 0.314990
8 0.350516 0.345802 0.283821 0.323494 0.333037 0.333359 0.331659 0.000000 0.267488 0.331698 0.329534
9 0.307969 0.300630 0.195836 0.279385 0.280316 0.283479 0.285488 0.267449 0.000000 0.284175 0.277261
10 0.340844 0.231426 0.306051 0.306649 0.349363 0.239798 0.248821 0.331350 0.283170 0.000000 0.312981
11 0.341577 0.330100 0.293879 0.305297 0.348977 0.308652 0.316691 0.330113 0.275561 0.312401 0.000000
