11
1 0.000000 0.889935 0.893555 0.871832 0.892107 0.902245 0.875453 0.897900 0.871832 0.891383 0.897900
2 0.889935 0.000000 0.880435 0.864493 0.876812 0.877625 0.869565 0.885507 0.868841 0.884142 0.892831
3 0.890659 0.879710 0.000000 0.879710 0.809420 0.895004 0.881159 0.889855 0.882524 0.897900 0.892107
4 0.874004 0.860870 0.882609 0.000000 0.882609 0.882694 0.834058 0.879710 0.871739 0.853005 0.890659
5 0.889211 0.878261 0.811594 0.882609 0.000000 0.893555 0.886957 0.891304 0.879710 0.890659 0.895004
6 0.898624 0.879073 0.893555 0.885590 0.891383 0.000000 0.884866 0.760319 0.881970 0.888487 0.871108
7 0.875453 0.868116 0.882609 0.835507 0.884783 0.884142 0.000000 0.878261 0.873913 0.870384 0.884142
8 0.901521 0.884058 0.888406 0.881884 0.891304 0.753802 0.881159 0.000000 0.889855 0.888487 0.848660
9 0.870384 0.870290 0.880348 0.867391 0.879710 0.883418 0.870290 0.889130 0.000000 0.891383 0.897176
10 0.881970 0.881245 0.896452 0.855177 0.887762 0.886314 0.866039 0.887038 0.889211 0.000000 0.889211
11 0.898624 0.890659 0.891383 0.890659 0.895728 0.870384 0.885590 0.856626 0.898624 0.889935 0.000000
