11
1 0.000000 0.548128 0.510455 0.521969 0.519026 0.514795 0.525713 0.523858 0.517542 0.525716 0.515322
2 0.548088 0.000000 0.485842 0.369627 0.369985 0.490203 0.493400 0.382158 0.411135 0.501722 0.489158
3 0.510495 0.485862 0.000000 0.451233 0.451186 0.449064 0.370498 0.457840 0.447633 0.451026 0.449891
4 0.522069 0.369707 0.451213 0.000000 0.318601 0.460232 0.458978 0.337574 0.361763 0.466105 0.458639
5 0.519086 0.370005 0.451086 0.318621 0.000000 0.457896 0.456408 0.313355 0.358130 0.474642 0.453456
6 0.514894 0.490163 0.449084 0.460232 0.457896 0.000000 0.461107 0.460554 0.453228 0.444296 0.265606
7 0.525833 0.493460 0.370578 0.459077 0.456448 0.461186 0.000000 0.461345 0.456328 0.467139 0.459315
8 0.523838 0.382099 0.457721 0.337435 0.313255 0.460494 0.461226 0.000000 0.368285 0.479560 0.460007
9 0.517622 0.411154 0.447672 0.361783 0.358150 0.453287 0.456308 0.368345 0.000000 0.467146 0.453745
10 0.525816 0.501782 0.451007 0.466065 0.474662 0.444376 0.467020 0.479600 0.467046 0.000000 0.444356
11 0.515342 0.489198 0.449872 0.458600 0.453416 0.265566 0.459255 0.459987 0.453626 0.444296 0.000000
