11
1 0.000000 0.504203 0.505390 0.553699 0.495972 0.571979 0.507712 0.525219 0.489047 0.508428 0.549753
2 0.512427 0.000000 0.484561 0.524488 0.324379 0.538194 0.357639 0.369152 0.162651 0.314327 0.519737
3 0.490042 0.465375 0.000000 0.343139 0.466289 0.502832 0.487667 0.522565 0.442315 0.470126 0.298922
4 0.556453 0.520468 0.337109 0.000000 0.532223 0.573079 0.525978 0.576754 0.511683 0.526933 0.355507
5 0.500732 0.311769 0.468664 0.517393 0.000000 0.554742 0.404248 0.406067 0.288974 0.364518 0.512083
6 0.552173 0.511330 0.504294 0.549056 0.544489 0.000000 0.551440 0.568531 0.509127 0.538659 0.563863
7 0.506978 0.356725 0.480358 0.528731 0.398206 0.573629 0.000000 0.408443 0.340635 0.298461 0.518050
8 0.547149 0.355080 0.531701 0.562865 0.407346 0.584247 0.416849 0.000000 0.361081 0.337719 0.568531
9 0.477364 0.159730 0.445783 0.497992 0.288061 0.514604 0.340270 0.349763 0.000000 0.296276 0.487952
10 0.488091 0.308845 0.471405 0.509527 0.355914 0.547453 0.294430 0.325110 0.302118 0.000000 0.517589
11 0.541873 0.498538 0.300384 0.359172 0.512450 0.564596 0.520066 0.559759 0.485944 0.517222 0.000000
