11
1 0.000000 0.577982 0.508116 0.525759 0.562456 0.582922 0.500353 0.544107 0.563380 0.529287 0.549047
2 0.577982 0.000000 0.520907 0.549256 0.490405 0.583569 0.518124 0.536344 0.473944 0.438522 0.567069
3 0.500353 0.519490 0.000000 0.488306 0.538625 0.508499 0.436570 0.478476 0.521127 0.473423 0.526577
4 0.558927 0.593905 0.522325 0.000000 0.554217 0.598442 0.429483 0.537050 0.563380 0.537208 0.544295
5 0.599859 0.513149 0.581857 0.555634 0.000000 0.633144 0.543710 0.568102 0.469718 0.447050 0.591909
6 0.587156 0.618980 0.535411 0.592776 0.587110 0.000000 0.580737 0.458010 0.597183 0.550283 0.618980
7 0.532816 0.557214 0.472006 0.426648 0.548685 0.581445 0.000000 0.524347 0.538732 0.519545 0.477644
8 0.553987 0.548342 0.470713 0.505999 0.562456 0.431193 0.500353 0.000000 0.538028 0.525053 0.572336
9 0.559155 0.476056 0.521831 0.528169 0.440845 0.561268 0.500000 0.526056 0.000000 0.309859 0.547183
10 0.535639 0.437100 0.482636 0.520198 0.432836 0.550991 0.490405 0.526464 0.316901 0.000000 0.549326
11 0.582216 0.563520 0.537208 0.498937 0.555713 0.575779 0.445706 0.597036 0.546479 0.531583 0.000000
