11
1 0.000000 0.617054 0.612287 0.602629 0.603038 0.612474 0.622637 0.621035 0.615952 0.633178 0.632822
2 0.617351 0.000000 0.283775 0.514429 0.408780 0.526543 0.531171 0.529629 0.523205 0.474541 0.485492
3 0.613255 0.284368 0.000000 0.509277 0.406861 0.524312 0.526232 0.526330 0.521627 0.476140 0.483392
4 0.603380 0.514469 0.508704 0.000000 0.490057 0.361970 0.456098 0.457106 0.446472 0.545681 0.539118
5 0.602504 0.407693 0.405300 0.489504 0.000000 0.501797 0.508736 0.505234 0.503649 0.433396 0.454558
6 0.613185 0.527156 0.523778 0.362523 0.503022 0.000000 0.478651 0.479994 0.465102 0.559209 0.556326
7 0.621272 0.529333 0.524295 0.454042 0.507193 0.476478 0.000000 0.342441 0.385505 0.557944 0.557146
8 0.619433 0.527850 0.524335 0.455050 0.504838 0.477762 0.342777 0.000000 0.373084 0.561048 0.555740
9 0.615616 0.522177 0.520639 0.445464 0.503748 0.464135 0.386969 0.374350 0.000000 0.558260 0.554542
10 0.633811 0.474265 0.475567 0.545384 0.434464 0.558755 0.560119 0.562313 0.559268 0.000000 0.510133
11 0.631714 0.484464 0.481376 0.537913 0.454162 0.554588 0.557245 0.556057 0.554285 0.508769 0.000000
