11
1 0.000000 0.699724 0.705525 0.701657 0.702210 0.718785 0.662617 0.694046 0.710265 0.705525 0.698343
2 0.704683 0.000000 0.598898 0.607163 0.487603 0.660055 0.538843 0.553168 0.667218 0.612121 0.555372
3 0.695028 0.563636 0.000000 0.536545 0.581899 0.328911 0.510215 0.583241 0.636313 0.541528 0.591713
4 0.665746 0.581818 0.532669 0.000000 0.545958 0.550580 0.516289 0.585447 0.646247 0.557032 0.536464
5 0.707182 0.466116 0.609661 0.544850 0.000000 0.615257 0.531198 0.566703 0.581678 0.639535 0.548066
6 0.707182 0.603857 0.343836 0.535102 0.599226 0.000000 0.520707 0.600331 0.608168 0.620785 0.525414
7 0.641634 0.530028 0.535616 0.525676 0.519602 0.504141 0.000000 0.458104 0.473510 0.454445 0.397570
8 0.704520 0.561432 0.609151 0.610805 0.579383 0.616318 0.443219 0.000000 0.441566 0.510474 0.491180
9 0.708057 0.652342 0.647903 0.647351 0.624172 0.638521 0.474062 0.436053 0.000000 0.582230 0.540287
10 0.700552 0.588981 0.571429 0.561462 0.638981 0.618021 0.460519 0.512679 0.592715 0.000000 0.508287
11 0.691160 0.549862 0.584530 0.519337 0.530939 0.512155 0.394809 0.485667 0.514901 0.501105 0.000000
