11
1 0.000000 0.253451 0.260894 0.267481 0.282464 0.256226 0.283574 0.264141 0.270868 0.274792 0.283434
2 0.268912 0.000000 0.191395 0.215351 0.233573 0.191055 0.246825 0.194948 0.218112 0.227499 0.237755
3 0.263651 0.186983 0.000000 0.211252 0.224490 0.114727 0.237728 0.136738 0.203530 0.210149 0.227298
4 0.269700 0.203203 0.207391 0.000000 0.179245 0.200885 0.247916 0.201538 0.219458 0.215512 0.230600
5 0.289123 0.225290 0.220629 0.179800 0.000000 0.219148 0.262486 0.218561 0.235489 0.231025 0.250963
6 0.263973 0.186637 0.113072 0.203652 0.221361 0.000000 0.241284 0.136738 0.211719 0.210847 0.222895
7 0.294118 0.240751 0.242140 0.250695 0.264151 0.237410 0.000000 0.245470 0.203980 0.181717 0.270776
8 0.274574 0.200439 0.141680 0.212521 0.229544 0.142230 0.250412 0.000000 0.222954 0.225700 0.241076
9 0.285240 0.213142 0.215113 0.227750 0.243228 0.215036 0.206191 0.221307 0.000000 0.185185 0.255366
10 0.280886 0.223081 0.210700 0.218837 0.231579 0.211400 0.175623 0.217463 0.180763 0.000000 0.250413
11 0.293891 0.233902 0.232251 0.239406 0.259218 0.230600 0.272427 0.228446 0.253165 0.253165 0.000000
