11
1 0.000000 0.250172 0.284536 0.228866 0.258419 0.267354 0.251546 0.274227 0.241924 0.246566 0.237113
2 0.249485 0.000000 0.194635 0.183505 0.171252 0.193127 0.216644 0.215268 0.175378 0.198489 0.181443
3 0.284536 0.193260 0.000000 0.207560 0.220770 0.226804 0.240715 0.266162 0.225585 0.224588 0.207560
4 0.229553 0.184880 0.208247 0.000000 0.188316 0.217869 0.099656 0.160825 0.188316 0.125687 0.145017
5 0.257732 0.172627 0.220770 0.189003 0.000000 0.208935 0.219395 0.233150 0.145117 0.213599 0.187629
6 0.268041 0.193127 0.226117 0.216495 0.208935 0.000000 0.243986 0.254983 0.148454 0.228709 0.202749
7 0.250859 0.218019 0.240028 0.098969 0.217331 0.244674 0.000000 0.182256 0.216644 0.156593 0.185567
8 0.273540 0.214580 0.266162 0.159450 0.232462 0.254296 0.181568 0.000000 0.229711 0.096841 0.191753
9 0.242612 0.174691 0.225585 0.187629 0.144429 0.148454 0.217331 0.229711 0.000000 0.207418 0.183505
10 0.246566 0.199176 0.225962 0.125687 0.215659 0.229396 0.157280 0.098214 0.208104 0.000000 0.162775
11 0.237113 0.180756 0.206873 0.145017 0.189003 0.204124 0.186254 0.191065 0.183505 0.162088 0.000000
