11
1 0.000000 0.294613 0.326599 0.382155 0.324916 0.294807 0.296667 0.331650 0.323232 0.375421 0.314815
2 0.292929 0.000000 0.271501 0.344013 0.278246 0.306533 0.258333 0.256324 0.266442 0.340641 0.258010
3 0.299663 0.258010 0.000000 0.340206 0.209184 0.264657 0.290000 0.279661 0.274276 0.350254 0.160473
4 0.358586 0.320405 0.331615 0.000000 0.340136 0.335008 0.335000 0.335593 0.339012 0.350254 0.336149
5 0.303030 0.263069 0.217687 0.345238 0.000000 0.298157 0.290000 0.311864 0.297619 0.328257 0.228041
6 0.301508 0.311558 0.281407 0.358459 0.306533 0.000000 0.301667 0.328308 0.324958 0.353434 0.283082
7 0.306667 0.268333 0.313333 0.351667 0.315000 0.303333 0.000000 0.256667 0.266667 0.361667 0.290000
8 0.328283 0.259696 0.300000 0.352542 0.320339 0.331658 0.245000 0.000000 0.228814 0.355330 0.300676
9 0.311448 0.263069 0.281090 0.342419 0.302721 0.311558 0.250000 0.222034 0.000000 0.329949 0.280405
10 0.356902 0.338954 0.360406 0.357022 0.338409 0.343384 0.348333 0.348562 0.336717 0.000000 0.344595
11 0.301347 0.261383 0.180743 0.361486 0.234797 0.288107 0.286667 0.300676 0.288851 0.358108 0.000000
