11
1 0.000000 0.328012 0.357337 0.330738 0.345532 0.340860 0.330348 0.321004 0.339303 0.319969 0.329375
2 0.327234 0.000000 0.251460 0.241775 0.210045 0.203231 0.247322 0.225662 0.198637 0.221876 0.209266
3 0.357532 0.252433 0.000000 0.274037 0.271312 0.260996 0.278708 0.268587 0.264500 0.272869 0.254379
4 0.330543 0.242359 0.273842 0.000000 0.257738 0.242943 0.124197 0.196418 0.252287 0.199883 0.235157
5 0.345338 0.210629 0.270923 0.257738 0.000000 0.189410 0.266693 0.239439 0.193303 0.245232 0.227565
6 0.340860 0.203815 0.260607 0.242943 0.189410 0.000000 0.243527 0.231069 0.174421 0.237836 0.208682
7 0.329959 0.247517 0.278124 0.123808 0.266303 0.243138 0.000000 0.194315 0.258228 0.202219 0.242359
8 0.320810 0.226246 0.268392 0.196418 0.239439 0.231069 0.194704 0.000000 0.238707 0.104515 0.208877
9 0.338914 0.198832 0.263916 0.251898 0.193109 0.174032 0.258423 0.238512 0.000000 0.239977 0.210239
10 0.319774 0.222265 0.272480 0.199883 0.245232 0.237836 0.202608 0.104515 0.240171 0.000000 0.214091
11 0.329180 0.209850 0.253990 0.235157 0.227565 0.208682 0.242554 0.208682 0.210434 0.213896 0.000000
