11
1 0.000000 0.620955 0.613533 0.613651 0.606543 0.621937 0.626728 0.624843 0.622879 0.636838 0.628456
2 0.620484 0.000000 0.292155 0.508193 0.409289 0.523372 0.530061 0.525081 0.522674 0.478561 0.487466
3 0.613062 0.292705 0.000000 0.502259 0.409250 0.520661 0.525660 0.523072 0.521102 0.484765 0.478428
4 0.613454 0.509175 0.502220 0.000000 0.494401 0.366800 0.449173 0.452670 0.443514 0.544958 0.533320
5 0.607132 0.409721 0.409289 0.494165 0.000000 0.506953 0.512830 0.506071 0.510511 0.443341 0.453438
6 0.623076 0.524590 0.520779 0.366565 0.507895 0.000000 0.476039 0.471757 0.464373 0.559722 0.552479
7 0.627081 0.530965 0.525464 0.448976 0.513105 0.474664 0.000000 0.347925 0.381248 0.562313 0.557642
8 0.624843 0.524845 0.522522 0.452041 0.505835 0.470343 0.346982 0.000000 0.369302 0.567850 0.554420
9 0.622487 0.523774 0.521691 0.442846 0.510236 0.463744 0.380973 0.370835 0.000000 0.566633 0.556346
10 0.637742 0.480368 0.485708 0.545469 0.444401 0.560115 0.563413 0.568871 0.567536 0.000000 0.508560
11 0.628220 0.487387 0.479411 0.532849 0.453477 0.552321 0.558310 0.554774 0.556110 0.506871 0.000000
