11
1 0.000000 0.570455 0.554545 0.543182 0.545455 0.536364 0.546485 0.550000 0.575000 0.533937 0.535147
2 0.565909 0.000000 0.547727 0.545455 0.540909 0.543182 0.541950 0.522727 0.561364 0.545249 0.537415
3 0.554545 0.550000 0.000000 0.536364 0.515909 0.513636 0.503401 0.502273 0.554545 0.493213 0.505669
4 0.540909 0.547727 0.538636 0.000000 0.511364 0.511364 0.528345 0.534091 0.545455 0.497738 0.505669
5 0.545455 0.536364 0.515909 0.509091 0.000000 0.486364 0.517007 0.497727 0.543182 0.488688 0.471655
6 0.534091 0.550000 0.513636 0.511364 0.490909 0.000000 0.503401 0.504545 0.543182 0.459276 0.464853
7 0.546485 0.539683 0.505669 0.532880 0.517007 0.507937 0.000000 0.501134 0.553288 0.495475 0.501134
8 0.543182 0.520455 0.504545 0.536364 0.502273 0.506818 0.498866 0.000000 0.547727 0.509050 0.492063
9 0.572727 0.559091 0.556818 0.547727 0.536364 0.543182 0.548753 0.547727 0.000000 0.540724 0.555556
10 0.531674 0.545249 0.493213 0.500000 0.488688 0.459276 0.493213 0.506787 0.538462 0.000000 0.393665
11 0.535147 0.537415 0.512472 0.510204 0.476190 0.464853 0.498866 0.494331 0.555556 0.393665 0.000000
