11
1 0.000000 0.737165 0.759776 0.750248 0.739152 0.747806 0.787016 0.719940 0.747227 0.711163 0.722093
2 0.753395 0.000000 0.772315 0.790817 0.781022 0.760225 0.650722 0.427410 0.774044 0.467364 0.767037
3 0.765385 0.787329 0.000000 0.745752 0.734532 0.750371 0.812737 0.773140 0.738987 0.754166 0.511797
4 0.741802 0.739599 0.699390 0.000000 0.486822 0.487498 0.796453 0.734460 0.512995 0.718880 0.694679
5 0.710003 0.769575 0.715064 0.495276 0.000000 0.410664 0.800929 0.756802 0.478563 0.739715 0.701542
6 0.720815 0.752442 0.735357 0.491472 0.412817 0.000000 0.768505 0.727107 0.433372 0.720484 0.703097
7 0.787016 0.658030 0.810922 0.801260 0.827804 0.801788 0.000000 0.652895 0.835292 0.606187 0.825070
8 0.740311 0.429069 0.764725 0.727333 0.752986 0.717172 0.660694 0.000000 0.767257 0.464078 0.736528
9 0.766098 0.803013 0.737502 0.535176 0.494123 0.452740 0.828340 0.785632 0.000000 0.780831 0.711472
10 0.706194 0.469357 0.743277 0.719874 0.732084 0.709389 0.590055 0.461092 0.746565 0.000000 0.710496
11 0.735012 0.781462 0.515427 0.709763 0.701376 0.708727 0.828387 0.755762 0.696242 0.730227 0.000000
