11
1 0.000000 0.502473 0.413638 0.385930 0.430082 0.386990 0.458772 0.423964 0.420955 0.435442 0.392155
2 0.501943 0.000000 0.431630 0.391553 0.445663 0.392962 0.473808 0.440150 0.443486 0.454496 0.407414
3 0.413834 0.431905 0.000000 0.288047 0.230676 0.290713 0.349050 0.258687 0.297435 0.324516 0.270687
4 0.386166 0.392259 0.288027 0.000000 0.308793 0.107764 0.343611 0.302144 0.301357 0.323005 0.257488
5 0.429494 0.446036 0.230342 0.308754 0.000000 0.310182 0.369489 0.279405 0.313711 0.340921 0.289713
6 0.387206 0.393473 0.290949 0.107999 0.310613 0.000000 0.343231 0.303302 0.300082 0.322672 0.255487
7 0.458595 0.473946 0.348461 0.343317 0.369273 0.342996 0.000000 0.354647 0.358440 0.376634 0.285888
8 0.424022 0.440405 0.259216 0.302537 0.279817 0.303596 0.355373 0.000000 0.313534 0.332594 0.281259
9 0.421994 0.444407 0.297808 0.301808 0.314201 0.300729 0.358969 0.313534 0.000000 0.329634 0.278355
10 0.435697 0.454908 0.324752 0.323162 0.341195 0.322966 0.377203 0.332359 0.329555 0.000000 0.296558
11 0.392821 0.407689 0.271099 0.257978 0.290399 0.256154 0.286653 0.281043 0.278061 0.296558 0.000000
