11
1 0.000000 0.662201 0.673300 0.653069 0.691309 0.716715 0.684685 0.689643 0.674595 0.677117 0.713251
2 0.683201 0.000000 0.579595 0.541155 0.581320 0.589725 0.572252 0.539156 0.553514 0.518559 0.581825
3 0.663169 0.576339 0.000000 0.425993 0.543815 0.616860 0.575135 0.515337 0.548108 0.437117 0.611071
4 0.679061 0.536823 0.441877 0.000000 0.523260 0.585560 0.553874 0.513172 0.535135 0.397477 0.577617
5 0.715471 0.582402 0.578796 0.544176 0.000000 0.649477 0.606126 0.343311 0.585225 0.549910 0.652723
6 0.729378 0.600217 0.638929 0.592058 0.644428 0.000000 0.619820 0.618549 0.618378 0.616937 0.454776
7 0.706306 0.573333 0.609730 0.584865 0.605405 0.622703 0.000000 0.574775 0.366126 0.584144 0.640360
8 0.697582 0.538795 0.551425 0.512811 0.327804 0.623962 0.576216 0.000000 0.551351 0.534775 0.635872
9 0.696937 0.523604 0.570090 0.562162 0.584865 0.622703 0.367207 0.543063 0.000000 0.555676 0.636396
10 0.703784 0.552072 0.475315 0.395315 0.550270 0.609369 0.585946 0.533333 0.555315 0.000000 0.612252
11 0.732078 0.602462 0.634949 0.590253 0.648395 0.455499 0.637838 0.627932 0.628468 0.605766 0.000000
