11
1 0.000000 0.981522 0.981959 0.980727 0.981919 0.981959 0.983032 0.981959 0.982237 0.980571 0.983231
2 0.981442 0.000000 0.962761 0.956249 0.970352 0.970793 0.921551 0.971029 0.971425 0.947753 0.972816
3 0.981840 0.963000 0.000000 0.936022 0.975558 0.976118 0.965306 0.975520 0.976075 0.954905 0.976989
4 0.980767 0.956289 0.935983 0.000000 0.972422 0.975720 0.964633 0.974806 0.975363 0.952402 0.974250
5 0.981482 0.970392 0.975479 0.972462 0.000000 0.960223 0.975917 0.840043 0.865421 0.973738 0.873897
6 0.981959 0.970713 0.976316 0.975839 0.960302 0.000000 0.975442 0.961137 0.959348 0.975843 0.963441
7 0.982992 0.921393 0.965306 0.964713 0.975996 0.975402 0.000000 0.975957 0.975798 0.962215 0.976513
8 0.981959 0.971029 0.975241 0.974687 0.839685 0.961017 0.975758 0.000000 0.879665 0.974135 0.891786
9 0.981800 0.971266 0.975876 0.975243 0.865660 0.959388 0.975559 0.879665 0.000000 0.973738 0.848025
10 0.980611 0.947952 0.954627 0.952481 0.973539 0.975804 0.962494 0.974373 0.973817 0.000000 0.974453
11 0.983111 0.972697 0.976949 0.974369 0.873977 0.963600 0.976553 0.891507 0.847985 0.974612 0.000000
