11
1 0.000000 0.920868 0.925070 0.915966 0.920868 0.933473 0.924370 0.932773 0.934874 0.929272 0.919468
2 0.912465 0.000000 0.889359 0.888654 0.830162 0.897815 0.865398 0.876761 0.906272 0.892178 0.873855
3 0.920168 0.895701 0.000000 0.875794 0.897454 0.693013 0.882603 0.897183 0.909477 0.910184 0.898868
4 0.920868 0.890063 0.873677 0.000000 0.881440 0.863797 0.872971 0.890141 0.911785 0.901200 0.882851
5 0.915966 0.823820 0.893211 0.875088 0.000000 0.890614 0.869596 0.883099 0.903614 0.891566 0.882603
6 0.927171 0.905567 0.699365 0.872971 0.900494 0.000000 0.899788 0.892958 0.911785 0.922371 0.906845
7 0.916667 0.879493 0.891796 0.873677 0.883062 0.895554 0.000000 0.852113 0.867804 0.854300 0.809052
8 0.923669 0.877465 0.888732 0.884507 0.884507 0.882394 0.823944 0.000000 0.814085 0.871831 0.839437
9 0.934874 0.915433 0.908769 0.907551 0.902906 0.906140 0.862118 0.840845 0.000000 0.899787 0.878359
10 0.913866 0.885130 0.898161 0.894848 0.890149 0.906845 0.830135 0.866197 0.884861 0.000000 0.856436
11 0.915266 0.887245 0.900990 0.880028 0.897454 0.901905 0.813296 0.854225 0.878359 0.876945 0.000000
