11
1 0.000000 0.131250 0.084375 0.109375 0.150000 0.071875 0.093750 0.093750 0.134375 0.093458 0.112500
2 0.125000 0.000000 0.115987 0.135220 0.128527 0.106583 0.138365 0.053292 0.157233 0.133956 0.094044
3 0.081250 0.122257 0.000000 0.094044 0.137931 0.031348 0.097179 0.087774 0.090909 0.096573 0.109718
4 0.096875 0.128931 0.087774 0.000000 0.153605 0.078370 0.085174 0.097179 0.107256 0.084112 0.119122
5 0.171875 0.150470 0.163009 0.191223 0.000000 0.150470 0.194357 0.109718 0.216301 0.186916 0.109718
6 0.068750 0.112853 0.025078 0.084639 0.128527 0.000000 0.087774 0.075235 0.081505 0.084112 0.097179
7 0.078125 0.128931 0.087774 0.082019 0.156740 0.078370 0.000000 0.100313 0.126183 0.105919 0.119122
8 0.096875 0.056426 0.087774 0.106583 0.097179 0.075235 0.109718 0.000000 0.134796 0.109034 0.062696
9 0.125000 0.160377 0.087774 0.110410 0.178683 0.078370 0.129338 0.128527 0.000000 0.121495 0.147335
10 0.093458 0.140187 0.096573 0.093458 0.161994 0.087227 0.115265 0.105919 0.127726 0.000000 0.124611
11 0.109375 0.100313 0.106583 0.128527 0.094044 0.097179 0.128527 0.062696 0.153605 0.124611 0.000000
