11
1 0.000000 0.740722 0.798407 0.762900 0.752564 0.732039 0.756053 0.736397 0.777169 0.716393 0.769894
2 0.740722 0.000000 0.643472 0.600563 0.622230 0.568423 0.624586 0.589795 0.630053 0.645461 0.641650
3 0.757757 0.612657 0.000000 0.668383 0.651836 0.656421 0.641459 0.651958 0.708423 0.647936 0.641247
4 0.762900 0.606030 0.652434 0.000000 0.499504 0.623899 0.666998 0.658759 0.651414 0.625559 0.672911
5 0.749752 0.630830 0.663745 0.506451 0.000000 0.649520 0.650678 0.657129 0.674661 0.619914 0.638108
6 0.734860 0.555169 0.653265 0.629716 0.647866 0.000000 0.616750 0.623922 0.632707 0.624233 0.602619
7 0.748756 0.634360 0.660862 0.676119 0.649851 0.617413 0.000000 0.444279 0.677944 0.543179 0.339523
8 0.747678 0.585321 0.645654 0.641340 0.651836 0.613636 0.434328 0.000000 0.662243 0.540030 0.435345
9 0.776008 0.621107 0.683336 0.650915 0.668376 0.619079 0.675290 0.667883 0.000000 0.660036 0.650531
10 0.703299 0.626077 0.656058 0.612962 0.611313 0.622907 0.537046 0.524615 0.665009 0.000000 0.509199
11 0.747679 0.622432 0.661141 0.667275 0.612306 0.604111 0.338859 0.431532 0.664622 0.525941 0.000000
