11
1 0.000000 0.633333 0.594203 0.672701 0.703623 0.606522 0.606522 0.615942 0.644203 0.622737 0.628530
2 0.634783 0.000000 0.350725 0.616944 0.625362 0.452899 0.290580 0.442754 0.541304 0.328023 0.325127
3 0.596377 0.350725 0.000000 0.607531 0.613043 0.423188 0.338406 0.418841 0.526087 0.362781 0.356988
4 0.676322 0.618392 0.608255 0.000000 0.499638 0.604634 0.595945 0.579290 0.637944 0.613324 0.622013
5 0.706522 0.625362 0.612319 0.498914 0.000000 0.618116 0.613768 0.592754 0.652174 0.622013 0.621289
6 0.608696 0.452899 0.423188 0.603910 0.618116 0.000000 0.424638 0.418841 0.504348 0.459812 0.429399
7 0.610145 0.290580 0.338406 0.595945 0.613768 0.425362 0.000000 0.421014 0.511594 0.341057 0.334540
8 0.616667 0.442754 0.418841 0.577842 0.592754 0.418841 0.421014 0.000000 0.521739 0.447502 0.433744
9 0.647826 0.542029 0.526087 0.638668 0.650000 0.505072 0.511594 0.522464 0.000000 0.556843 0.537292
10 0.624185 0.328023 0.362056 0.612600 0.622013 0.459812 0.340333 0.447502 0.556119 0.000000 0.331644
11 0.632875 0.325851 0.358436 0.619841 0.624909 0.430123 0.335264 0.433744 0.537292 0.333092 0.000000
