11
1 0.000000 0.631607 0.629067 0.564439 0.605172 0.594519 0.608318 0.604616 0.691309 0.602008 0.630949
2 0.630836 0.000000 0.601505 0.564459 0.571437 0.505158 0.524390 0.514169 0.673232 0.517746 0.338173
3 0.630410 0.601860 0.000000 0.575403 0.352467 0.554612 0.576429 0.572263 0.639801 0.558048 0.598424
4 0.565229 0.565328 0.574731 0.000000 0.538472 0.514705 0.535543 0.528689 0.646471 0.529104 0.570266
5 0.606178 0.572187 0.352428 0.538906 0.000000 0.522582 0.547138 0.537643 0.609271 0.525247 0.565476
6 0.594222 0.504683 0.553684 0.513204 0.521496 0.000000 0.279739 0.327909 0.638518 0.438805 0.507240
7 0.609068 0.524647 0.576212 0.534694 0.546486 0.280688 0.000000 0.353946 0.652806 0.459192 0.524329
8 0.604695 0.515058 0.571513 0.527642 0.536518 0.328008 0.353512 0.000000 0.648642 0.452015 0.522709
9 0.691703 0.674317 0.640650 0.646748 0.609350 0.639821 0.653872 0.650024 0.000000 0.636032 0.670923
10 0.601573 0.517884 0.557021 0.528195 0.524852 0.438706 0.458797 0.452193 0.635025 0.000000 0.513068
11 0.631660 0.338410 0.598385 0.569733 0.565397 0.508050 0.524783 0.523104 0.670074 0.513819 0.000000
