11
1 0.000000 0.568182 0.566893 0.564920 0.577273 0.563636 0.571754 0.575000 0.579545 0.571429 0.575964
2 0.568182 0.000000 0.544218 0.550000 0.572727 0.531818 0.570455 0.570455 0.575000 0.571429 0.573696
3 0.571429 0.544218 0.000000 0.562358 0.571429 0.548753 0.562358 0.575964 0.578231 0.562358 0.573696
4 0.562642 0.547727 0.555556 0.000000 0.572727 0.538636 0.555809 0.568182 0.575000 0.569161 0.575964
5 0.579545 0.570455 0.573696 0.575000 0.000000 0.575000 0.575000 0.561364 0.577273 0.578231 0.569161
6 0.563636 0.531818 0.544218 0.540909 0.572727 0.000000 0.568182 0.565909 0.575000 0.571429 0.573696
7 0.571754 0.572727 0.560091 0.558087 0.572727 0.570455 0.000000 0.579545 0.575000 0.544218 0.578231
8 0.577273 0.568182 0.571429 0.570455 0.559091 0.568182 0.579545 0.000000 0.575000 0.571429 0.569161
9 0.584091 0.579545 0.571429 0.581818 0.579545 0.577273 0.575000 0.577273 0.000000 0.582766 0.571429
10 0.571429 0.573696 0.562358 0.571429 0.578231 0.569161 0.544218 0.575964 0.580499 0.000000 0.575964
11 0.578231 0.573696 0.573696 0.578231 0.569161 0.573696 0.575964 0.571429 0.571429 0.573696 0.000000
