11
1 0.000000 0.849221 0.838967 0.846563 0.851880 0.854918 0.852640 0.835929 0.849221 0.851936 0.838207
2 0.845044 0.000000 0.808583 0.794531 0.811170 0.821049 0.819597 0.807824 0.821429 0.800304 0.647171
3 0.837068 0.808963 0.000000 0.808583 0.805165 0.824155 0.812002 0.784276 0.799088 0.786636 0.791872
4 0.847322 0.794911 0.810862 0.000000 0.819218 0.827193 0.828333 0.811622 0.814660 0.811314 0.791872
5 0.851880 0.810030 0.804406 0.819597 0.000000 0.822188 0.815799 0.802507 0.819529 0.733106 0.807064
6 0.854159 0.819529 0.821876 0.829092 0.823328 0.000000 0.744398 0.810103 0.762918 0.817768 0.826814
7 0.853779 0.823016 0.813141 0.826434 0.818838 0.744398 0.000000 0.818458 0.563236 0.802961 0.810482
8 0.838207 0.807444 0.782378 0.810103 0.800987 0.809343 0.817319 0.000000 0.812002 0.806378 0.796050
9 0.849601 0.818769 0.799468 0.814660 0.820669 0.762918 0.563995 0.813900 0.000000 0.797267 0.814280
10 0.851557 0.800683 0.784358 0.807897 0.733485 0.816249 0.801443 0.804860 0.797646 0.000000 0.802202
11 0.840106 0.647550 0.791493 0.791872 0.807064 0.827953 0.810103 0.795291 0.813521 0.803721 0.000000
