11
1 0.000000 0.687767 0.667141 0.693457 0.669986 0.680625 0.705548 0.683499 0.709311 0.678521 0.683499
2 0.679232 0.000000 0.523165 0.638116 0.612143 0.459901 0.667857 0.630714 0.663113 0.531294 0.543509
3 0.620910 0.553813 0.000000 0.621525 0.617249 0.503903 0.642908 0.679972 0.656006 0.529872 0.557377
4 0.684922 0.638116 0.668567 0.000000 0.551035 0.640170 0.671663 0.581014 0.679460 0.642959 0.676890
5 0.665007 0.640000 0.666429 0.549607 0.000000 0.645848 0.654753 0.381259 0.659559 0.652916 0.659772
6 0.681334 0.437899 0.552874 0.625266 0.650106 0.000000 0.685593 0.667850 0.679205 0.516679 0.541519
7 0.702703 0.671429 0.689237 0.675232 0.659042 0.690561 0.000000 0.661901 0.459844 0.674964 0.693295
8 0.680654 0.657857 0.672844 0.581014 0.381974 0.661462 0.654753 0.000000 0.669510 0.651494 0.651213
9 0.707889 0.665245 0.704335 0.686567 0.661692 0.693400 0.461976 0.675906 0.000000 0.675195 0.665245
10 0.673542 0.530583 0.551209 0.643670 0.651494 0.550745 0.666430 0.650071 0.669510 0.000000 0.477240
11 0.632290 0.508559 0.525303 0.625535 0.608417 0.491128 0.648359 0.604850 0.631130 0.430299 0.000000
