11
1 0.000000 0.761043 0.737147 0.774801 0.777697 0.771180 0.754526 0.770456 0.768284 0.781476 0.776249
2 0.764663 0.000000 0.607531 0.694424 0.588406 0.738406 0.656046 0.440580 0.690580 0.665702 0.703838
3 0.741492 0.608979 0.000000 0.685735 0.567705 0.682838 0.626358 0.555395 0.657495 0.627352 0.673425
4 0.777697 0.695148 0.684287 0.000000 0.708182 0.585807 0.721216 0.677046 0.666184 0.723589 0.711803
5 0.779146 0.588406 0.566980 0.710355 0.000000 0.710145 0.657495 0.531884 0.681884 0.662808 0.700941
6 0.774801 0.739130 0.682838 0.585083 0.711594 0.000000 0.727009 0.695652 0.654348 0.712012 0.698769
7 0.755250 0.656770 0.627082 0.721941 0.657495 0.729906 0.000000 0.642288 0.695148 0.473951 0.722665
8 0.774077 0.440580 0.554671 0.677046 0.531159 0.694928 0.640840 0.000000 0.647101 0.642547 0.687183
9 0.773353 0.687681 0.656770 0.666184 0.683333 0.654348 0.697321 0.647826 0.000000 0.691751 0.582187
10 0.782923 0.666425 0.627352 0.722142 0.663531 0.712012 0.473227 0.643271 0.688857 0.000000 0.727931
11 0.779146 0.703114 0.673425 0.711803 0.703838 0.700941 0.721216 0.689356 0.582187 0.731548 0.000000
