11
1 0.000000 0.850772 0.843649 0.845744 0.844542 0.845656 0.854746 0.839749 0.843018 0.847503 0.843881
2 0.851534 0.000000 0.743477 0.745953 0.739188 0.752477 0.809605 0.758575 0.744713 0.749381 0.745950
3 0.846315 0.743668 0.000000 0.672062 0.680061 0.672443 0.812226 0.743668 0.579699 0.678918 0.706151
4 0.847839 0.746524 0.674348 0.000000 0.678728 0.645210 0.816606 0.735479 0.695677 0.595696 0.719482
5 0.845685 0.739188 0.680061 0.677585 0.000000 0.701467 0.804725 0.716898 0.702038 0.701467 0.711183
6 0.846799 0.751715 0.669777 0.642163 0.699943 0.000000 0.813453 0.725610 0.695561 0.645960 0.720084
7 0.854937 0.807318 0.809179 0.812417 0.803772 0.811547 0.000000 0.804878 0.800914 0.806901 0.805757
8 0.842797 0.758003 0.745191 0.734908 0.718423 0.725229 0.806212 0.000000 0.722995 0.734184 0.642721
9 0.844351 0.745475 0.581032 0.694534 0.703372 0.697276 0.802248 0.723376 0.000000 0.676129 0.714422
10 0.846931 0.748809 0.677395 0.593411 0.698228 0.646723 0.805947 0.734756 0.672128 0.000000 0.711971
11 0.843690 0.744235 0.705009 0.717197 0.711374 0.720846 0.807472 0.640053 0.713279 0.710827 0.000000
