11
1 0.000000 0.802601 0.786681 0.804655 0.802231 0.791885 0.810140 0.796812 0.786609 0.806640 0.795924
2 0.803510 0.000000 0.611249 0.745860 0.591012 0.732163 0.681509 0.438654 0.723667 0.680038 0.741472
3 0.787294 0.610143 0.000000 0.720682 0.612362 0.703955 0.657113 0.598921 0.705782 0.652703 0.720879
4 0.804972 0.745563 0.720168 0.000000 0.739138 0.582979 0.752205 0.733759 0.696751 0.749027 0.718714
5 0.802270 0.589865 0.611729 0.738802 0.000000 0.722316 0.678432 0.571513 0.720624 0.671506 0.735476
6 0.792300 0.732835 0.705042 0.583473 0.724509 0.000000 0.739906 0.719726 0.683550 0.734273 0.696108
7 0.810733 0.681134 0.657370 0.752541 0.679223 0.738937 0.000000 0.671135 0.737006 0.456538 0.749195
8 0.797326 0.437685 0.598466 0.734036 0.571395 0.718936 0.670068 0.000000 0.712363 0.668484 0.733796
9 0.787933 0.723232 0.706316 0.697581 0.721493 0.682918 0.737085 0.713470 0.000000 0.737611 0.610569
10 0.807924 0.680374 0.653829 0.749857 0.672789 0.734609 0.457862 0.670163 0.737769 0.000000 0.749817
11 0.796082 0.740998 0.720444 0.719702 0.735575 0.695199 0.749115 0.734053 0.609778 0.748909 0.000000
