11
1 0.000000 0.672801 0.676243 0.674401 0.711078 0.668016 0.710604 0.675984 0.717071 0.702464 0.715758
2 0.673537 0.000000 0.553184 0.576003 0.616489 0.542142 0.648141 0.561236 0.639809 0.635160 0.631579
3 0.676980 0.552816 0.000000 0.555064 0.602871 0.308060 0.639543 0.369253 0.616630 0.621552 0.625184
4 0.673297 0.573795 0.554696 0.000000 0.495031 0.555392 0.644698 0.568224 0.625460 0.614564 0.641016
5 0.712183 0.615385 0.602503 0.495399 0.000000 0.598086 0.668016 0.610886 0.660780 0.633689 0.661759
6 0.670961 0.541774 0.308428 0.556496 0.599190 0.000000 0.648877 0.358220 0.608904 0.625230 0.621642
7 0.708027 0.649982 0.642489 0.645803 0.669120 0.649246 0.000000 0.653917 0.577263 0.514895 0.686303
8 0.675248 0.563810 0.370725 0.571166 0.611254 0.358956 0.653917 0.000000 0.638102 0.625230 0.641044
9 0.717439 0.640545 0.615526 0.622884 0.662252 0.610743 0.578366 0.639206 0.000000 0.527400 0.683223
10 0.703200 0.635160 0.623391 0.614564 0.634792 0.625965 0.515263 0.626701 0.526296 0.000000 0.673409
11 0.717231 0.631579 0.627393 0.642121 0.660655 0.621642 0.687408 0.642883 0.683591 0.675248 0.000000
