11
1 0.000000 0.096380 0.109950 0.099983 0.104584 0.100116 0.100613 0.097884 0.100711 0.098956 0.097105
2 0.100678 0.000000 0.078195 0.075715 0.065135 0.061127 0.077864 0.067780 0.060010 0.069433 0.063647
3 0.109619 0.075384 0.000000 0.084397 0.082740 0.076821 0.086690 0.079365 0.078221 0.081551 0.075269
4 0.096999 0.072574 0.082573 0.000000 0.077280 0.072856 0.042268 0.062004 0.074252 0.062987 0.072291
5 0.109052 0.064473 0.085719 0.079431 0.000000 0.058814 0.081582 0.073909 0.059699 0.077280 0.070637
6 0.104741 0.060962 0.079465 0.075665 0.059309 0.000000 0.075830 0.070213 0.054353 0.075335 0.065092
7 0.099619 0.074392 0.084701 0.041936 0.078272 0.073187 0.000000 0.062335 0.076567 0.063650 0.072457
8 0.102183 0.068441 0.082341 0.064815 0.074901 0.071535 0.065146 0.000000 0.072255 0.038360 0.065146
9 0.103192 0.060010 0.081197 0.077890 0.060030 0.054518 0.079709 0.071594 0.000000 0.074913 0.065322
10 0.100116 0.067449 0.083043 0.062821 0.075790 0.071370 0.064479 0.034888 0.072929 0.000000 0.066005
11 0.100083 0.062655 0.076592 0.072787 0.068652 0.062779 0.074607 0.063657 0.063668 0.066998 0.000000
