11
1 0.000000 0.837748 0.858352 0.869533 0.870493 0.840324 0.868653 0.842589 0.863553 0.851048 0.849577
2 0.835173 0.000000 0.778146 0.836090 0.805372 0.748712 0.800957 0.760206 0.811328 0.758735 0.768297
3 0.858352 0.776674 0.000000 0.831312 0.797645 0.782481 0.801987 0.795881 0.792939 0.642883 0.798823
4 0.869166 0.837560 0.832415 0.000000 0.846012 0.835722 0.850055 0.850790 0.843072 0.822859 0.849320
5 0.869021 0.809051 0.799485 0.848218 0.000000 0.807211 0.707873 0.813534 0.823465 0.797352 0.828246
6 0.839588 0.747976 0.782113 0.834987 0.806107 0.000000 0.810821 0.784847 0.808018 0.767562 0.773814
7 0.869021 0.801324 0.802356 0.850055 0.708241 0.813029 0.000000 0.830085 0.815006 0.791100 0.830085
8 0.844060 0.762413 0.796616 0.850423 0.816109 0.787422 0.831188 0.000000 0.826039 0.795145 0.707245
9 0.861714 0.809121 0.793306 0.844542 0.821626 0.811328 0.816477 0.825671 0.000000 0.796984 0.824568
10 0.850313 0.755793 0.644722 0.821389 0.795881 0.768665 0.790364 0.794410 0.794042 0.000000 0.792203
11 0.846635 0.766826 0.798455 0.848953 0.828246 0.775653 0.828246 0.705406 0.820890 0.792203 0.000000
