11
1 0.000000 0.607879 0.601031 0.539028 0.585294 0.581738 0.593819 0.601399 0.677455 0.578734 0.622288
2 0.606775 0.000000 0.576739 0.535346 0.539706 0.459131 0.482708 0.482886 0.650239 0.478661 0.317764
3 0.602503 0.576371 0.000000 0.545455 0.340074 0.569746 0.580574 0.578211 0.653917 0.545254 0.581832
4 0.540133 0.534978 0.542878 0.000000 0.502574 0.502577 0.519132 0.519691 0.632218 0.514717 0.549099
5 0.588235 0.540809 0.341544 0.505882 0.000000 0.525735 0.537868 0.541544 0.625368 0.515809 0.547426
6 0.581001 0.460604 0.570114 0.505155 0.525000 0.000000 0.284400 0.353331 0.648400 0.434511 0.509746
7 0.594555 0.485283 0.580206 0.522811 0.537868 0.285136 0.000000 0.370861 0.642148 0.456586 0.520044
8 0.602135 0.481413 0.578211 0.521531 0.540074 0.353699 0.370493 0.000000 0.653917 0.469463 0.515631
9 0.678191 0.651342 0.655388 0.635528 0.627574 0.648400 0.642883 0.653549 0.000000 0.624862 0.666054
10 0.580206 0.479765 0.546726 0.516556 0.515809 0.435614 0.456218 0.470567 0.624862 0.000000 0.489886
11 0.623023 0.319235 0.582199 0.550938 0.547794 0.508275 0.520780 0.516734 0.664950 0.488047 0.000000
