11
1 0.000000 0.927839 0.923281 0.925940 0.923661 0.935815 0.927839 0.921762 0.927079 0.921412 0.927487
2 0.927079 0.000000 0.798632 0.863982 0.889100 0.932017 0.838146 0.874620 0.911854 0.730828 0.893698
3 0.924421 0.797112 0.000000 0.863602 0.875427 0.929358 0.817249 0.846505 0.910714 0.805619 0.889142
4 0.925180 0.863222 0.859423 0.000000 0.895177 0.927839 0.857849 0.864362 0.911854 0.871678 0.895976
5 0.922902 0.887581 0.875807 0.894037 0.000000 0.925180 0.867831 0.875807 0.898595 0.891040 0.828778
6 0.934295 0.933156 0.929738 0.928978 0.925940 0.000000 0.928978 0.921382 0.925940 0.929385 0.929005
7 0.925940 0.837766 0.816869 0.855948 0.867831 0.927839 0.000000 0.852964 0.907295 0.850038 0.886864
8 0.922902 0.874620 0.847264 0.865881 0.876946 0.920243 0.853343 0.000000 0.906535 0.878132 0.884207
9 0.926320 0.907295 0.908055 0.912234 0.897455 0.925180 0.906155 0.906535 0.000000 0.908125 0.902430
10 0.920273 0.731207 0.804480 0.870539 0.889142 0.928626 0.848140 0.876993 0.910782 0.000000 0.900532
11 0.925588 0.892559 0.889142 0.893698 0.828778 0.929765 0.889901 0.885345 0.902050 0.900152 0.000000
