11
1 0.000000 0.181372 0.137470 0.170735 0.160987 0.185588 0.147332 0.158163 0.179283 0.173829 0.150234
2 0.180598 0.000000 0.123654 0.166654 0.136087 0.168009 0.135460 0.158516 0.103498 0.177306 0.129837
3 0.136580 0.123887 0.000000 0.124613 0.099617 0.131233 0.060789 0.114215 0.122105 0.134711 0.091627
4 0.169187 0.165725 0.124652 0.000000 0.145672 0.173854 0.136118 0.108644 0.165802 0.114129 0.136265
5 0.159865 0.136203 0.099655 0.145633 0.000000 0.146214 0.112490 0.136462 0.133532 0.155409 0.105850
6 0.185046 0.167854 0.131387 0.175325 0.146562 0.000000 0.140487 0.164668 0.163634 0.183186 0.140369
7 0.147254 0.136814 0.061988 0.137626 0.113805 0.141454 0.000000 0.123743 0.136350 0.147138 0.102784
8 0.157274 0.159096 0.114099 0.109185 0.137004 0.164126 0.122506 0.000000 0.157742 0.122524 0.127060
9 0.177736 0.102878 0.121524 0.165376 0.132642 0.162744 0.134416 0.156620 0.000000 0.175333 0.128119
10 0.173094 0.177538 0.135136 0.114864 0.155602 0.183225 0.146326 0.121673 0.176687 0.000000 0.145504
11 0.148416 0.128985 0.091008 0.135530 0.105269 0.139362 0.101005 0.125745 0.127964 0.144305 0.000000
