11
1 0.000000 0.713979 0.733669 0.733251 0.725466 0.734246 0.714536 0.727457 0.737930 0.717443 0.700121
2 0.714018 0.000000 0.642129 0.644301 0.677731 0.705189 0.385528 0.707578 0.706503 0.612043 0.646569
3 0.733789 0.642169 0.000000 0.473211 0.691473 0.720621 0.638866 0.720417 0.722547 0.627564 0.667184
4 0.733311 0.644261 0.473230 0.000000 0.688064 0.722549 0.637093 0.719363 0.724659 0.627098 0.666839
5 0.725327 0.677671 0.691393 0.688004 0.000000 0.716106 0.671280 0.713259 0.716266 0.670696 0.581647
6 0.734147 0.705189 0.720542 0.722509 0.716186 0.000000 0.702579 0.555452 0.373136 0.706360 0.693339
7 0.714436 0.385469 0.638746 0.636974 0.671300 0.702439 0.000000 0.702234 0.702567 0.614640 0.639157
8 0.727418 0.707439 0.720437 0.719323 0.713139 0.555332 0.702135 0.000000 0.551261 0.700745 0.692994
9 0.737870 0.706324 0.722328 0.724480 0.716266 0.372996 0.702587 0.551201 0.000000 0.709805 0.694616
10 0.717483 0.612043 0.627484 0.627038 0.670875 0.706261 0.614839 0.700964 0.710024 0.000000 0.636306
11 0.700062 0.646529 0.667065 0.666740 0.581548 0.693199 0.639157 0.692994 0.694616 0.636127 0.000000
