11
1 0.000000 0.061222 0.053566 0.057777 0.055327 0.063601 0.056797 0.058540 0.059233 0.061781 0.069923
2 0.059268 0.000000 0.023180 0.025931 0.024410 0.035704 0.027388 0.026912 0.025852 0.030571 0.041812
3 0.053814 0.025558 0.000000 0.021228 0.016471 0.029392 0.019157 0.021983 0.022576 0.026410 0.037304
4 0.057386 0.027636 0.020553 0.000000 0.022343 0.034101 0.025011 0.025246 0.024510 0.029470 0.040640
5 0.055078 0.026080 0.015654 0.022450 0.000000 0.030304 0.021144 0.024146 0.023664 0.027162 0.038759
6 0.063281 0.037338 0.028717 0.034101 0.030269 0.000000 0.030545 0.035103 0.035029 0.038382 0.048520
7 0.057613 0.030190 0.019796 0.026110 0.022385 0.031751 0.000000 0.026061 0.027246 0.031006 0.041259
8 0.060206 0.030600 0.023366 0.027231 0.026203 0.037159 0.026983 0.000000 0.020920 0.030741 0.042123
9 0.058168 0.026598 0.021086 0.023728 0.022776 0.034141 0.025223 0.018048 0.000000 0.027908 0.039717
10 0.061817 0.032666 0.026020 0.029932 0.027446 0.038666 0.030155 0.029004 0.029044 0.000000 0.043586
11 0.070597 0.044403 0.037730 0.041492 0.039505 0.049372 0.040798 0.040953 0.041244 0.044261 0.000000
