11
1 0.000000 0.493113 0.379904 0.370523 0.395733 0.367080 0.434573 0.372333 0.427785 0.423950 0.368457
2 0.493113 0.000000 0.399862 0.393522 0.421198 0.397657 0.432507 0.406745 0.436039 0.448039 0.370523
3 0.380592 0.400551 0.000000 0.291810 0.220922 0.298692 0.357880 0.209222 0.325997 0.348933 0.268410
4 0.369835 0.393522 0.290434 0.000000 0.278045 0.095107 0.322314 0.284240 0.321183 0.326910 0.227273
5 0.396421 0.420509 0.220922 0.279422 0.000000 0.282175 0.362698 0.260840 0.323934 0.354439 0.262216
6 0.367080 0.398346 0.298004 0.095796 0.280798 0.000000 0.331267 0.276669 0.314993 0.330351 0.224518
7 0.433884 0.433884 0.357880 0.323691 0.362698 0.331267 0.000000 0.339298 0.387208 0.381280 0.263085
8 0.374398 0.408121 0.209911 0.285616 0.260151 0.278045 0.339986 0.000000 0.318432 0.326910 0.252581
9 0.431912 0.438102 0.326685 0.324622 0.323934 0.317056 0.389271 0.319120 0.000000 0.365199 0.303301
10 0.424639 0.448727 0.348245 0.328286 0.353063 0.331039 0.381968 0.327598 0.365887 0.000000 0.286992
11 0.369835 0.369835 0.268410 0.227961 0.261528 0.225207 0.263085 0.251893 0.302613 0.286304 0.000000
