11
1 0.000000 0.922305 0.896657 0.895522 0.884909 0.886283 0.876824 0.879532 0.914570 0.876018 0.874176
2 0.922365 0.000000 0.914400 0.915993 0.905997 0.908028 0.900183 0.905440 0.929820 0.900368 0.901358
3 0.896537 0.914042 0.000000 0.877315 0.862659 0.864294 0.816022 0.861763 0.902226 0.853041 0.845673
4 0.895502 0.915893 0.877315 0.000000 0.835298 0.829108 0.860773 0.865254 0.908756 0.806073 0.804492
5 0.884809 0.905758 0.862599 0.835258 0.000000 0.810689 0.839878 0.849656 0.896731 0.783634 0.780079
6 0.886163 0.907809 0.864314 0.828989 0.810689 0.000000 0.839125 0.850933 0.896811 0.724739 0.727812
7 0.876884 0.900203 0.816201 0.860992 0.840077 0.839344 0.000000 0.837237 0.891316 0.825684 0.819308
8 0.879433 0.905221 0.861822 0.865075 0.849735 0.850873 0.836998 0.000000 0.895417 0.835918 0.832749
9 0.914570 0.929740 0.902385 0.908915 0.897030 0.897109 0.891316 0.895497 0.000000 0.892271 0.891574
10 0.875898 0.900169 0.853021 0.806093 0.783813 0.724798 0.825465 0.835998 0.892211 0.000000 0.575012
11 0.874196 0.901119 0.845753 0.804473 0.780119 0.727892 0.819228 0.832709 0.891435 0.575112 0.000000
