11
1 0.000000 0.976352 0.987755 0.980702 0.994984 0.983347 0.972022 0.962932 0.983464 0.984620 0.972904
2 0.973237 0.000000 0.978105 0.968358 0.988667 0.916866 0.948355 0.941066 0.970693 0.975706 0.946087
3 0.985345 0.978536 0.000000 0.979513 0.993294 0.983616 0.978225 0.958092 0.879675 0.988464 0.978003
4 0.979409 0.969769 0.981003 0.000000 0.951282 0.976679 0.971561 0.947237 0.973536 0.936186 0.973494
5 0.994495 0.990647 0.995020 0.953007 0.000000 0.992729 0.989161 0.982974 0.990355 0.977256 0.988394
6 0.982661 0.919002 0.984890 0.977325 0.993004 0.000000 0.963705 0.960697 0.979246 0.984949 0.962157
7 0.972022 0.950550 0.980243 0.972619 0.989475 0.964528 0.000000 0.947061 0.972345 0.976637 0.652339
8 0.963147 0.944416 0.959600 0.948256 0.983209 0.960854 0.947473 0.000000 0.942398 0.963244 0.945317
9 0.982935 0.973242 0.880989 0.974751 0.989630 0.980285 0.972776 0.942202 0.000000 0.984415 0.974143
10 0.982739 0.976412 0.988562 0.936147 0.975334 0.983381 0.974266 0.960913 0.982671 0.000000 0.975572
11 0.973727 0.948322 0.980631 0.974337 0.989864 0.962117 0.652045 0.945121 0.973889 0.977317 0.000000
