11
1 0.000000 0.760309 0.746730 0.757701 0.756342 0.756660 0.777614 0.757294 0.778942 0.754820 0.757532
2 0.760409 0.000000 0.724489 0.634928 0.736077 0.736854 0.761145 0.635565 0.760767 0.734245 0.737610
3 0.746769 0.724409 0.000000 0.720845 0.718655 0.678992 0.744042 0.723453 0.744201 0.675627 0.676284
4 0.758020 0.634948 0.720984 0.000000 0.733547 0.731811 0.757801 0.605926 0.757556 0.731755 0.736116
5 0.756502 0.736077 0.718515 0.733567 0.000000 0.722353 0.737345 0.728902 0.733205 0.722888 0.732407
6 0.756780 0.736834 0.679111 0.731831 0.722512 0.000000 0.752320 0.732547 0.752041 0.568237 0.629266
7 0.777714 0.760946 0.743922 0.757701 0.737246 0.752340 0.000000 0.759126 0.669169 0.748347 0.756377
8 0.757393 0.635665 0.723433 0.605966 0.729041 0.732587 0.759206 0.000000 0.754649 0.730468 0.735528
9 0.778961 0.760588 0.744300 0.757357 0.733284 0.752141 0.669169 0.754629 0.000000 0.747262 0.756521
10 0.754780 0.734126 0.675467 0.731596 0.722809 0.568157 0.748267 0.730349 0.747202 0.000000 0.630563
11 0.757592 0.737550 0.676324 0.736016 0.732407 0.629226 0.756437 0.735468 0.756601 0.630643 0.000000
