11
1 0.000000 0.820258 0.822099 0.827256 0.839411 0.821560 0.837629 0.832904 0.834069 0.812063 0.824568
2 0.818048 0.000000 0.760870 0.675138 0.785267 0.733260 0.702504 0.735002 0.772995 0.751011 0.751747
3 0.819889 0.760870 0.000000 0.756169 0.733333 0.675129 0.773564 0.788001 0.706770 0.698051 0.697315
4 0.826519 0.677348 0.758379 0.000000 0.786740 0.729581 0.697349 0.686419 0.762325 0.747701 0.748805
5 0.839411 0.783794 0.734438 0.785635 0.000000 0.738411 0.802651 0.810821 0.751288 0.732255 0.741081
6 0.822664 0.736203 0.677704 0.729949 0.738779 0.000000 0.764165 0.775202 0.706034 0.678558 0.678191
7 0.839102 0.704345 0.774669 0.697349 0.803387 0.762325 0.000000 0.740155 0.783664 0.766826 0.766826
8 0.832904 0.738314 0.792050 0.687891 0.811557 0.774467 0.738314 0.000000 0.795806 0.780802 0.778963
9 0.837013 0.776306 0.707873 0.764901 0.752024 0.705666 0.784032 0.795070 0.000000 0.710923 0.714233
10 0.812799 0.754689 0.703200 0.747701 0.732990 0.677823 0.769401 0.780066 0.712026 0.000000 0.490254
11 0.825303 0.755057 0.703200 0.750276 0.744024 0.677823 0.769033 0.779331 0.716072 0.487679 0.000000
