11
1 0.000000 0.929138 0.930078 0.926714 0.935841 0.927738 0.930550 0.924762 0.929752 0.928813 0.934949
2 0.930630 0.000000 0.909862 0.898987 0.879515 0.770061 0.904209 0.899144 0.906054 0.905740 0.914808
3 0.927564 0.906407 0.000000 0.901618 0.913656 0.900954 0.906374 0.904736 0.893274 0.906628 0.914313
4 0.926361 0.897731 0.905192 0.000000 0.901759 0.892432 0.901068 0.842025 0.901205 0.900346 0.913557
5 0.937922 0.879436 0.917779 0.903879 0.000000 0.881970 0.910947 0.909298 0.913735 0.910123 0.923041
6 0.927660 0.768020 0.903861 0.891804 0.881066 0.000000 0.901190 0.895508 0.897672 0.901681 0.911047
7 0.927525 0.899969 0.905981 0.897808 0.907021 0.897538 0.000000 0.899513 0.905957 0.818832 0.909873
8 0.926255 0.899537 0.909369 0.842653 0.908670 0.897353 0.904029 0.000000 0.903758 0.903840 0.915495
9 0.929085 0.904169 0.895512 0.900734 0.912714 0.897240 0.908941 0.902462 0.000000 0.905136 0.914203
10 0.929912 0.905269 0.910280 0.900856 0.909730 0.902309 0.821816 0.902584 0.906392 0.000000 0.911104
11 0.932906 0.911903 0.915177 0.911437 0.920371 0.909555 0.911052 0.912314 0.912161 0.908748 0.000000
