11
1 0.000000 0.920920 0.931084 0.913620 0.933357 0.939612 0.925126 0.938489 0.917507 0.926513 0.946686
2 0.910855 0.000000 0.915291 0.867384 0.920201 0.918045 0.894680 0.916247 0.895399 0.905464 0.933861
3 0.923905 0.919239 0.000000 0.904660 0.792534 0.922828 0.922469 0.936109 0.915291 0.926418 0.940416
4 0.908244 0.884588 0.910394 0.000000 0.923656 0.925806 0.831900 0.922939 0.893548 0.877061 0.934767
5 0.914625 0.919123 0.783561 0.906093 0.000000 0.929188 0.921166 0.944964 0.916185 0.917179 0.946112
6 0.929907 0.922717 0.929648 0.919355 0.938533 0.000000 0.923077 0.757369 0.925234 0.928109 0.878505
7 0.920806 0.895758 0.924982 0.837993 0.933045 0.924874 0.000000 0.925899 0.906767 0.904968 0.930166
8 0.925899 0.924515 0.936109 0.915771 0.946403 0.725737 0.920863 0.000000 0.926978 0.930935 0.877698
9 0.910303 0.892883 0.919598 0.891756 0.923772 0.923077 0.903168 0.928777 0.000000 0.921965 0.941113
10 0.914265 0.906902 0.923546 0.853763 0.923689 0.918404 0.883729 0.920504 0.917991 0.000000 0.932007
11 0.941282 0.934939 0.936468 0.921864 0.950452 0.876707 0.923326 0.877698 0.940751 0.935624 0.000000
