11
1 0.000000 0.939561 0.949094 0.939382 0.948141 0.948522 0.947409 0.942846 0.948713 0.940762 0.948332
2 0.941468 0.000000 0.922945 0.917652 0.928285 0.931173 0.863186 0.926462 0.928476 0.897333 0.925234
3 0.948904 0.923136 0.000000 0.887915 0.938371 0.937655 0.928925 0.936369 0.939145 0.907429 0.939515
4 0.939192 0.917652 0.887533 0.000000 0.928136 0.938048 0.930450 0.929891 0.938620 0.911048 0.939764
5 0.948522 0.928667 0.937798 0.929089 0.000000 0.910582 0.937691 0.781673 0.817627 0.937524 0.841252
6 0.947950 0.932507 0.940133 0.939192 0.913823 0.000000 0.936738 0.923033 0.918398 0.938667 0.921640
7 0.949124 0.866044 0.929306 0.929688 0.938262 0.939406 0.000000 0.938655 0.935976 0.924952 0.935594
8 0.944942 0.927224 0.938083 0.930653 0.783959 0.923986 0.937131 0.000000 0.843399 0.937143 0.838445
9 0.946997 0.929239 0.940099 0.937857 0.816292 0.917636 0.934070 0.838636 0.000000 0.937524 0.799122
10 0.941714 0.897905 0.906667 0.911429 0.939238 0.938476 0.922857 0.935810 0.939048 0.000000 0.939810
11 0.946806 0.926759 0.940660 0.938429 0.840679 0.920686 0.934261 0.836540 0.797787 0.938286 0.000000
