11
1 0.000000 0.645279 0.580442 0.580126 0.553058 0.570480 0.548109 0.548916 0.645968 0.552021 0.532771
2 0.648917 0.000000 0.620638 0.624607 0.593058 0.610385 0.583264 0.581941 0.659004 0.579296 0.584753
3 0.578449 0.612701 0.000000 0.524386 0.528926 0.522014 0.466821 0.498924 0.606723 0.505964 0.490070
4 0.555906 0.609558 0.535169 0.000000 0.449587 0.460518 0.488056 0.500414 0.599603 0.409543 0.421715
5 0.549091 0.593058 0.533719 0.463967 0.000000 0.442810 0.457521 0.475702 0.572066 0.407107 0.413388
6 0.560020 0.604101 0.512211 0.464499 0.433223 0.000000 0.458859 0.478729 0.588011 0.350895 0.368256
7 0.521732 0.575823 0.465494 0.479098 0.450909 0.465826 0.000000 0.452243 0.583209 0.437541 0.444058
8 0.546433 0.583595 0.504221 0.496441 0.477355 0.473100 0.450919 0.000000 0.597914 0.446780 0.444224
9 0.636695 0.663635 0.614009 0.593973 0.577190 0.588839 0.600265 0.588975 0.000000 0.556052 0.554949
10 0.538602 0.574500 0.499006 0.407058 0.399174 0.348575 0.435885 0.440159 0.545289 0.000000 0.250083
11 0.526150 0.593848 0.497021 0.418570 0.401983 0.367759 0.440914 0.434459 0.553956 0.250745 0.000000
