11
1 0.000000 0.568182 0.568182 0.568182 0.572727 0.568182 0.565909 0.572727 0.568182 0.566893 0.565909
2 0.563636 0.000000 0.561364 0.559091 0.559091 0.506818 0.563636 0.556818 0.570455 0.564626 0.561364
3 0.565909 0.561364 0.000000 0.565909 0.568182 0.554545 0.568182 0.565909 0.565909 0.560091 0.559091
4 0.570455 0.556818 0.565909 0.000000 0.568182 0.547727 0.556818 0.531818 0.565909 0.562358 0.556818
5 0.570455 0.556818 0.568182 0.565909 0.000000 0.565909 0.568182 0.568182 0.575000 0.571429 0.570455
6 0.565909 0.506818 0.556818 0.550000 0.565909 0.000000 0.565909 0.552273 0.556818 0.564626 0.556818
7 0.565909 0.561364 0.563636 0.559091 0.565909 0.563636 0.000000 0.554545 0.559091 0.526077 0.552273
8 0.570455 0.556818 0.565909 0.529545 0.568182 0.552273 0.552273 0.000000 0.561364 0.557823 0.552273
9 0.568182 0.565909 0.568182 0.565909 0.577273 0.556818 0.556818 0.563636 0.000000 0.566893 0.561364
10 0.566893 0.562358 0.562358 0.562358 0.573696 0.566893 0.526077 0.555556 0.569161 0.000000 0.560091
11 0.563636 0.556818 0.561364 0.554545 0.570455 0.559091 0.552273 0.550000 0.561364 0.562358 0.000000
