11
1 0.000000 0.941366 0.957092 0.942858 0.955313 0.961945 0.950016 0.960148 0.936103 0.953266 0.966461
2 0.938735 0.000000 0.942017 0.915158 0.937289 0.941727 0.925043 0.942401 0.925570 0.928013 0.955688
3 0.955757 0.945118 0.000000 0.938523 0.827464 0.960115 0.951517 0.956935 0.948809 0.949986 0.964394
4 0.939677 0.916965 0.937895 0.000000 0.938074 0.941946 0.869876 0.940241 0.926512 0.897050 0.945599
5 0.956098 0.941176 0.828485 0.939684 0.000000 0.962185 0.952411 0.959794 0.948284 0.955352 0.966819
6 0.959078 0.941019 0.958073 0.941042 0.958219 0.000000 0.951469 0.734304 0.952042 0.949857 0.894602
7 0.949819 0.928263 0.952342 0.871761 0.952018 0.954806 0.000000 0.949311 0.943301 0.917387 0.958301
8 0.959362 0.942911 0.957720 0.941498 0.958695 0.735993 0.947701 0.000000 0.951667 0.950960 0.887785
9 0.936103 0.928201 0.950065 0.927730 0.948245 0.955067 0.942398 0.952845 0.000000 0.940888 0.962726
10 0.949181 0.927345 0.947592 0.894733 0.951386 0.948638 0.912793 0.948054 0.937117 0.000000 0.953449
11 0.962102 0.955060 0.962038 0.943792 0.962224 0.895113 0.954728 0.886018 0.959073 0.954156 0.000000
