11
1 0.000000 0.814343 0.825000 0.805247 0.836577 0.772685 0.838559 0.803269 0.827416 0.795095 0.833282
2 0.790438 0.000000 0.685802 0.655247 0.691690 0.590585 0.705076 0.684860 0.694350 0.715485 0.704440
3 0.833333 0.685494 0.000000 0.713272 0.717284 0.697531 0.743827 0.726179 0.731790 0.752160 0.756481
4 0.817593 0.645370 0.723457 0.000000 0.549691 0.679012 0.715123 0.681776 0.708951 0.710494 0.725617
5 0.848934 0.681804 0.694753 0.529938 0.000000 0.638245 0.704356 0.683318 0.682927 0.692926 0.713315
6 0.826572 0.603902 0.702778 0.683951 0.659561 0.000000 0.693713 0.666667 0.702377 0.675441 0.694952
7 0.831108 0.716288 0.746296 0.715123 0.718567 0.681016 0.000000 0.459759 0.733868 0.604478 0.399876
8 0.829171 0.720629 0.720321 0.710145 0.702436 0.654641 0.469319 0.000000 0.739130 0.594820 0.471169
9 0.827416 0.713492 0.759259 0.736111 0.728002 0.713492 0.748070 0.750231 0.000000 0.742513 0.772769
10 0.808445 0.736940 0.754321 0.727778 0.720420 0.673273 0.610386 0.590811 0.721519 0.000000 0.601056
11 0.819621 0.722446 0.745988 0.730247 0.717949 0.679158 0.400807 0.460993 0.735103 0.594846 0.000000
