11
1 0.000000 0.389400 0.360927 0.356275 0.413692 0.373804 0.372102 0.364338 0.343393 0.375644 0.367782
2 0.387928 0.000000 0.355408 0.330512 0.398233 0.275202 0.258468 0.351471 0.332106 0.209713 0.354542
3 0.359823 0.355776 0.000000 0.334805 0.365710 0.335909 0.338484 0.282721 0.221118 0.344739 0.317028
4 0.355907 0.332352 0.334805 0.000000 0.393449 0.327447 0.322046 0.318015 0.309165 0.327079 0.299007
5 0.412219 0.398601 0.364606 0.393449 0.000000 0.383370 0.378727 0.355147 0.320942 0.388521 0.380655
6 0.374540 0.276306 0.336277 0.328918 0.383002 0.000000 0.236203 0.347794 0.312362 0.247609 0.327326
7 0.372470 0.259205 0.337012 0.321678 0.377254 0.235835 0.000000 0.338603 0.316642 0.257910 0.326591
8 0.364338 0.354044 0.284191 0.319118 0.356618 0.348162 0.340074 0.000000 0.272794 0.341544 0.331250
9 0.341921 0.333947 0.220751 0.309165 0.322046 0.311626 0.316274 0.270956 0.000000 0.317145 0.309673
10 0.376012 0.209713 0.344739 0.328182 0.388889 0.246873 0.258278 0.339338 0.317513 0.000000 0.328062
11 0.369989 0.355645 0.317396 0.300110 0.381022 0.328430 0.327326 0.330882 0.310776 0.327694 0.000000
