11
1 0.000000 0.657416 0.721508 0.701913 0.779899 0.704817 0.659782 0.630273 0.711129 0.720504 0.665089
2 0.676222 0.000000 0.711938 0.665650 0.763949 0.543740 0.602623 0.609100 0.681850 0.703847 0.598042
3 0.729576 0.713804 0.000000 0.723973 0.802315 0.742455 0.709582 0.649130 0.507248 0.740391 0.711819
4 0.692734 0.653612 0.712812 0.000000 0.606216 0.692197 0.662994 0.610135 0.689107 0.572849 0.677820
5 0.800642 0.754458 0.804683 0.617940 0.000000 0.787838 0.757215 0.729628 0.778648 0.694423 0.757975
6 0.710984 0.536385 0.741127 0.704594 0.786222 0.000000 0.645226 0.643620 0.727776 0.729084 0.644718
7 0.667473 0.590567 0.712076 0.672846 0.758668 0.646357 0.000000 0.603567 0.699464 0.693683 0.321104
8 0.627638 0.603969 0.638902 0.622373 0.713263 0.651013 0.604429 0.000000 0.608562 0.651695 0.600427
9 0.712957 0.687853 0.506585 0.697260 0.790098 0.721236 0.685738 0.609529 0.000000 0.725966 0.691634
10 0.720397 0.691647 0.747587 0.584175 0.704529 0.730197 0.700646 0.653382 0.724228 0.000000 0.701634
11 0.665967 0.601503 0.712751 0.684401 0.752614 0.651999 0.321714 0.606219 0.680470 0.691377 0.000000
