11
1 0.000000 0.216421 0.217675 0.227959 0.227484 0.226170 0.227260 0.230652 0.218140 0.216151 0.213331
2 0.219047 0.000000 0.146315 0.206659 0.207795 0.206233 0.208576 0.207795 0.197395 0.147558 0.089842
3 0.217533 0.144647 0.000000 0.206299 0.208902 0.201868 0.203295 0.209280 0.194942 0.099282 0.141783
4 0.227746 0.205275 0.207577 0.000000 0.143983 0.143131 0.199176 0.224688 0.196676 0.205873 0.203581
5 0.226383 0.206162 0.207516 0.142634 0.000000 0.125702 0.201307 0.221421 0.198649 0.205368 0.203723
6 0.225566 0.204671 0.203787 0.142563 0.126412 0.000000 0.200596 0.218155 0.193100 0.200526 0.201915
7 0.229106 0.207121 0.203259 0.199815 0.202798 0.200383 0.000000 0.220889 0.189377 0.204537 0.203297
8 0.230936 0.208185 0.210345 0.224936 0.223232 0.218759 0.221670 0.000000 0.214392 0.207398 0.205318
9 0.215156 0.193632 0.193592 0.194653 0.196161 0.191608 0.186466 0.211304 0.000000 0.190371 0.190888
10 0.214517 0.146280 0.098359 0.204950 0.204870 0.199673 0.202052 0.203990 0.191509 0.000000 0.141500
11 0.216238 0.091048 0.144052 0.205495 0.206524 0.203829 0.204432 0.206949 0.195072 0.144513 0.000000
