11
1 0.000000 0.573806 0.560168 0.580468 0.561669 0.575192 0.579150 0.568157 0.570462 0.593670 0.572606
2 0.572892 0.000000 0.533833 0.548647 0.317726 0.529175 0.518200 0.350466 0.541035 0.541247 0.551308
3 0.569495 0.518837 0.000000 0.533102 0.521406 0.520483 0.571873 0.541880 0.513617 0.556876 0.518837
4 0.584674 0.529261 0.526884 0.000000 0.528694 0.489027 0.519386 0.535113 0.397734 0.513716 0.398500
5 0.562944 0.309164 0.529240 0.528694 0.000000 0.526508 0.545090 0.341046 0.531062 0.535070 0.542722
6 0.567325 0.513993 0.525238 0.495611 0.522682 0.000000 0.382913 0.530370 0.503564 0.378339 0.502195
7 0.578600 0.536492 0.558705 0.514448 0.557661 0.392243 0.000000 0.542873 0.515445 0.321076 0.515656
8 0.574569 0.348637 0.554682 0.544623 0.341592 0.545554 0.554599 0.000000 0.551270 0.564215 0.563084
9 0.572839 0.554195 0.509230 0.397734 0.543268 0.501188 0.532627 0.538658 0.000000 0.520746 0.326997
10 0.582693 0.541247 0.554682 0.534016 0.547276 0.377607 0.331321 0.550677 0.535734 0.000000 0.527808
11 0.573338 0.532650 0.497623 0.383870 0.552924 0.503110 0.523164 0.545321 0.323890 0.519210 0.000000
