11
1 0.000000 0.053872 0.040472 0.070826 0.045531 0.067454 0.047218 0.045531 0.053872 0.052013 0.047218
2 0.055556 0.000000 0.043771 0.067340 0.045455 0.058923 0.047138 0.040404 0.040404 0.045302 0.042088
3 0.038786 0.038721 0.000000 0.054054 0.030354 0.053963 0.023649 0.028716 0.038721 0.036913 0.027027
4 0.057336 0.052189 0.043919 0.000000 0.052277 0.070826 0.047458 0.032095 0.057239 0.043624 0.045608
5 0.047218 0.043771 0.032040 0.064081 0.000000 0.055649 0.035413 0.037099 0.042088 0.040268 0.030354
6 0.069140 0.058923 0.055649 0.084317 0.055649 0.000000 0.062395 0.060708 0.058923 0.055369 0.057336
7 0.042159 0.040404 0.021959 0.055932 0.032040 0.057336 0.000000 0.033784 0.040404 0.041946 0.027027
8 0.043845 0.037037 0.028716 0.043919 0.035413 0.059022 0.037162 0.000000 0.045455 0.031879 0.033784
9 0.053872 0.040404 0.042088 0.070707 0.042088 0.058923 0.045455 0.047138 0.000000 0.046980 0.040404
10 0.055369 0.046980 0.040268 0.060403 0.043624 0.058725 0.048658 0.036913 0.048658 0.000000 0.045302
11 0.043845 0.037037 0.025338 0.054054 0.026981 0.052277 0.027027 0.032095 0.035354 0.040268 0.000000
