11
1 0.000000 0.761778 0.769642 0.738426 0.737083 0.744807 0.765816 0.735950 0.765199 0.751954 0.768307
2 0.762350 0.000000 0.567506 0.705658 0.714395 0.466933 0.734947 0.709087 0.744235 0.566635 0.591724
3 0.770404 0.567506 0.000000 0.710993 0.716111 0.587383 0.728087 0.706992 0.742901 0.570067 0.582380
4 0.741475 0.706611 0.710231 0.000000 0.624309 0.692703 0.714422 0.628882 0.720137 0.698800 0.720709
5 0.738799 0.712107 0.715348 0.625262 0.000000 0.700400 0.710938 0.423890 0.720221 0.710200 0.727550
6 0.744807 0.468839 0.587764 0.690798 0.702306 0.000000 0.711128 0.683368 0.731275 0.562988 0.593482
7 0.766578 0.736090 0.728277 0.713279 0.711128 0.713796 0.000000 0.691179 0.470465 0.729611 0.741997
8 0.738426 0.709468 0.709278 0.628501 0.425224 0.683940 0.692703 0.000000 0.700895 0.706801 0.719185
9 0.767105 0.746712 0.740995 0.718804 0.720983 0.733371 0.470084 0.700705 0.000000 0.740995 0.750143
10 0.754242 0.567970 0.571020 0.696514 0.709056 0.562607 0.729040 0.703182 0.737374 0.000000 0.523356
11 0.768497 0.592296 0.582571 0.717851 0.728122 0.594435 0.740282 0.717089 0.745759 0.524309 0.000000
