11
1 0.000000 0.615385 0.639257 0.641910 0.640212 0.628647 0.648148 0.641910 0.641910 0.617414 0.616402
2 0.615385 0.000000 0.602122 0.633952 0.603175 0.549072 0.626984 0.583554 0.602122 0.559367 0.558201
3 0.631300 0.618037 0.000000 0.636605 0.608466 0.610080 0.632275 0.615385 0.612732 0.543536 0.616402
4 0.641910 0.641910 0.639257 0.000000 0.624339 0.636605 0.629630 0.649867 0.636605 0.614776 0.642857
5 0.642857 0.619048 0.608466 0.629630 0.000000 0.597884 0.526455 0.624339 0.621693 0.593668 0.624339
6 0.620690 0.549072 0.602122 0.636605 0.595238 0.000000 0.632275 0.607427 0.594164 0.591029 0.574074
7 0.650794 0.645503 0.648148 0.634921 0.526455 0.648148 0.000000 0.648148 0.648148 0.614776 0.637566
8 0.647215 0.591512 0.618037 0.649867 0.626984 0.615385 0.640212 0.000000 0.623342 0.609499 0.547619
9 0.636605 0.612732 0.612732 0.633952 0.613757 0.596817 0.634921 0.618037 0.000000 0.609499 0.634921
10 0.614776 0.567282 0.538259 0.620053 0.593668 0.591029 0.612137 0.601583 0.614776 0.000000 0.604222
11 0.613757 0.560847 0.613757 0.637566 0.616402 0.576720 0.624339 0.550265 0.624339 0.598945 0.000000
