11
1 0.000000 0.089831 0.089983 0.081356 0.091681 0.100000 0.076401 0.089983 0.079796 0.084890 0.079796
2 0.088136 0.000000 0.061017 0.054237 0.066102 0.059322 0.052542 0.066102 0.069492 0.055932 0.050847
3 0.088285 0.057627 0.000000 0.025424 0.047619 0.045763 0.047538 0.037351 0.059423 0.035654 0.039049
4 0.081356 0.054237 0.028814 0.000000 0.042373 0.040678 0.042373 0.035593 0.057627 0.033898 0.030508
5 0.083192 0.057627 0.042517 0.033898 0.000000 0.057627 0.045840 0.049236 0.062818 0.040747 0.037351
6 0.101695 0.061017 0.049153 0.042373 0.066102 0.000000 0.064407 0.047458 0.079661 0.045763 0.049153
7 0.074703 0.050847 0.047538 0.040678 0.050934 0.061017 0.000000 0.049236 0.052632 0.045840 0.037351
8 0.088285 0.064407 0.039049 0.032203 0.056027 0.044068 0.049236 0.000000 0.066214 0.042445 0.042445
9 0.078098 0.067797 0.061121 0.055932 0.069610 0.076271 0.052632 0.066214 0.000000 0.061121 0.056027
10 0.081494 0.054237 0.035654 0.030508 0.045840 0.042373 0.044143 0.040747 0.059423 0.000000 0.025467
11 0.078098 0.049153 0.040747 0.028814 0.042445 0.045763 0.035654 0.042445 0.056027 0.027165 0.000000
