11
1 0.000000 0.916176 0.922680 0.921915 0.916053 0.918292 0.918660 0.918292 0.918720 0.916115 0.915778
2 0.918750 0.000000 0.914338 0.882353 0.866544 0.787500 0.883456 0.915441 0.884926 0.863971 0.802941
3 0.921944 0.912132 0.000000 0.908321 0.911267 0.913508 0.908723 0.895105 0.906216 0.906549 0.913939
4 0.923020 0.877941 0.907585 0.000000 0.881075 0.878174 0.886640 0.908723 0.761309 0.880059 0.881574
5 0.915685 0.862868 0.911267 0.880707 0.000000 0.874862 0.878911 0.912771 0.884149 0.810890 0.865392
6 0.919028 0.784926 0.912771 0.877806 0.873758 0.000000 0.878174 0.916820 0.887459 0.868653 0.697315
7 0.919764 0.880147 0.908355 0.887008 0.877438 0.874862 0.000000 0.913876 0.888562 0.875276 0.882310
8 0.921605 0.915074 0.895841 0.910931 0.913139 0.916820 0.914612 0.000000 0.909893 0.910596 0.915042
9 0.918352 0.884559 0.907319 0.763148 0.882677 0.888194 0.888930 0.910997 0.000000 0.881942 0.887459
10 0.917954 0.862868 0.911700 0.882266 0.809787 0.867550 0.878219 0.909124 0.881206 0.000000 0.862449
11 0.918352 0.801471 0.916881 0.883413 0.863921 0.699154 0.881942 0.916513 0.887091 0.863921 0.000000
