11
1 0.000000 0.431239 0.487267 0.451613 0.461800 0.456706 0.460102 0.451613 0.488964 0.468591 0.419355
2 0.421053 0.000000 0.453608 0.440068 0.469072 0.395189 0.417526 0.439863 0.455326 0.447279 0.413969
3 0.478778 0.462199 0.000000 0.436644 0.475945 0.463918 0.482818 0.457045 0.398625 0.445578 0.442930
4 0.446520 0.434932 0.441781 0.000000 0.407534 0.467466 0.465753 0.410959 0.450342 0.367347 0.448041
5 0.466893 0.460481 0.474227 0.405822 0.000000 0.477663 0.498282 0.477663 0.486254 0.452381 0.487223
6 0.460102 0.388316 0.465636 0.465753 0.481100 0.000000 0.439655 0.439655 0.475043 0.457483 0.434412
7 0.431239 0.405498 0.474227 0.450342 0.486254 0.439655 0.000000 0.426598 0.480207 0.450680 0.247019
8 0.438031 0.439863 0.443299 0.414384 0.465636 0.443103 0.433506 0.000000 0.437177 0.448980 0.424191
9 0.482173 0.455326 0.384880 0.445205 0.484536 0.476764 0.487091 0.445783 0.000000 0.462585 0.459966
10 0.465195 0.454082 0.443878 0.363946 0.457483 0.462585 0.464286 0.452381 0.457483 0.000000 0.457483
11 0.414261 0.420784 0.458262 0.459966 0.485520 0.441227 0.267462 0.431005 0.471891 0.450680 0.000000
