11
1 0.000000 0.566413 0.657337 0.544386 0.640941 0.624048 0.596555 0.622723 0.533289 0.602683 0.663630
2 0.577840 0.000000 0.600432 0.516434 0.586321 0.565571 0.516932 0.590653 0.517493 0.548136 0.613919
3 0.666280 0.594622 0.000000 0.589475 0.454017 0.698539 0.645584 0.673020 0.661084 0.658326 0.731234
4 0.538092 0.510624 0.584993 0.000000 0.590139 0.569389 0.420485 0.549718 0.532416 0.471914 0.621375
5 0.641272 0.586321 0.463645 0.594289 0.000000 0.659242 0.611960 0.669871 0.608854 0.623364 0.706711
6 0.628354 0.554283 0.685923 0.577689 0.660738 0.000000 0.642027 0.388631 0.614326 0.595360 0.516156
7 0.601524 0.524236 0.638612 0.429781 0.617608 0.646179 0.000000 0.610209 0.585309 0.505717 0.645733
8 0.636800 0.599768 0.672522 0.545409 0.672191 0.386974 0.602751 0.000000 0.625621 0.627175 0.471251
9 0.521199 0.522467 0.651799 0.524623 0.615984 0.589952 0.579340 0.607557 0.000000 0.569511 0.657167
10 0.603842 0.552278 0.641591 0.499586 0.632312 0.621541 0.517150 0.617399 0.572991 0.000000 0.642585
11 0.651872 0.610273 0.727589 0.607125 0.721955 0.522452 0.629495 0.464457 0.665120 0.639934 0.000000
