11
1 0.000000 0.589888 0.601551 0.516220 0.585694 0.561615 0.569405 0.572238 0.644476 0.562323 0.604108
2 0.547753 0.000000 0.521067 0.455056 0.480337 0.381320 0.421348 0.417837 0.579354 0.415028 0.279494
3 0.555007 0.514045 0.000000 0.479549 0.303244 0.500705 0.519746 0.513399 0.580395 0.494358 0.523977
4 0.470381 0.452247 0.480254 0.000000 0.430183 0.436530 0.430183 0.442172 0.560649 0.447814 0.488717
5 0.521955 0.457865 0.291255 0.421016 0.000000 0.437100 0.463016 0.464489 0.540043 0.443892 0.473722
6 0.503541 0.365169 0.495063 0.425952 0.443497 0.000000 0.229566 0.289062 0.571226 0.350142 0.419034
7 0.507082 0.403792 0.510578 0.420310 0.468706 0.225302 0.000000 0.295455 0.576187 0.385653 0.424006
8 0.563739 0.439607 0.553597 0.475317 0.515625 0.318892 0.333097 0.000000 0.627923 0.412642 0.475142
9 0.643059 0.619382 0.624824 0.600141 0.600992 0.627215 0.636428 0.631467 0.000000 0.607371 0.647768
10 0.513456 0.438202 0.484485 0.471086 0.443892 0.382102 0.384943 0.408381 0.600284 0.000000 0.448864
11 0.548159 0.261236 0.513399 0.478843 0.475142 0.414773 0.422585 0.435369 0.587527 0.412642 0.000000
