11
1 0.000000 0.435822 0.420864 0.426827 0.429560 0.429033 0.461293 0.426721 0.464026 0.429738 0.433145
2 0.437631 0.000000 0.383224 0.304912 0.401064 0.401667 0.433765 0.308317 0.440929 0.388970 0.401277
3 0.414262 0.381025 0.000000 0.381774 0.378460 0.335143 0.413767 0.384468 0.420270 0.331069 0.337265
4 0.426082 0.300763 0.385969 0.000000 0.395800 0.396814 0.435588 0.272630 0.426113 0.392832 0.394600
5 0.433500 0.401312 0.383221 0.398181 0.000000 0.384217 0.410617 0.401840 0.412074 0.391643 0.400213
6 0.429068 0.400000 0.337308 0.396352 0.386417 0.000000 0.425165 0.400504 0.427471 0.247463 0.292279
7 0.458311 0.432985 0.419063 0.434095 0.411008 0.421617 0.000000 0.430830 0.351327 0.422261 0.433286
8 0.428211 0.307359 0.388305 0.273199 0.401059 0.397097 0.437296 0.000000 0.437260 0.395019 0.399822
9 0.457992 0.436851 0.415825 0.426753 0.409409 0.422965 0.344397 0.427384 0.000000 0.416536 0.437158
10 0.422958 0.389785 0.329931 0.389561 0.387556 0.245050 0.419098 0.395588 0.424111 0.000000 0.298863
11 0.431832 0.403440 0.343410 0.399787 0.404227 0.291037 0.435488 0.400426 0.435986 0.297833 0.000000
