11
1 0.000000 0.547028 0.542394 0.548381 0.554125 0.537521 0.508253 0.538403 0.525778 0.505195 0.535874
2 0.547126 0.000000 0.334954 0.467857 0.478248 0.499284 0.462133 0.494697 0.474896 0.466916 0.460407
3 0.543177 0.334895 0.000000 0.465544 0.472345 0.494414 0.461174 0.489181 0.474148 0.462742 0.459449
4 0.547499 0.466524 0.464251 0.000000 0.353367 0.496186 0.466620 0.499049 0.479100 0.468076 0.451090
5 0.552831 0.476993 0.471307 0.353642 0.000000 0.502402 0.469640 0.503558 0.485630 0.472152 0.457707
6 0.537344 0.498716 0.493924 0.496852 0.503304 0.000000 0.395109 0.451720 0.436371 0.397050 0.479536
7 0.507508 0.461270 0.460742 0.467718 0.470209 0.394893 0.000000 0.416096 0.392112 0.351906 0.443810
8 0.538011 0.493540 0.488456 0.499873 0.504225 0.451818 0.416273 0.000000 0.438604 0.415116 0.485011
9 0.523838 0.472739 0.472169 0.478610 0.485120 0.434861 0.390759 0.437388 0.000000 0.398340 0.459669
10 0.503058 0.464838 0.460488 0.467390 0.471740 0.396266 0.350592 0.414038 0.399164 0.000000 0.446212
11 0.535266 0.459682 0.458724 0.451619 0.458492 0.479457 0.443791 0.485325 0.460630 0.447507 0.000000
