11
1 0.000000 0.245439 0.243118 0.235323 0.232007 0.240808 0.240299 0.244327 0.238024 0.248922 0.246353
2 0.241128 0.000000 0.112128 0.176871 0.132857 0.186486 0.188830 0.197118 0.181533 0.168659 0.169761
3 0.238308 0.111629 0.000000 0.179028 0.142501 0.188804 0.185838 0.191320 0.185662 0.180279 0.175564
4 0.233499 0.178862 0.181185 0.000000 0.175709 0.129182 0.154803 0.162995 0.151635 0.197777 0.193468
5 0.227861 0.131859 0.140007 0.172225 0.000000 0.170421 0.167553 0.177406 0.169640 0.146912 0.148873
6 0.242630 0.185492 0.189135 0.129844 0.175058 0.000000 0.157006 0.162968 0.148497 0.201722 0.198244
7 0.235987 0.185173 0.188996 0.153144 0.170213 0.154356 0.000000 0.126884 0.122398 0.195219 0.200928
8 0.244161 0.196952 0.192148 0.162995 0.181547 0.163465 0.129369 0.000000 0.123555 0.211363 0.203578
9 0.244797 0.188801 0.191939 0.156426 0.179716 0.155269 0.130657 0.129171 0.000000 0.201189 0.202180
10 0.245937 0.170153 0.181607 0.196449 0.148738 0.198244 0.194887 0.207056 0.193591 0.000000 0.188826
11 0.250995 0.170756 0.177885 0.194297 0.154178 0.196588 0.200928 0.204075 0.196069 0.187500 0.000000
