11
1 0.000000 0.824752 0.827447 0.829352 0.799197 0.816522 0.829041 0.830393 0.789067 0.795532 0.821650
2 0.767990 0.000000 0.743185 0.555211 0.501081 0.378403 0.550869 0.732281 0.567943 0.487903 0.390198
3 0.825279 0.775403 0.000000 0.721190 0.783441 0.764852 0.766729 0.676261 0.689006 0.723668 0.739467
4 0.800807 0.551179 0.679368 0.000000 0.567810 0.556621 0.573424 0.745899 0.360408 0.553211 0.528536
5 0.783133 0.516528 0.749768 0.571826 0.000000 0.521779 0.539079 0.743590 0.579370 0.398826 0.485635
6 0.800124 0.380879 0.756807 0.570235 0.510349 0.000000 0.528775 0.775681 0.598518 0.508973 0.317450
7 0.778157 0.561104 0.761462 0.574045 0.542478 0.534035 0.000000 0.751780 0.567017 0.527769 0.551179
8 0.819870 0.766636 0.649644 0.739709 0.748533 0.786201 0.765088 0.000000 0.778258 0.729186 0.753018
9 0.815936 0.579061 0.747066 0.370290 0.610871 0.610871 0.603150 0.766523 0.000000 0.596665 0.568252
10 0.769780 0.500000 0.717472 0.569966 0.387396 0.507426 0.522805 0.711854 0.542310 0.000000 0.487903
11 0.807692 0.388337 0.781599 0.544045 0.492431 0.315903 0.563275 0.724234 0.559605 0.488213 0.000000
