11
1 0.000000 0.202055 0.198642 0.186869 0.186125 0.175559 0.192504 0.209898 0.193220 0.198305 0.165232
2 0.205479 0.000000 0.164686 0.101010 0.099831 0.159247 0.173765 0.117747 0.127119 0.166102 0.171233
3 0.212224 0.171477 0.000000 0.129630 0.147208 0.168081 0.130730 0.154499 0.157627 0.150847 0.161290
4 0.207071 0.117845 0.139731 0.000000 0.089226 0.154882 0.161616 0.121212 0.107744 0.143098 0.161616
5 0.201354 0.115059 0.153976 0.082492 0.000000 0.145516 0.165821 0.115059 0.121827 0.142132 0.153976
6 0.172117 0.152397 0.154499 0.134680 0.130288 0.000000 0.153322 0.143345 0.149153 0.147458 0.082759
7 0.201022 0.178876 0.129032 0.148148 0.157360 0.161840 0.000000 0.158433 0.152542 0.166102 0.155026
8 0.211604 0.119454 0.149406 0.107744 0.108291 0.151877 0.158433 0.000000 0.116949 0.154237 0.167235
9 0.208475 0.135593 0.162712 0.101010 0.118443 0.162712 0.159322 0.120339 0.000000 0.152542 0.171186
10 0.213559 0.172881 0.155932 0.138047 0.140440 0.161017 0.169492 0.159322 0.152542 0.000000 0.166102
11 0.161790 0.164384 0.149406 0.139731 0.138748 0.082759 0.146508 0.158703 0.161017 0.149153 0.000000
