11
1 0.000000 0.074429 0.069487 0.072885 0.069487 0.074737 0.070414 0.071958 0.075355 0.073811 0.084620
2 0.072885 0.000000 0.036268 0.037186 0.035958 0.044554 0.038092 0.038128 0.040608 0.039543 0.054146
3 0.065781 0.035028 0.000000 0.033778 0.025744 0.036510 0.030350 0.030717 0.034750 0.038616 0.051671
4 0.069487 0.037186 0.035327 0.000000 0.034087 0.043007 0.037783 0.037186 0.037186 0.041396 0.054455
5 0.065473 0.035028 0.026055 0.033158 0.000000 0.035891 0.030040 0.031638 0.034739 0.037380 0.050433
6 0.072267 0.046101 0.039604 0.044864 0.038676 0.000000 0.039913 0.043007 0.046411 0.047575 0.058478
7 0.068561 0.038402 0.032208 0.038712 0.031589 0.038985 0.000000 0.035615 0.039021 0.041705 0.054146
8 0.068870 0.036888 0.030406 0.036257 0.031328 0.039604 0.033447 0.000000 0.027924 0.039852 0.054765
9 0.070723 0.038748 0.033819 0.035947 0.034119 0.043007 0.036544 0.027614 0.000000 0.041087 0.053218
10 0.075355 0.042632 0.042632 0.045103 0.041396 0.049428 0.043868 0.044177 0.045412 0.000000 0.059623
11 0.085547 0.055384 0.053527 0.056312 0.052290 0.058478 0.053527 0.056002 0.055693 0.058387 0.000000
