11
1 0.000000 0.744867 0.787667 0.773412 0.776143 0.738201 0.721747 0.749051 0.781497 0.744761 0.739406
2 0.741286 0.000000 0.633735 0.597450 0.624818 0.539205 0.609805 0.603974 0.607790 0.597250 0.609160
3 0.785362 0.624711 0.000000 0.655383 0.641545 0.637003 0.632043 0.635380 0.667897 0.638486 0.657518
4 0.769441 0.593933 0.644869 0.000000 0.505133 0.616229 0.638902 0.633322 0.640631 0.625155 0.630889
5 0.771994 0.622509 0.646022 0.506767 0.000000 0.639631 0.645009 0.638644 0.652844 0.615819 0.638878
6 0.740612 0.544283 0.651669 0.630256 0.634411 0.000000 0.611364 0.612775 0.640915 0.602095 0.618569
7 0.722740 0.601314 0.625826 0.631158 0.629378 0.616016 0.000000 0.454649 0.639175 0.521172 0.384981
8 0.738839 0.596629 0.648332 0.638219 0.628779 0.614869 0.456920 0.000000 0.645458 0.534634 0.462669
9 0.772561 0.621991 0.674750 0.659554 0.657211 0.641128 0.648228 0.642370 0.000000 0.663566 0.652879
10 0.731322 0.589115 0.653376 0.625404 0.610418 0.590376 0.517904 0.533463 0.650075 0.000000 0.537227
11 0.735364 0.613740 0.646725 0.635505 0.626735 0.620344 0.383242 0.463520 0.651601 0.535842 0.000000
