11
1 0.000000 0.842939 0.845821 0.886888 0.841499 0.840058 0.864553 0.862032 0.866354 0.885807 0.847983
2 0.833213 0.000000 0.775569 0.849350 0.792891 0.808487 0.792480 0.785947 0.784420 0.854552 0.780196
3 0.846542 0.797253 0.000000 0.864884 0.678713 0.807373 0.835923 0.830864 0.832309 0.879653 0.574630
4 0.893372 0.867775 0.873555 0.000000 0.878613 0.869942 0.892341 0.884032 0.886561 0.869220 0.884393
5 0.842579 0.809213 0.657029 0.860910 0.000000 0.828842 0.837672 0.851503 0.812681 0.860566 0.678922
6 0.843660 0.821545 0.808457 0.864523 0.839403 0.000000 0.846349 0.837016 0.841667 0.875817 0.822716
7 0.862752 0.797542 0.824359 0.883309 0.842733 0.838395 0.000000 0.724150 0.709689 0.881056 0.838395
8 0.850504 0.788120 0.816046 0.868497 0.843173 0.821079 0.720897 0.000000 0.639623 0.873234 0.833394
9 0.871398 0.785507 0.805927 0.871749 0.822464 0.830072 0.711135 0.645056 0.000000 0.874638 0.821739
10 0.889409 0.873413 0.868088 0.877529 0.876180 0.879448 0.883225 0.881927 0.883696 0.000000 0.878359
11 0.830331 0.787813 0.547163 0.871026 0.650528 0.806698 0.833695 0.833032 0.813406 0.864198 0.000000
