11
1 0.000000 0.687976 0.707481 0.706823 0.695818 0.719656 0.689478 0.713646 0.717378 0.696192 0.683948
2 0.689939 0.000000 0.618943 0.618118 0.653185 0.688055 0.368080 0.687937 0.690529 0.589203 0.621888
3 0.707795 0.618668 0.000000 0.446063 0.661182 0.701944 0.617825 0.702179 0.701787 0.608402 0.637070
4 0.707137 0.617608 0.445631 0.000000 0.662439 0.702109 0.613074 0.700106 0.703405 0.608873 0.642198
5 0.696289 0.652988 0.661457 0.662085 0.000000 0.695425 0.647821 0.694600 0.694875 0.646761 0.563322
6 0.720599 0.688133 0.702337 0.703209 0.694875 0.000000 0.681743 0.553343 0.363069 0.683706 0.674286
7 0.690420 0.368276 0.618257 0.613310 0.647939 0.682018 0.000000 0.682332 0.682097 0.588143 0.615901
8 0.713371 0.686680 0.701080 0.698928 0.693462 0.551772 0.681037 0.000000 0.534885 0.680644 0.677821
9 0.717496 0.689900 0.700491 0.702934 0.694051 0.362008 0.681076 0.535317 0.000000 0.688221 0.676211
10 0.696977 0.588928 0.607735 0.608755 0.647114 0.683274 0.587318 0.681704 0.689831 0.000000 0.622026
11 0.683123 0.621260 0.637306 0.642316 0.563008 0.673736 0.615508 0.677978 0.675386 0.621908 0.000000
