11
1 0.000000 0.953052 0.953379 0.946739 0.974601 0.963517 0.959538 0.974508 0.974900 0.949856 0.973367
2 0.957747 0.000000 0.932105 0.893824 0.968581 0.880101 0.952329 0.966414 0.963886 0.937951 0.970386
3 0.959884 0.931744 0.000000 0.929888 0.972533 0.938562 0.951951 0.972533 0.973618 0.949134 0.971811
4 0.952174 0.876129 0.921937 0.000000 0.957609 0.880072 0.947977 0.960145 0.969565 0.938672 0.967391
5 0.972424 0.958108 0.964221 0.960507 0.000000 0.968795 0.967124 0.924528 0.967707 0.957071 0.960450
6 0.955126 0.864211 0.929527 0.885145 0.961176 0.000000 0.952673 0.967589 0.966170 0.938312 0.970782
7 0.959899 0.946190 0.948699 0.948699 0.968208 0.959538 0.000000 0.972905 0.973266 0.908369 0.974711
8 0.971595 0.950163 0.962414 0.957246 0.913280 0.965404 0.963873 0.000000 0.965078 0.958874 0.955572
9 0.969807 0.951607 0.962414 0.961594 0.963716 0.966897 0.962428 0.965442 0.000000 0.957792 0.959622
10 0.957792 0.938312 0.946609 0.948052 0.962482 0.948052 0.920635 0.971861 0.970779 0.000000 0.971861
11 0.972273 0.956302 0.960607 0.967029 0.954644 0.967860 0.966040 0.960306 0.955984 0.956710 0.000000
