11
1 0.000000 0.716470 0.710354 0.735107 0.724466 0.706781 0.721969 0.723653 0.715924 0.713843 0.717823
2 0.727025 0.000000 0.571065 0.661692 0.531938 0.640065 0.636579 0.400728 0.653321 0.612921 0.649318
3 0.708713 0.568153 0.000000 0.645655 0.533722 0.622796 0.607547 0.548122 0.641492 0.597156 0.629346
4 0.734378 0.654777 0.650392 0.000000 0.657315 0.473550 0.691929 0.648206 0.638217 0.692840 0.630075
5 0.726110 0.503549 0.522785 0.649845 0.000000 0.634430 0.641386 0.503379 0.638035 0.619187 0.660659
6 0.708417 0.651518 0.628977 0.480095 0.660244 0.000000 0.685875 0.635884 0.617524 0.688602 0.602072
7 0.726527 0.616197 0.605724 0.695573 0.628988 0.678422 0.000000 0.628259 0.676979 0.422607 0.658110
8 0.719452 0.380710 0.559059 0.646384 0.507580 0.635157 0.622972 0.000000 0.638581 0.598760 0.639359
9 0.716833 0.640946 0.663512 0.638217 0.665150 0.612798 0.676797 0.646770 0.000000 0.661147 0.550137
10 0.713843 0.599090 0.589136 0.693933 0.605508 0.671332 0.410574 0.595842 0.641128 0.000000 0.654469
11 0.713636 0.649500 0.638995 0.634626 0.667213 0.598073 0.660477 0.639905 0.550318 0.661387 0.000000
