11
1 0.000000 0.733654 0.726960 0.741913 0.732278 0.741913 0.752925 0.735031 0.756366 0.741403 0.752237
2 0.731590 0.000000 0.689821 0.622849 0.718320 0.722452 0.725396 0.621901 0.730213 0.707703 0.721763
3 0.726272 0.691197 0.000000 0.707703 0.689821 0.687758 0.721458 0.693260 0.716644 0.680880 0.676066
4 0.737096 0.621473 0.707703 0.000000 0.735031 0.729525 0.742602 0.594632 0.743290 0.707703 0.722643
5 0.728149 0.716942 0.687758 0.731590 0.000000 0.716253 0.710943 0.736226 0.718513 0.718707 0.707300
6 0.739160 0.721074 0.687070 0.724707 0.718320 0.000000 0.743290 0.721763 0.730213 0.557084 0.640496
7 0.749484 0.725396 0.722834 0.743978 0.713696 0.743290 0.000000 0.748107 0.665520 0.731087 0.739849
8 0.730213 0.618457 0.690509 0.592567 0.739669 0.721763 0.745354 0.000000 0.737784 0.706327 0.724518
9 0.752925 0.731590 0.715956 0.744666 0.722643 0.732966 0.665520 0.741913 0.000000 0.723521 0.735719
10 0.737276 0.707015 0.679505 0.707703 0.720083 0.554333 0.730399 0.705640 0.722834 0.000000 0.618982
11 0.750860 0.719008 0.677442 0.719890 0.710055 0.642562 0.740537 0.722452 0.733654 0.620358 0.000000
