11
1 0.000000 0.766006 0.763148 0.766006 0.778201 0.762431 0.798628 0.764672 0.799733 0.763338 0.770389
2 0.763910 0.000000 0.726978 0.617188 0.749762 0.743570 0.775386 0.637681 0.771151 0.723737 0.736662
3 0.761814 0.729075 0.000000 0.711128 0.740233 0.694799 0.766432 0.721449 0.771341 0.693232 0.684261
4 0.766768 0.618331 0.711890 0.000000 0.732469 0.719947 0.763193 0.569931 0.755335 0.709985 0.720084
5 0.776677 0.751096 0.739851 0.731136 0.000000 0.738998 0.747571 0.732419 0.752287 0.746331 0.752287
6 0.763002 0.747190 0.695371 0.721852 0.742618 0.000000 0.769670 0.730234 0.769099 0.590779 0.645647
7 0.797295 0.775195 0.767956 0.763955 0.751572 0.768718 0.000000 0.768527 0.704325 0.774624 0.785483
8 0.763148 0.638825 0.720877 0.568598 0.731466 0.729091 0.769099 0.000000 0.756098 0.724881 0.735328
9 0.799162 0.773438 0.773056 0.755907 0.754383 0.768146 0.704325 0.756860 0.000000 0.774581 0.777820
10 0.761814 0.724118 0.692469 0.708270 0.746141 0.589827 0.773481 0.725071 0.773056 0.000000 0.622904
11 0.770008 0.738186 0.686928 0.719893 0.754573 0.644313 0.785292 0.734756 0.777630 0.624428 0.000000
