11
1 0.000000 0.678735 0.696895 0.687691 0.693026 0.709223 0.688072 0.676258 0.672637 0.687119 0.716327
2 0.677591 0.000000 0.599352 0.584143 0.587955 0.609491 0.584906 0.563751 0.574042 0.579760 0.622785
3 0.696323 0.600305 0.000000 0.468470 0.605258 0.640312 0.612117 0.575348 0.612307 0.421604 0.635550
4 0.686738 0.583381 0.467137 0.000000 0.575215 0.624857 0.589132 0.558224 0.593327 0.406214 0.626405
5 0.693026 0.589480 0.604877 0.575786 0.000000 0.643347 0.619256 0.351629 0.606673 0.577774 0.652505
6 0.708841 0.607395 0.638598 0.625620 0.643157 0.000000 0.643347 0.616733 0.632101 0.618757 0.437607
7 0.686928 0.585096 0.610974 0.587798 0.617922 0.641822 0.000000 0.595960 0.340580 0.579680 0.632311
8 0.674543 0.561845 0.574014 0.559177 0.351058 0.617877 0.594244 0.000000 0.587193 0.552316 0.625834
9 0.671875 0.572327 0.611926 0.591611 0.606482 0.631910 0.340389 0.589099 0.000000 0.583873 0.621642
10 0.685976 0.578616 0.420461 0.406595 0.575677 0.617804 0.578536 0.550982 0.583302 0.000000 0.614784
11 0.717470 0.622595 0.634407 0.627167 0.652505 0.440084 0.635169 0.626786 0.623928 0.614974 0.000000
