11
1 0.000000 0.574286 0.627143 0.592124 0.582979 0.600712 0.593329 0.627857 0.593571 0.593571 0.579134
2 0.581429 0.000000 0.441744 0.519691 0.551773 0.570107 0.564230 0.560400 0.540560 0.390838 0.278212
3 0.600714 0.411008 0.000000 0.553446 0.570922 0.590036 0.586231 0.594711 0.571837 0.276626 0.448545
4 0.621660 0.542897 0.571730 0.000000 0.399437 0.412096 0.510549 0.578059 0.510549 0.525316 0.556259
5 0.603546 0.576596 0.581560 0.391702 0.000000 0.340426 0.537589 0.565957 0.550355 0.551064 0.570213
6 0.619929 0.582206 0.589324 0.402954 0.339007 0.000000 0.529454 0.553737 0.538790 0.558719 0.572747
7 0.561391 0.527324 0.542938 0.459916 0.492199 0.490419 0.000000 0.542938 0.474095 0.508872 0.533002
8 0.607143 0.521801 0.562545 0.540788 0.545390 0.535231 0.548616 0.000000 0.531094 0.535382 0.568488
9 0.542857 0.499641 0.517513 0.446554 0.490071 0.480427 0.460610 0.518942 0.000000 0.463851 0.500355
10 0.589286 0.395132 0.273052 0.505626 0.539716 0.549466 0.550035 0.563974 0.508948 0.000000 0.384670
11 0.592619 0.286018 0.452803 0.542897 0.550355 0.595458 0.580554 0.570617 0.555004 0.388219 0.000000
