11
1 0.000000 0.891337 0.886398 0.893617 0.882599 0.890619 0.890999 0.882264 0.886355 0.887538 0.876567
2 0.891337 0.000000 0.805091 0.785714 0.803951 0.804785 0.864413 0.806305 0.822948 0.796733 0.804406
3 0.888298 0.804711 0.000000 0.711626 0.740881 0.722370 0.852260 0.768325 0.661474 0.716185 0.763008
4 0.892857 0.785334 0.712766 0.000000 0.740502 0.707938 0.852640 0.791113 0.729863 0.595745 0.769844
5 0.882219 0.803571 0.741261 0.740122 0.000000 0.751234 0.845423 0.780099 0.762158 0.731763 0.771743
6 0.890239 0.802886 0.722370 0.708697 0.749715 0.000000 0.851880 0.789594 0.738321 0.699202 0.788454
7 0.893657 0.864793 0.851500 0.853019 0.844284 0.853019 0.000000 0.849221 0.851880 0.846183 0.845044
8 0.881884 0.805545 0.768325 0.789214 0.781238 0.789594 0.849221 0.000000 0.783137 0.786935 0.666160
9 0.885215 0.823328 0.660714 0.729863 0.762158 0.737182 0.851120 0.783517 0.000000 0.731383 0.787695
10 0.887158 0.794073 0.715426 0.594605 0.729483 0.698443 0.846183 0.786555 0.731383 0.000000 0.781618
11 0.878086 0.803646 0.763768 0.769844 0.772503 0.788834 0.845044 0.667300 0.788074 0.782378 0.000000
