11
1 0.000000 0.659102 0.640987 0.477706 0.618465 0.705785 0.647108 0.646279 0.648219 0.727167 0.665009
2 0.665231 0.000000 0.594169 0.536193 0.609861 0.553421 0.463310 0.615703 0.569819 0.695047 0.467451
3 0.652584 0.594169 0.000000 0.489894 0.484282 0.679092 0.618125 0.472333 0.614645 0.655070 0.614480
4 0.472568 0.528574 0.492379 0.000000 0.489907 0.615780 0.543810 0.495436 0.535543 0.638248 0.526298
5 0.633852 0.646923 0.470549 0.496525 0.000000 0.697551 0.614659 0.482296 0.617803 0.656519 0.621112
6 0.713907 0.548120 0.684725 0.602022 0.682330 0.000000 0.540859 0.678601 0.672411 0.728825 0.542682
7 0.688381 0.476064 0.623095 0.546631 0.611846 0.550472 0.000000 0.637073 0.569511 0.701775 0.461258
8 0.640146 0.623488 0.458913 0.495602 0.463766 0.667827 0.622137 0.000000 0.597846 0.694974 0.610586
9 0.665120 0.587378 0.623260 0.542171 0.616314 0.662635 0.580282 0.627672 0.000000 0.694946 0.579122
10 0.740593 0.718072 0.674288 0.614530 0.666115 0.737278 0.715044 0.722010 0.699586 0.000000 0.699619
11 0.658047 0.474077 0.624917 0.520657 0.609696 0.551135 0.471047 0.625187 0.554764 0.689667 0.000000
