11
1 0.000000 0.544001 0.593821 0.532442 0.582616 0.623299 0.562460 0.612485 0.531087 0.565147 0.631644
2 0.534129 0.000000 0.559275 0.483443 0.540868 0.571431 0.508983 0.567818 0.521391 0.520389 0.588857
3 0.612491 0.561465 0.000000 0.551039 0.408432 0.628756 0.580877 0.633999 0.581755 0.588503 0.651065
4 0.531041 0.483137 0.549603 0.000000 0.539953 0.547058 0.423102 0.547638 0.509454 0.464590 0.569113
5 0.583064 0.544779 0.405615 0.545856 0.000000 0.619824 0.572892 0.617330 0.569388 0.578896 0.633527
6 0.616479 0.579705 0.627104 0.550809 0.626929 0.000000 0.591891 0.376593 0.593494 0.584954 0.479288
7 0.563052 0.505017 0.576819 0.420102 0.566182 0.598622 0.000000 0.583634 0.541966 0.498557 0.603472
8 0.608068 0.571444 0.628703 0.548877 0.627108 0.376431 0.590618 0.000000 0.596362 0.587661 0.482623
9 0.535030 0.527162 0.579245 0.516910 0.579425 0.598046 0.553849 0.597903 0.000000 0.552505 0.617295
10 0.572783 0.525767 0.582122 0.469483 0.585725 0.590726 0.506283 0.585295 0.551698 0.000000 0.597376
11 0.631823 0.598845 0.647084 0.575963 0.640198 0.477907 0.609856 0.486712 0.619106 0.595583 0.000000
