11
1 0.000000 0.091371 0.101523 0.108291 0.099831 0.086294 0.111675 0.089679 0.113367 0.094755 0.096447
2 0.089679 0.000000 0.108291 0.108291 0.086294 0.086294 0.108291 0.094755 0.081218 0.076142 0.087986
3 0.093063 0.101523 0.000000 0.095238 0.091993 0.052542 0.049573 0.049320 0.105983 0.098639 0.077966
4 0.106599 0.104907 0.102041 0.000000 0.090136 0.077966 0.098639 0.088435 0.098639 0.091837 0.066102
5 0.093063 0.079526 0.091993 0.083333 0.000000 0.071186 0.090290 0.081633 0.083475 0.054422 0.079661
6 0.086294 0.086294 0.061017 0.079661 0.079661 0.000000 0.057627 0.052542 0.096610 0.084746 0.057627
7 0.096447 0.094755 0.044444 0.086735 0.083475 0.044068 0.000000 0.056122 0.097603 0.091837 0.069492
8 0.084602 0.091371 0.052721 0.086735 0.085034 0.049153 0.066327 0.000000 0.098639 0.088435 0.067797
9 0.103215 0.069374 0.104274 0.090136 0.080068 0.088136 0.102740 0.093537 0.000000 0.076531 0.081356
10 0.089679 0.072758 0.103741 0.090136 0.057823 0.081356 0.102041 0.088435 0.081633 0.000000 0.084746
11 0.093063 0.086294 0.083051 0.066102 0.083051 0.055932 0.081356 0.069492 0.088136 0.086441 0.000000
