11
1 0.000000 0.973321 0.977838 0.976920 0.977403 0.977297 0.978805 0.976774 0.977798 0.977403 0.977482
2 0.976082 0.000000 0.956856 0.953543 0.965808 0.964763 0.915152 0.965000 0.967011 0.946208 0.966124
3 0.977621 0.953997 0.000000 0.926871 0.969858 0.968433 0.959982 0.970513 0.970589 0.948288 0.971201
4 0.977196 0.951019 0.927305 0.000000 0.969951 0.968591 0.960770 0.969576 0.971254 0.944087 0.970227
5 0.977067 0.962397 0.969976 0.969181 0.000000 0.951376 0.969969 0.835364 0.864566 0.968112 0.863677
6 0.977415 0.962574 0.969400 0.968611 0.951356 0.000000 0.969499 0.951277 0.952679 0.968058 0.953844
7 0.978252 0.912588 0.959093 0.959704 0.969495 0.968137 0.000000 0.969447 0.971203 0.955313 0.969929
8 0.977228 0.962949 0.970750 0.969200 0.835641 0.951376 0.970454 0.000000 0.871882 0.969526 0.879229
9 0.976870 0.962772 0.969917 0.969556 0.863736 0.952047 0.970729 0.871507 0.000000 0.968867 0.834097
10 0.976277 0.942028 0.947143 0.942942 0.967243 0.966360 0.954581 0.968203 0.968591 0.000000 0.968447
11 0.976968 0.962574 0.971201 0.969516 0.863400 0.952580 0.969969 0.879249 0.833999 0.969119 0.000000
