11
1 0.000000 0.886192 0.848953 0.867179 0.879159 0.850940 0.849769 0.838596 0.851860 0.908315 0.864219
2 0.885883 0.000000 0.799930 0.810818 0.836335 0.794550 0.795837 0.781771 0.796742 0.883802 0.820130
3 0.849146 0.801051 0.000000 0.725064 0.777988 0.515574 0.394449 0.606045 0.387718 0.859906 0.563586
4 0.865943 0.809426 0.722553 0.000000 0.757845 0.718824 0.725790 0.707613 0.723483 0.845854 0.761872
5 0.878811 0.835910 0.777331 0.757497 0.000000 0.772203 0.778874 0.760539 0.774741 0.831377 0.800942
6 0.851866 0.795824 0.515882 0.720136 0.773592 0.000000 0.536083 0.612336 0.532054 0.852291 0.605311
7 0.852621 0.798728 0.395220 0.729375 0.782267 0.538473 0.000000 0.613416 0.408018 0.859946 0.586854
8 0.839600 0.782813 0.606238 0.709504 0.761736 0.611911 0.613184 0.000000 0.616219 0.847437 0.671055
9 0.854254 0.798595 0.387409 0.724178 0.776247 0.532479 0.406823 0.615601 0.000000 0.858384 0.589355
10 0.909705 0.885269 0.860099 0.847244 0.832227 0.852136 0.858365 0.848170 0.858576 0.000000 0.871796
11 0.866188 0.820863 0.561849 0.763686 0.802370 0.604886 0.585813 0.671286 0.588698 0.871950 0.000000
