11
1 0.000000 0.920867 0.887986 0.898365 0.911627 0.884847 0.890599 0.878950 0.889289 0.940640 0.901113
2 0.920707 0.000000 0.836021 0.850176 0.874948 0.832636 0.837409 0.822085 0.834651 0.919604 0.855897
3 0.887767 0.835961 0.000000 0.763389 0.812488 0.543543 0.421555 0.645164 0.419703 0.889002 0.601203
4 0.898345 0.850216 0.763449 0.000000 0.795317 0.759319 0.767917 0.750214 0.764999 0.877835 0.800673
5 0.911547 0.875027 0.812388 0.795277 0.000000 0.807348 0.816046 0.798363 0.812349 0.868237 0.836675
6 0.884667 0.832597 0.543583 0.759299 0.807308 0.000000 0.572222 0.646635 0.566795 0.882338 0.645400
7 0.890460 0.837548 0.421555 0.767877 0.816145 0.572242 0.000000 0.660620 0.443699 0.890896 0.625115
8 0.878930 0.822045 0.645224 0.750274 0.798284 0.646615 0.660540 0.000000 0.655224 0.882286 0.712656
9 0.889170 0.834750 0.419703 0.765039 0.812529 0.566894 0.443639 0.655264 0.000000 0.889708 0.627865
10 0.940521 0.919445 0.888982 0.877596 0.868138 0.882298 0.890856 0.882326 0.889767 0.000000 0.901601
11 0.900974 0.855917 0.601183 0.800713 0.836675 0.645380 0.625075 0.712636 0.627666 0.901522 0.000000
