11
1 0.000000 0.683414 0.682507 0.673315 0.671488 0.687543 0.621901 0.667125 0.628099 0.616231 0.653131
2 0.684790 0.000000 0.614591 0.431224 0.611149 0.638679 0.657949 0.692572 0.651067 0.651307 0.673090
3 0.683196 0.613902 0.000000 0.612792 0.484160 0.624226 0.648760 0.687758 0.643005 0.649243 0.671025
4 0.678817 0.429849 0.613480 0.000000 0.612792 0.613480 0.649243 0.689133 0.655433 0.651995 0.668501
5 0.670799 0.607708 0.487603 0.609353 0.000000 0.606332 0.642562 0.689821 0.655647 0.652682 0.681349
6 0.689608 0.640743 0.624226 0.613480 0.608396 0.000000 0.663455 0.711142 0.685478 0.671939 0.701308
7 0.622590 0.659326 0.650826 0.646492 0.641873 0.662078 0.000000 0.570151 0.480716 0.539890 0.445974
8 0.669876 0.691197 0.687070 0.687758 0.690509 0.710454 0.569464 0.000000 0.562586 0.603164 0.593535
9 0.630165 0.650379 0.642316 0.651995 0.657025 0.684790 0.478650 0.560523 0.000000 0.548143 0.508603
10 0.616231 0.649931 0.648556 0.646492 0.653370 0.671252 0.539890 0.603164 0.549519 0.000000 0.572215
11 0.657949 0.672402 0.671714 0.664374 0.680661 0.700619 0.443909 0.595598 0.511356 0.570151 0.000000
