11
1 0.000000 0.697088 0.716562 0.715290 0.705198 0.728483 0.698085 0.720138 0.725542 0.704323 0.692164
2 0.697088 0.000000 0.626525 0.626564 0.661449 0.696531 0.381501 0.695220 0.698597 0.596806 0.629862
3 0.716443 0.626445 0.000000 0.457461 0.670415 0.710709 0.626743 0.709160 0.709080 0.616372 0.646269
4 0.715251 0.626445 0.457381 0.000000 0.671131 0.711186 0.622015 0.706060 0.710868 0.616650 0.651315
5 0.704999 0.661409 0.670296 0.670972 0.000000 0.703664 0.656334 0.701399 0.702154 0.654838 0.572042
6 0.728403 0.696531 0.710948 0.711425 0.703902 0.000000 0.689889 0.559477 0.376421 0.690999 0.682071
7 0.698164 0.381342 0.626704 0.622134 0.656573 0.690088 0.000000 0.689174 0.689055 0.595788 0.623182
8 0.720377 0.695340 0.709279 0.706338 0.701598 0.559596 0.689134 0.000000 0.542824 0.688536 0.686005
9 0.725344 0.698518 0.709080 0.710988 0.702074 0.376342 0.688856 0.542665 0.000000 0.695927 0.684376
10 0.704363 0.596726 0.616253 0.616690 0.654759 0.690960 0.595708 0.688456 0.696285 0.000000 0.630374
11 0.692005 0.629862 0.646150 0.651434 0.572081 0.682071 0.623142 0.685886 0.684336 0.630335 0.000000
