11
1 0.000000 0.775525 0.774077 0.780594 0.772629 0.785663 0.801593 0.773353 0.803765 0.785663 0.797973
2 0.775525 0.000000 0.730435 0.657495 0.756698 0.766667 0.768841 0.656046 0.771739 0.748009 0.758870
3 0.774077 0.731159 0.000000 0.755974 0.730630 0.730435 0.768116 0.733526 0.760870 0.720492 0.721216
4 0.783490 0.656770 0.755974 0.000000 0.779870 0.769008 0.793628 0.626358 0.792904 0.749457 0.768284
5 0.772629 0.761043 0.730630 0.781318 0.000000 0.765387 0.751629 0.784938 0.766836 0.761767 0.751629
6 0.787111 0.768116 0.731884 0.769732 0.764663 0.000000 0.792029 0.764663 0.778986 0.587256 0.681390
7 0.799421 0.768116 0.763043 0.792180 0.750905 0.789855 0.000000 0.794352 0.710145 0.775525 0.779146
8 0.775525 0.655322 0.732802 0.624185 0.783490 0.764663 0.797973 0.000000 0.786387 0.745112 0.765387
9 0.805214 0.773913 0.757971 0.792904 0.767560 0.777536 0.707971 0.786387 0.000000 0.766111 0.772629
10 0.786387 0.748733 0.721941 0.749457 0.762491 0.585807 0.776973 0.744388 0.767560 0.000000 0.658219
11 0.798697 0.760319 0.720492 0.769732 0.753078 0.682114 0.780594 0.767560 0.774801 0.659667 0.000000
