11
1 0.000000 0.807321 0.792775 0.808473 0.808861 0.801240 0.813998 0.799022 0.791940 0.808369 0.800469
2 0.807361 0.000000 0.617195 0.743611 0.584025 0.726839 0.681267 0.446666 0.728031 0.682272 0.740264
3 0.792894 0.617115 0.000000 0.719487 0.611643 0.706450 0.661632 0.599436 0.710504 0.662957 0.713996
4 0.808752 0.743412 0.719526 0.000000 0.736698 0.565478 0.749175 0.728559 0.701641 0.748679 0.718209
5 0.808742 0.583946 0.611762 0.736777 0.000000 0.718021 0.676495 0.570276 0.722273 0.669183 0.728313
6 0.801359 0.726998 0.706530 0.565439 0.717902 0.000000 0.737252 0.713258 0.685068 0.733577 0.695756
7 0.813958 0.681068 0.661831 0.749175 0.676416 0.736934 0.000000 0.669939 0.733914 0.466638 0.745668
8 0.799340 0.446586 0.599555 0.728479 0.570356 0.713338 0.670098 0.000000 0.713894 0.664189 0.728779
9 0.791980 0.728190 0.710425 0.701641 0.722352 0.684949 0.734112 0.713973 0.000000 0.734690 0.611469
10 0.808807 0.682272 0.663355 0.748917 0.669144 0.733736 0.466916 0.663911 0.734491 0.000000 0.743443
11 0.800827 0.740343 0.714115 0.718089 0.728035 0.695756 0.745986 0.728819 0.611389 0.743801 0.000000
