11
1 0.000000 0.945689 0.946449 0.938473 0.951006 0.940015 0.945689 0.951006 0.951386 0.943790 0.949506
2 0.946449 0.000000 0.933511 0.910368 0.949107 0.887623 0.946429 0.950608 0.948348 0.942271 0.946469
3 0.945689 0.932371 0.000000 0.929738 0.951766 0.928626 0.944909 0.949468 0.951386 0.942651 0.949886
4 0.937714 0.910368 0.930498 0.000000 0.949487 0.899772 0.943411 0.947968 0.950247 0.941891 0.949506
5 0.950627 0.949487 0.950627 0.949487 0.000000 0.947988 0.951006 0.922142 0.952146 0.951006 0.947229
6 0.940775 0.888003 0.932422 0.900911 0.947608 0.000000 0.946469 0.948367 0.948367 0.937358 0.949127
7 0.945689 0.946429 0.943009 0.944550 0.949487 0.946469 0.000000 0.950608 0.952526 0.925560 0.952544
8 0.948348 0.949468 0.948708 0.946829 0.922142 0.947988 0.950228 0.000000 0.948348 0.949487 0.947229
9 0.951766 0.949867 0.951386 0.950627 0.952146 0.948367 0.953285 0.947968 0.000000 0.950627 0.946849
10 0.943411 0.939992 0.943031 0.941891 0.949107 0.935839 0.925940 0.951006 0.951006 0.000000 0.949886
11 0.949506 0.947988 0.950266 0.948747 0.948367 0.947988 0.952544 0.947988 0.946849 0.950645 0.000000
