11
1 0.000000 0.721844 0.684308 0.529375 0.683070 0.761743 0.722067 0.721448 0.718353 0.771870 0.684699
2 0.720297 0.000000 0.653156 0.552876 0.613243 0.579110 0.483911 0.665223 0.652537 0.712519 0.442968
3 0.702259 0.664604 0.000000 0.481756 0.531105 0.672435 0.632817 0.465015 0.679567 0.742504 0.634930
4 0.529375 0.548238 0.493197 0.000000 0.504329 0.577256 0.591218 0.549165 0.561843 0.692427 0.528903
5 0.688022 0.625928 0.503250 0.496289 0.000000 0.654821 0.634479 0.520891 0.618384 0.740958 0.624730
6 0.781520 0.580346 0.697775 0.578801 0.644932 0.000000 0.528121 0.674598 0.649567 0.781211 0.552225
7 0.735686 0.488861 0.630960 0.587198 0.635098 0.539246 0.000000 0.686530 0.625388 0.778980 0.489335
8 0.740019 0.661201 0.461920 0.568955 0.530795 0.673362 0.688703 0.000000 0.629699 0.736940 0.647295
9 0.744042 0.644493 0.692260 0.562152 0.632002 0.650803 0.613284 0.632495 0.000000 0.770325 0.569706
10 0.792890 0.704482 0.745904 0.677589 0.740958 0.788937 0.768470 0.722411 0.759505 0.000000 0.733849
11 0.722720 0.456260 0.621638 0.522411 0.632457 0.539864 0.480989 0.645131 0.576816 0.733539 0.000000
