11
1 0.000000 0.832417 0.828200 0.823864 0.826103 0.832783 0.838130 0.821010 0.824844 0.822076 0.827283
2 0.828566 0.000000 0.721498 0.716459 0.708219 0.728842 0.787718 0.728221 0.711066 0.720483 0.721131
3 0.828016 0.723885 0.000000 0.648644 0.655501 0.650709 0.792484 0.719985 0.549835 0.648545 0.681827
4 0.828262 0.719941 0.651760 0.000000 0.649643 0.621701 0.796921 0.709553 0.668193 0.574227 0.696298
5 0.828116 0.713710 0.647263 0.638843 0.000000 0.682043 0.784368 0.685212 0.669046 0.669412 0.685521
6 0.827466 0.727740 0.640398 0.621334 0.676917 0.000000 0.797067 0.698938 0.669659 0.608823 0.699539
7 0.840513 0.789734 0.799083 0.791422 0.786015 0.801100 0.000000 0.789165 0.784353 0.790042 0.792301
8 0.822291 0.727489 0.722731 0.711567 0.686127 0.698023 0.787335 0.000000 0.693082 0.700403 0.620608
9 0.826493 0.722792 0.548736 0.667277 0.676551 0.671491 0.783987 0.696376 0.000000 0.644335 0.687981
10 0.823906 0.716273 0.649826 0.564525 0.665019 0.613948 0.785832 0.698756 0.639941 0.000000 0.684056
11 0.822882 0.722416 0.684773 0.692999 0.675636 0.700645 0.787351 0.615117 0.686882 0.682592 0.000000
