11
1 0.000000 0.937334 0.940350 0.933916 0.938093 0.939992 0.932017 0.939279 0.940729 0.941176 0.938093
2 0.936954 0.000000 0.919104 0.913027 0.895177 0.921382 0.900874 0.907021 0.929358 0.918786 0.917964
3 0.942629 0.921762 0.000000 0.915686 0.925180 0.786935 0.918344 0.927514 0.931991 0.927894 0.925180
4 0.936574 0.914926 0.916445 0.000000 0.921382 0.914166 0.900874 0.919165 0.927839 0.927135 0.917964
5 0.938093 0.897455 0.924041 0.920623 0.000000 0.926320 0.913027 0.919924 0.930118 0.922960 0.936194
6 0.940752 0.921003 0.786175 0.912647 0.927839 0.000000 0.915686 0.922960 0.932776 0.928653 0.924801
7 0.931637 0.900874 0.916065 0.900114 0.913407 0.919483 0.000000 0.863378 0.892518 0.883112 0.869730
8 0.940417 0.911575 0.927135 0.919165 0.920683 0.923719 0.862998 0.000000 0.883871 0.912713 0.910436
9 0.940350 0.930118 0.930471 0.927079 0.930498 0.932397 0.892138 0.882353 0.000000 0.922201 0.913027
10 0.940038 0.918406 0.927514 0.927135 0.924858 0.928653 0.882353 0.912334 0.924099 0.000000 0.911575
11 0.938853 0.920243 0.925180 0.919104 0.936574 0.925560 0.872389 0.911954 0.913027 0.912334 0.000000
