11
1 0.000000 0.313773 0.380506 0.349822 0.332817 0.304095 0.348262 0.340094 0.391678 0.310753 0.318495
2 0.309979 0.000000 0.338707 0.276165 0.279817 0.232164 0.186045 0.189006 0.255545 0.114749 0.207857
3 0.379771 0.339249 0.000000 0.367007 0.267951 0.332274 0.374143 0.370380 0.419315 0.336498 0.344286
4 0.348932 0.276939 0.367356 0.000000 0.317696 0.250852 0.316148 0.304652 0.365072 0.271985 0.280848
5 0.331656 0.278267 0.265819 0.315451 0.000000 0.270064 0.322537 0.314442 0.368492 0.276832 0.284236
6 0.302160 0.232784 0.331538 0.250658 0.271382 0.000000 0.277014 0.267645 0.327927 0.230459 0.243441
7 0.346597 0.185967 0.374879 0.314638 0.324397 0.276626 0.000000 0.203843 0.275866 0.178955 0.259076
8 0.341023 0.190091 0.368715 0.305156 0.314713 0.267607 0.205431 0.000000 0.277453 0.176997 0.246804
9 0.392646 0.257170 0.419470 0.365498 0.371434 0.328314 0.277569 0.278614 0.000000 0.255235 0.314302
10 0.306340 0.114167 0.335335 0.270398 0.275476 0.229684 0.177173 0.176145 0.253648 0.000000 0.204638
11 0.316095 0.206383 0.344325 0.278797 0.283383 0.242395 0.258959 0.245874 0.311709 0.204987 0.000000
