11
1 0.000000 0.125424 0.102215 0.103565 0.112054 0.100340 0.115254 0.088586 0.114334 0.141638 0.097104
2 0.135593 0.000000 0.118644 0.128814 0.123729 0.128814 0.118644 0.116949 0.147458 0.149153 0.100000
3 0.102215 0.110169 0.000000 0.100170 0.078098 0.093537 0.093220 0.076661 0.103918 0.122658 0.080068
4 0.105263 0.123729 0.101868 0.000000 0.096774 0.035654 0.101695 0.095076 0.110357 0.130730 0.084890
5 0.113752 0.120339 0.079796 0.096774 0.000000 0.096774 0.103390 0.083192 0.098472 0.129032 0.093379
6 0.103741 0.122034 0.095238 0.035654 0.096774 0.000000 0.101695 0.090136 0.112245 0.127551 0.079932
7 0.123729 0.115254 0.098305 0.106780 0.106780 0.106780 0.000000 0.106780 0.123729 0.123729 0.076271
8 0.090290 0.110169 0.076661 0.091681 0.081494 0.088435 0.101695 0.000000 0.109029 0.127768 0.080068
9 0.107509 0.130508 0.097104 0.101868 0.089983 0.102041 0.110169 0.102215 0.000000 0.123499 0.098807
10 0.133106 0.130508 0.114140 0.120543 0.120543 0.115646 0.106780 0.115843 0.123499 0.000000 0.093697
11 0.098807 0.091525 0.078365 0.081494 0.091681 0.076531 0.069492 0.080068 0.105622 0.102215 0.000000
