11
1 0.000000 0.177665 0.199662 0.198291 0.191781 0.201022 0.202055 0.198642 0.189420 0.184300 0.189831
2 0.181049 0.000000 0.130288 0.148900 0.165821 0.165821 0.172589 0.160745 0.150592 0.133672 0.084602
3 0.204738 0.130288 0.000000 0.182741 0.191201 0.191201 0.187817 0.186125 0.160745 0.104907 0.150592
4 0.198291 0.148900 0.172589 0.000000 0.105983 0.115843 0.152137 0.162988 0.145051 0.177474 0.171186
5 0.186644 0.152284 0.172589 0.099145 0.000000 0.095400 0.145798 0.157895 0.143345 0.168942 0.169492
6 0.206133 0.165821 0.186125 0.119250 0.103918 0.000000 0.170358 0.174873 0.158433 0.185690 0.184746
7 0.196918 0.164129 0.179357 0.148718 0.150943 0.165247 0.000000 0.162988 0.131399 0.163823 0.167797
8 0.205433 0.159052 0.186125 0.171477 0.171477 0.174873 0.174873 0.000000 0.161290 0.188455 0.171186
9 0.196246 0.150592 0.155668 0.143345 0.148464 0.155026 0.136519 0.159593 0.000000 0.146758 0.145763
10 0.182594 0.126904 0.094755 0.177474 0.175768 0.183986 0.163823 0.179966 0.143345 0.000000 0.127119
11 0.193220 0.081218 0.143824 0.179661 0.179661 0.186441 0.174576 0.169492 0.147458 0.133898 0.000000
