11
1 0.000000 0.643120 0.597498 0.606473 0.615668 0.653422 0.567329 0.638971 0.650846 0.614196 0.619941
2 0.638705 0.000000 0.585725 0.597646 0.523354 0.624954 0.563857 0.627941 0.558336 0.522251 0.606183
3 0.596026 0.586461 0.000000 0.552777 0.574844 0.591244 0.518764 0.586765 0.605592 0.577786 0.605224
4 0.608312 0.596911 0.552409 0.000000 0.566752 0.624494 0.485840 0.599632 0.608680 0.574844 0.573740
5 0.614196 0.523722 0.575211 0.564546 0.000000 0.642883 0.547628 0.631985 0.530342 0.522251 0.600956
6 0.651950 0.626794 0.589772 0.620449 0.639941 0.000000 0.603975 0.518015 0.641516 0.627069 0.647405
7 0.565121 0.565697 0.519500 0.486208 0.545789 0.607656 0.000000 0.587132 0.588517 0.553512 0.498712
8 0.642279 0.631985 0.588971 0.602206 0.632721 0.520588 0.587868 0.000000 0.637868 0.630515 0.638971
9 0.649742 0.559809 0.605592 0.607944 0.528871 0.641884 0.587781 0.634191 0.000000 0.428099 0.620905
10 0.615300 0.523722 0.577050 0.573740 0.521883 0.627069 0.552041 0.625735 0.426995 0.000000 0.614564
11 0.617734 0.605447 0.605592 0.571901 0.597278 0.650350 0.495399 0.633456 0.616857 0.611622 0.000000
