11
1 0.000000 0.175499 0.129477 0.170799 0.163111 0.211287 0.143939 0.167928 0.185134 0.179505 0.140399
2 0.175499 0.000000 0.121129 0.167928 0.139023 0.181693 0.139711 0.145217 0.087405 0.170564 0.126635
3 0.129477 0.120440 0.000000 0.132231 0.104611 0.163111 0.057851 0.119064 0.136270 0.132050 0.072953
4 0.170799 0.167240 0.132231 0.000000 0.157605 0.207158 0.145317 0.116999 0.193393 0.127235 0.129387
5 0.163799 0.139023 0.105299 0.158293 0.000000 0.190640 0.125258 0.146593 0.154164 0.154746 0.112182
6 0.211975 0.181693 0.163799 0.207846 0.190640 0.000000 0.179628 0.197522 0.194081 0.204952 0.168617
7 0.143939 0.139023 0.057851 0.145317 0.124570 0.178940 0.000000 0.130076 0.158293 0.149931 0.082588
8 0.168617 0.145217 0.119064 0.117688 0.146593 0.197522 0.130764 0.000000 0.167928 0.125860 0.119064
9 0.186511 0.087405 0.136270 0.194081 0.153476 0.193393 0.158293 0.167928 0.000000 0.184319 0.140399
10 0.179505 0.170564 0.132050 0.127235 0.154058 0.203576 0.149931 0.125172 0.184319 0.000000 0.136176
11 0.141087 0.126635 0.072953 0.129387 0.111493 0.167928 0.082588 0.118376 0.140399 0.136176 0.000000
