11
1 0.000000 0.455598 0.468612 0.440022 0.440687 0.376588 0.382709 0.429834 0.374308 0.437466 0.437397
2 0.462217 0.000000 0.382709 0.377827 0.410370 0.359625 0.371696 0.378378 0.400441 0.399449 0.353558
3 0.486784 0.377753 0.000000 0.349119 0.392621 0.364537 0.373348 0.348018 0.404185 0.409692 0.372247
4 0.444997 0.370105 0.346916 0.000000 0.396904 0.344561 0.377753 0.341436 0.396352 0.407163 0.367899
5 0.439024 0.396029 0.388767 0.391929 0.000000 0.360574 0.381608 0.382873 0.397010 0.385124 0.379482
6 0.378244 0.358522 0.361784 0.347322 0.363335 0.000000 0.299559 0.346770 0.317504 0.370248 0.363486
7 0.386564 0.372247 0.374449 0.382709 0.395374 0.305066 0.000000 0.356828 0.287445 0.389317 0.362885
8 0.433702 0.364038 0.350771 0.346409 0.384530 0.351187 0.350771 0.000000 0.398343 0.392837 0.376172
9 0.370986 0.400993 0.391520 0.400774 0.395349 0.310878 0.278084 0.384530 0.000000 0.401653 0.390513
10 0.439669 0.395041 0.412996 0.397245 0.390634 0.367493 0.379405 0.384573 0.398898 0.000000 0.372452
11 0.429123 0.350248 0.368392 0.366244 0.386652 0.357419 0.370595 0.374517 0.387755 0.364738 0.000000
