11
1 0.000000 0.777617 0.761011 0.762968 0.749458 0.750542 0.755957 0.771119 0.766787 0.767870 0.762761
2 0.745126 0.000000 0.705776 0.689481 0.681227 0.707220 0.657040 0.746209 0.751986 0.712996 0.615025
3 0.755596 0.733574 0.000000 0.716859 0.730686 0.715884 0.671841 0.664982 0.693863 0.694585 0.731848
4 0.762608 0.706412 0.708934 0.000000 0.601945 0.660663 0.692363 0.716859 0.744597 0.694885 0.712078
5 0.715884 0.709025 0.715523 0.597622 0.000000 0.649873 0.658704 0.711385 0.706352 0.667874 0.680805
6 0.740794 0.712274 0.719856 0.666066 0.620877 0.000000 0.626855 0.710765 0.694454 0.687070 0.680086
7 0.754874 0.689892 0.675812 0.657781 0.628664 0.653637 0.000000 0.671734 0.710098 0.672096 0.670740
8 0.748014 0.743682 0.688448 0.680115 0.679840 0.680319 0.682591 0.000000 0.689993 0.596885 0.703810
9 0.759567 0.750542 0.692419 0.740994 0.723775 0.721638 0.704669 0.721900 0.000000 0.741036 0.725377
10 0.737906 0.717329 0.657762 0.685519 0.666787 0.685983 0.676801 0.596523 0.708077 0.000000 0.705607
11 0.732207 0.618260 0.698778 0.679727 0.657441 0.658879 0.639468 0.703091 0.709202 0.703810 0.000000
