11
1 0.000000 0.208391 0.255846 0.203576 0.281981 0.242091 0.277166 0.205640 0.221458 0.222834 0.220083
2 0.207703 0.000000 0.218169 0.134893 0.251719 0.206469 0.238816 0.159670 0.178940 0.200138 0.186511
3 0.255846 0.218169 0.000000 0.202340 0.280605 0.253957 0.288369 0.222299 0.221610 0.242091 0.231246
4 0.202201 0.134893 0.201652 0.000000 0.211142 0.173554 0.203716 0.112948 0.156336 0.157497 0.172746
5 0.281293 0.253783 0.283356 0.213893 0.000000 0.273728 0.272352 0.221458 0.253095 0.256534 0.268226
6 0.240715 0.205781 0.251893 0.172176 0.272352 0.000000 0.276669 0.191460 0.161157 0.211829 0.200275
7 0.275791 0.238128 0.288369 0.204405 0.269601 0.278734 0.000000 0.225740 0.245010 0.258597 0.250516
8 0.204264 0.158981 0.222299 0.113636 0.218707 0.192837 0.225052 0.000000 0.163912 0.176754 0.181693
9 0.220083 0.178252 0.221610 0.156336 0.251032 0.162534 0.244322 0.163912 0.000000 0.184319 0.161734
10 0.222146 0.200138 0.242779 0.158184 0.253095 0.211829 0.257909 0.176754 0.185695 0.000000 0.167125
11 0.218707 0.185822 0.231246 0.172746 0.266162 0.200275 0.248451 0.181693 0.161734 0.167125 0.000000
