11
1 0.000000 0.180066 0.179677 0.182951 0.185286 0.194471 0.169360 0.176368 0.172991 0.172146 0.167218
2 0.180261 0.000000 0.153397 0.153951 0.155313 0.165466 0.129648 0.150866 0.163456 0.166894 0.147946
3 0.179482 0.153202 0.000000 0.170105 0.178474 0.181624 0.156901 0.168970 0.172407 0.168255 0.160600
4 0.183145 0.153951 0.170300 0.000000 0.175555 0.156870 0.152589 0.165045 0.171045 0.169617 0.149864
5 0.185675 0.155508 0.179058 0.175555 0.000000 0.165239 0.153172 0.168743 0.183110 0.173313 0.143636
6 0.194082 0.165077 0.181429 0.156481 0.164656 0.000000 0.164882 0.144470 0.173185 0.172146 0.149114
7 0.169360 0.129453 0.157096 0.152394 0.152783 0.165077 0.000000 0.155928 0.158397 0.154834 0.141912
8 0.176368 0.150672 0.168970 0.164656 0.168353 0.144470 0.155733 0.000000 0.167931 0.170006 0.144248
9 0.173185 0.163651 0.172796 0.171240 0.183110 0.173769 0.158591 0.168321 0.000000 0.135966 0.154894
10 0.172729 0.167283 0.168839 0.169811 0.173313 0.172924 0.155417 0.170589 0.136160 0.000000 0.149582
11 0.167218 0.147752 0.160600 0.149864 0.143246 0.149504 0.142106 0.144442 0.154699 0.149193 0.000000
