11
1 0.000000 0.330958 0.346871 0.347783 0.342171 0.330504 0.341852 0.331287 0.344211 0.340471 0.333499
2 0.336758 0.000000 0.252765 0.270516 0.274896 0.281240 0.283726 0.284388 0.279112 0.262844 0.269581
3 0.354796 0.259865 0.000000 0.288922 0.292554 0.285785 0.293214 0.287106 0.280007 0.259865 0.275879
4 0.355559 0.273494 0.277530 0.000000 0.241231 0.206651 0.254633 0.261085 0.270682 0.264064 0.197220
5 0.342171 0.275062 0.284464 0.241066 0.000000 0.218724 0.247390 0.239271 0.246646 0.278708 0.208478
6 0.330504 0.286211 0.275714 0.202846 0.215079 0.000000 0.266844 0.233743 0.263541 0.282703 0.209472
7 0.343843 0.285383 0.292224 0.255460 0.247887 0.270329 0.000000 0.250498 0.253106 0.280285 0.261798
8 0.340743 0.286543 0.281823 0.260258 0.236951 0.232415 0.250664 0.000000 0.255756 0.297777 0.264779
9 0.341063 0.283253 0.277695 0.271509 0.244658 0.267848 0.255591 0.253271 0.000000 0.259235 0.259811
10 0.338811 0.261352 0.255902 0.260093 0.279205 0.281541 0.278128 0.294293 0.254762 0.000000 0.283325
11 0.340288 0.275542 0.271256 0.198709 0.208478 0.214274 0.262626 0.263785 0.256665 0.285975 0.000000
