11
1 0.000000 0.742755 0.747664 0.715983 0.728716 0.705119 0.730466 0.725737 0.718694 0.742631 0.702742
2 0.722004 0.000000 0.550984 0.628623 0.645081 0.644007 0.623256 0.658676 0.628980 0.583900 0.638640
3 0.753774 0.582469 0.000000 0.652768 0.676851 0.698059 0.673835 0.689792 0.650879 0.569375 0.657081
4 0.720662 0.627191 0.674694 0.000000 0.566235 0.534917 0.615054 0.552121 0.590958 0.634795 0.564075
5 0.693001 0.630769 0.646298 0.542117 0.000000 0.557318 0.631183 0.559310 0.576964 0.676851 0.498196
6 0.724585 0.642576 0.662832 0.515839 0.584715 0.000000 0.615054 0.534508 0.584858 0.670740 0.547224
7 0.737276 0.636494 0.671685 0.618996 0.636201 0.639068 0.000000 0.615771 0.581720 0.662366 0.632616
8 0.732207 0.689088 0.688354 0.557153 0.572969 0.542415 0.616846 0.000000 0.631145 0.677570 0.575485
9 0.724076 0.657245 0.653391 0.597058 0.616075 0.624686 0.584946 0.630786 0.000000 0.636527 0.615357
10 0.717829 0.578533 0.568296 0.618260 0.642344 0.653127 0.635842 0.640546 0.606746 0.000000 0.623652
11 0.686508 0.625760 0.618620 0.527718 0.460317 0.532444 0.596416 0.530913 0.576247 0.633717 0.000000
