11
1 0.000000 0.074971 0.074184 0.075825 0.082835 0.125456 0.082228 0.073719 0.079357 0.098943 0.156690
2 0.075469 0.000000 0.063421 0.066014 0.062531 0.111130 0.076260 0.061157 0.066600 0.089197 0.153872
3 0.078987 0.065574 0.000000 0.069051 0.072032 0.121543 0.080642 0.064959 0.076503 0.084737 0.156980
4 0.077651 0.066512 0.067561 0.000000 0.069520 0.117803 0.064489 0.060826 0.058814 0.085398 0.157354
5 0.082503 0.060541 0.068058 0.067364 0.000000 0.109359 0.074768 0.062479 0.074718 0.080443 0.156525
6 0.125124 0.111130 0.119059 0.115812 0.110023 0.000000 0.117540 0.109587 0.119284 0.123885 0.188692
7 0.083057 0.077089 0.078821 0.064158 0.077089 0.119363 0.000000 0.068099 0.072896 0.093492 0.158985
8 0.078678 0.065455 0.066116 0.064463 0.067769 0.115372 0.072397 0.000000 0.073223 0.078461 0.160000
9 0.083333 0.069417 0.076172 0.060139 0.079357 0.123095 0.073890 0.072066 0.000000 0.092996 0.159874
10 0.104724 0.093822 0.085894 0.088371 0.085894 0.128510 0.096796 0.078626 0.094483 0.000000 0.175586
11 0.160836 0.155861 0.157311 0.157519 0.161001 0.192671 0.159483 0.157686 0.158549 0.171292 0.000000
