11
1 0.000000 0.935229 0.927312 0.932350 0.911839 0.908600 0.920835 0.936308 0.904282 0.913278 0.934509
2 0.925513 0.000000 0.888329 0.820847 0.884602 0.862131 0.857659 0.920364 0.839957 0.865607 0.866091
3 0.923354 0.885086 0.000000 0.899135 0.883285 0.874010 0.883285 0.901657 0.823487 0.854107 0.881929
4 0.929471 0.845096 0.905620 0.000000 0.894699 0.870410 0.886922 0.925081 0.875723 0.866329 0.875810
5 0.897085 0.876307 0.880403 0.880274 0.000000 0.846652 0.868734 0.868374 0.836278 0.841327 0.887329
6 0.906801 0.876890 0.876170 0.875090 0.868251 0.000000 0.843053 0.906048 0.831533 0.820014 0.871130
7 0.917236 0.882948 0.885807 0.890535 0.876668 0.840173 0.000000 0.914740 0.852240 0.805636 0.884809
8 0.923714 0.927636 0.899856 0.919291 0.878471 0.894528 0.908237 0.000000 0.889812 0.892702 0.929086
9 0.896006 0.849711 0.824568 0.868136 0.843130 0.821814 0.841763 0.893064 0.000000 0.813223 0.856371
10 0.906081 0.861272 0.868516 0.862717 0.853949 0.813535 0.802384 0.906431 0.823338 0.000000 0.870050
11 0.924433 0.860691 0.885529 0.860691 0.894888 0.854212 0.872210 0.934485 0.848812 0.863571 0.000000
