11
1 0.000000 0.729182 0.765942 0.719565 0.777536 0.767391 0.707971 0.768284 0.752174 0.782042 0.764663
2 0.729182 0.000000 0.784214 0.617668 0.797248 0.744388 0.648805 0.776249 0.716148 0.800145 0.787111
3 0.765942 0.785663 0.000000 0.757246 0.836232 0.800725 0.745652 0.815351 0.780435 0.837075 0.826213
4 0.721014 0.616944 0.754348 0.000000 0.805072 0.735507 0.584058 0.791455 0.728261 0.796524 0.782042
5 0.778261 0.790731 0.834058 0.805072 0.000000 0.810870 0.789130 0.842867 0.806522 0.839247 0.826937
6 0.770290 0.745112 0.799275 0.734058 0.813043 0.000000 0.736957 0.816799 0.702899 0.816799 0.800869
7 0.710870 0.648805 0.746377 0.583333 0.790580 0.738406 0.000000 0.797248 0.723188 0.794352 0.791455
8 0.765387 0.774801 0.813179 0.789283 0.842867 0.813179 0.795076 0.000000 0.797248 0.695873 0.645909
9 0.751449 0.716148 0.776812 0.726812 0.810145 0.700000 0.721739 0.800869 0.000000 0.799421 0.814627
10 0.777697 0.800869 0.832006 0.791455 0.834902 0.813903 0.790007 0.694424 0.796524 0.000000 0.690804
11 0.763215 0.787835 0.826937 0.784938 0.827661 0.800145 0.790007 0.646633 0.813903 0.691528 0.000000
