11
1 0.000000 0.539683 0.540909 0.534091 0.543182 0.536364 0.527273 0.540909 0.518182 0.520362 0.536364
2 0.541950 0.000000 0.551020 0.541950 0.551020 0.539683 0.551020 0.526077 0.551020 0.533937 0.503401
3 0.536364 0.544218 0.000000 0.509091 0.531818 0.529545 0.534091 0.502273 0.513636 0.520362 0.536364
4 0.534091 0.535147 0.511364 0.000000 0.518182 0.520455 0.538636 0.515909 0.518182 0.527149 0.531818
5 0.543182 0.544218 0.534091 0.522727 0.000000 0.543182 0.540909 0.527273 0.527273 0.502262 0.531818
6 0.536364 0.528345 0.529545 0.520455 0.538636 0.000000 0.506818 0.540909 0.513636 0.513575 0.527273
7 0.527273 0.546485 0.531818 0.543182 0.545455 0.511364 0.000000 0.527273 0.529545 0.522624 0.545455
8 0.536364 0.523810 0.502273 0.511364 0.522727 0.540909 0.529545 0.000000 0.536364 0.500000 0.515909
9 0.518182 0.539683 0.511364 0.515909 0.531818 0.518182 0.527273 0.534091 0.000000 0.524887 0.531818
10 0.520362 0.529412 0.520362 0.524887 0.495475 0.513575 0.524887 0.500000 0.518100 0.000000 0.509050
11 0.536364 0.498866 0.534091 0.527273 0.525000 0.529545 0.538636 0.515909 0.527273 0.511312 0.000000
