11
1 0.000000 0.139917 0.138739 0.135288 0.138695 0.140571 0.135357 0.136838 0.143675 0.138684 0.138633
2 0.138715 0.000000 0.121948 0.117905 0.121033 0.121816 0.120278 0.118281 0.128023 0.125917 0.116792
3 0.137555 0.121841 0.000000 0.109140 0.116837 0.120979 0.116674 0.112225 0.125392 0.110854 0.117894
4 0.134947 0.117851 0.109014 0.000000 0.114775 0.119337 0.114235 0.111550 0.126927 0.112163 0.113721
5 0.139268 0.121391 0.117734 0.115205 0.000000 0.121499 0.118090 0.088668 0.128761 0.120764 0.117554
6 0.139673 0.122713 0.119526 0.118727 0.120065 0.000000 0.111205 0.114340 0.114672 0.124948 0.119017
7 0.134855 0.120851 0.117140 0.115042 0.117534 0.112603 0.000000 0.115652 0.116691 0.117534 0.116512
8 0.135959 0.118353 0.112979 0.111586 0.088040 0.114537 0.115562 0.000000 0.123421 0.119067 0.115183
9 0.141737 0.128615 0.124549 0.124935 0.126950 0.113685 0.116046 0.122416 0.000000 0.127871 0.120033
10 0.138397 0.125648 0.110764 0.112522 0.121158 0.126670 0.117821 0.119694 0.129593 0.000000 0.119318
11 0.137215 0.115249 0.116549 0.112429 0.116496 0.117491 0.114289 0.114752 0.119853 0.117704 0.000000
