11
1 0.000000 0.074450 0.065546 0.065767 0.063973 0.064189 0.079258 0.072391 0.070946 0.063866 0.067340
2 0.079526 0.000000 0.082353 0.069140 0.057239 0.074324 0.082631 0.057239 0.069257 0.067227 0.067340
3 0.077311 0.087395 0.000000 0.067227 0.072269 0.084034 0.045378 0.087395 0.077311 0.067227 0.077311
4 0.072513 0.072513 0.063866 0.000000 0.058923 0.080944 0.057336 0.085859 0.053963 0.058824 0.063973
5 0.075758 0.062290 0.072269 0.062290 0.000000 0.063973 0.070707 0.060606 0.063973 0.065546 0.050505
6 0.070946 0.074324 0.078992 0.079258 0.060606 0.000000 0.087690 0.060606 0.070946 0.073950 0.065657
7 0.087690 0.086003 0.043697 0.059022 0.070707 0.092749 0.000000 0.092593 0.074199 0.075630 0.070707
8 0.082492 0.060606 0.085714 0.087542 0.060606 0.063973 0.092593 0.000000 0.087542 0.077311 0.062290
9 0.076014 0.069257 0.070588 0.052277 0.058923 0.070946 0.070826 0.085859 0.000000 0.058824 0.069024
10 0.072269 0.070588 0.063866 0.060504 0.063866 0.077311 0.073950 0.077311 0.060504 0.000000 0.067227
11 0.077441 0.070707 0.075630 0.065657 0.050505 0.069024 0.072391 0.062290 0.072391 0.067227 0.000000
