11
1 0.000000 0.360191 0.363369 0.397940 0.395511 0.384842 0.403974 0.405296 0.415747 0.389706 0.378448
2 0.360191 0.000000 0.242736 0.295697 0.331862 0.302428 0.262693 0.337992 0.344003 0.283824 0.305259
3 0.364104 0.243840 0.000000 0.316661 0.308202 0.297904 0.259286 0.322177 0.332843 0.305515 0.291284
4 0.398308 0.295697 0.315925 0.000000 0.347186 0.228393 0.319235 0.342773 0.346819 0.240441 0.322177
5 0.395511 0.332230 0.307466 0.346819 0.000000 0.350258 0.326343 0.374402 0.345843 0.328309 0.329901
6 0.384842 0.303900 0.298639 0.228393 0.350258 0.000000 0.292862 0.348658 0.359088 0.208456 0.295697
7 0.404341 0.262693 0.259286 0.318499 0.326343 0.292127 0.000000 0.360427 0.356144 0.291544 0.314454
8 0.405664 0.339831 0.322913 0.343141 0.375506 0.349025 0.363001 0.000000 0.327326 0.355882 0.310040
9 0.415011 0.344003 0.332843 0.345715 0.345475 0.358352 0.356880 0.326223 0.000000 0.354779 0.317028
10 0.388971 0.284559 0.305515 0.240074 0.328676 0.208456 0.292279 0.355515 0.355515 0.000000 0.297059
11 0.378080 0.305259 0.290916 0.322177 0.330268 0.295697 0.314454 0.308937 0.317764 0.296691 0.000000
