11
1 0.000000 0.188636 0.172727 0.165909 0.209091 0.175000 0.190909 0.143182 0.136364 0.149321 0.195011
2 0.188636 0.000000 0.154545 0.125000 0.193182 0.136364 0.177273 0.115909 0.115909 0.117647 0.179138
3 0.175000 0.156818 0.000000 0.136364 0.188636 0.145455 0.184091 0.104545 0.095455 0.110860 0.160998
4 0.168182 0.125000 0.136364 0.000000 0.156818 0.109091 0.140909 0.075000 0.095455 0.088235 0.154195
5 0.211364 0.193182 0.188636 0.154545 0.000000 0.186364 0.177273 0.145455 0.163636 0.156109 0.226757
6 0.177273 0.136364 0.143182 0.109091 0.186364 0.000000 0.172727 0.104545 0.084091 0.117647 0.151927
7 0.190909 0.177273 0.184091 0.140909 0.177273 0.172727 0.000000 0.122727 0.147727 0.142534 0.199546
8 0.143182 0.115909 0.104545 0.075000 0.145455 0.104545 0.122727 0.000000 0.075000 0.088235 0.140590
9 0.138636 0.115909 0.095455 0.095455 0.163636 0.084091 0.147727 0.075000 0.000000 0.081448 0.106576
10 0.149321 0.117647 0.110860 0.088235 0.156109 0.117647 0.142534 0.088235 0.081448 0.000000 0.115385
11 0.197279 0.181406 0.160998 0.154195 0.226757 0.151927 0.201814 0.140590 0.108844 0.115385 0.000000
