11
1 0.000000 0.099327 0.099327 0.099327 0.107744 0.106061 0.102694 0.090909 0.102694 0.094276 0.090909
2 0.087542 0.000000 0.069492 0.068259 0.068259 0.069847 0.064626 0.047782 0.066327 0.069610 0.056122
3 0.094276 0.076271 0.000000 0.081356 0.066102 0.066102 0.074576 0.069492 0.071186 0.055932 0.071186
4 0.084175 0.066553 0.072881 0.000000 0.064846 0.069847 0.066327 0.039249 0.059524 0.066214 0.066327
5 0.094276 0.068259 0.059322 0.066553 0.000000 0.061329 0.054422 0.049488 0.062925 0.054329 0.078231
6 0.094276 0.069847 0.061017 0.073254 0.059625 0.000000 0.068027 0.052811 0.074830 0.064516 0.079932
7 0.092593 0.066327 0.069492 0.069728 0.057823 0.069728 0.000000 0.059524 0.068027 0.066214 0.074830
8 0.077441 0.047782 0.062712 0.039249 0.049488 0.052811 0.056122 0.000000 0.052721 0.054329 0.057823
9 0.092593 0.069728 0.069492 0.064626 0.068027 0.078231 0.069728 0.057823 0.000000 0.067912 0.071429
10 0.084175 0.071307 0.052542 0.071307 0.057725 0.067912 0.067912 0.057725 0.066214 0.000000 0.071307
11 0.080808 0.057823 0.067797 0.069728 0.079932 0.081633 0.074830 0.059524 0.068027 0.069610 0.000000
