11
1 0.000000 0.182706 0.109624 0.133140 0.118307 0.126266 0.155933 0.163169 0.152315 0.125181 0.164616
2 0.168234 0.000000 0.169504 0.177641 0.170953 0.171677 0.190511 0.227454 0.183991 0.184716 0.189786
3 0.107453 0.182543 0.000000 0.087192 0.127991 0.126316 0.159652 0.176044 0.140268 0.130482 0.152284
4 0.133140 0.196454 0.089725 0.000000 0.137120 0.139291 0.168234 0.189580 0.132417 0.146527 0.151230
5 0.128075 0.186527 0.142132 0.149421 0.000000 0.133067 0.162799 0.211748 0.144255 0.159116 0.174402
6 0.121201 0.183991 0.124864 0.134949 0.118927 0.000000 0.154209 0.183799 0.143893 0.150417 0.162799
7 0.152677 0.205360 0.159652 0.166064 0.145033 0.156023 0.000000 0.225689 0.152592 0.182675 0.187455
8 0.170405 0.242666 0.186933 0.192836 0.207397 0.197603 0.222424 0.000000 0.215295 0.151504 0.224075
9 0.167149 0.202825 0.157303 0.145441 0.145343 0.161653 0.169989 0.223632 0.000000 0.183037 0.182312
10 0.123372 0.198841 0.130120 0.143994 0.160928 0.146792 0.185212 0.156216 0.168177 0.000000 0.180138
11 0.160999 0.202463 0.150834 0.147974 0.156635 0.163162 0.187092 0.209935 0.163103 0.178325 0.000000
