11
1 0.000000 0.263077 0.255693 0.264252 0.262539 0.263742 0.274433 0.265898 0.268859 0.263968 0.262998
2 0.259537 0.000000 0.215692 0.227109 0.246873 0.231418 0.233816 0.255350 0.249027 0.229400 0.217515
3 0.255299 0.221004 0.000000 0.217832 0.236070 0.223750 0.232310 0.241663 0.244311 0.219784 0.218017
4 0.267015 0.234842 0.219178 0.000000 0.253324 0.199333 0.242038 0.251565 0.249260 0.182304 0.232724
5 0.263562 0.253459 0.236483 0.251942 0.000000 0.246389 0.258107 0.212227 0.252721 0.245150 0.243987
6 0.264981 0.237722 0.221901 0.198041 0.246999 0.000000 0.241223 0.249861 0.248758 0.194849 0.227523
7 0.273283 0.240466 0.230246 0.239526 0.254966 0.241367 0.000000 0.266364 0.265076 0.238194 0.231809
8 0.265880 0.264032 0.241861 0.251565 0.212065 0.250991 0.269539 0.000000 0.258585 0.251332 0.251610
9 0.271154 0.257204 0.243720 0.249117 0.254568 0.248597 0.264914 0.259427 0.000000 0.249099 0.252022
10 0.261563 0.235628 0.219245 0.182394 0.244827 0.196572 0.239056 0.250417 0.249171 0.000000 0.230106
11 0.266280 0.228294 0.217300 0.233746 0.246355 0.228312 0.236849 0.250534 0.252613 0.231415 0.000000
