11
1 0.000000 0.377665 0.377822 0.370804 0.376448 0.383987 0.372885 0.374863 0.390411 0.384398 0.370735
2 0.377901 0.000000 0.336161 0.324512 0.338831 0.334001 0.335479 0.328662 0.350086 0.344313 0.316556
3 0.378019 0.335493 0.000000 0.306058 0.321248 0.332521 0.323233 0.311784 0.344668 0.303954 0.320992
4 0.370686 0.324551 0.306726 0.000000 0.321646 0.332326 0.324803 0.310999 0.344026 0.312787 0.310589
5 0.375937 0.338635 0.320501 0.321018 0.000000 0.341833 0.333203 0.254004 0.350401 0.338503 0.319972
6 0.383673 0.333019 0.332679 0.332051 0.341833 0.000000 0.309377 0.325208 0.315690 0.358211 0.324879
7 0.373670 0.335636 0.324410 0.325627 0.334066 0.310319 0.000000 0.327433 0.323704 0.339640 0.317345
8 0.375373 0.328859 0.312490 0.311156 0.255535 0.325954 0.326608 0.000000 0.339889 0.327642 0.322107
9 0.389823 0.349419 0.344668 0.344065 0.350361 0.315455 0.323429 0.339457 0.000000 0.352754 0.329708
10 0.384948 0.344274 0.304150 0.312394 0.338463 0.358525 0.339404 0.327131 0.352676 0.000000 0.327470
11 0.370500 0.317184 0.321581 0.310471 0.320482 0.325507 0.316953 0.321911 0.329708 0.327902 0.000000
