11
1 0.000000 0.468944 0.450311 0.462733 0.391304 0.416149 0.428571 0.437888 0.437888 0.419255 0.385093
2 0.456522 0.000000 0.319749 0.343750 0.313480 0.338558 0.300940 0.338558 0.347826 0.234375 0.302181
3 0.422360 0.304075 0.000000 0.343750 0.235110 0.278481 0.197492 0.294671 0.298137 0.303125 0.261682
4 0.444099 0.350000 0.359375 0.000000 0.290625 0.331250 0.328125 0.315625 0.363354 0.328125 0.336449
5 0.375776 0.310345 0.244514 0.284375 0.000000 0.219436 0.266458 0.216301 0.288820 0.300000 0.214953
6 0.388199 0.326019 0.284810 0.315625 0.213166 0.000000 0.278997 0.260188 0.354037 0.296875 0.249221
7 0.416149 0.300940 0.213166 0.321875 0.263323 0.278997 0.000000 0.260188 0.347826 0.300000 0.255452
8 0.419255 0.332288 0.304075 0.309375 0.216301 0.266458 0.260188 0.000000 0.360248 0.315625 0.202492
9 0.444099 0.357143 0.329193 0.378882 0.307453 0.378882 0.360248 0.378882 0.000000 0.394410 0.329193
10 0.406832 0.228125 0.312500 0.321875 0.293750 0.303125 0.300000 0.321875 0.369565 0.000000 0.277259
11 0.372671 0.302181 0.277259 0.336449 0.214953 0.255452 0.261682 0.211838 0.319876 0.280374 0.000000
