11
1 0.000000 0.078767 0.039249 0.051107 0.054795 0.049488 0.070326 0.086882 0.073504 0.060034 0.061224
2 0.082192 0.000000 0.064846 0.069847 0.075342 0.073379 0.092466 0.100511 0.085470 0.077055 0.083333
3 0.044369 0.068259 0.000000 0.027257 0.042662 0.030717 0.056314 0.074957 0.054608 0.049488 0.044218
4 0.057922 0.073254 0.028961 0.000000 0.040886 0.039182 0.054514 0.076661 0.051107 0.051107 0.039116
5 0.054795 0.075342 0.039249 0.035775 0.000000 0.047782 0.061644 0.083475 0.054701 0.061644 0.054422
6 0.052901 0.076792 0.030717 0.037479 0.051195 0.000000 0.063140 0.081772 0.061433 0.052901 0.047619
7 0.068611 0.089041 0.051195 0.045997 0.059932 0.056314 0.000000 0.088586 0.063248 0.065180 0.054422
8 0.091993 0.112436 0.080068 0.080068 0.091993 0.086882 0.100511 0.000000 0.095400 0.071550 0.081633
9 0.078632 0.090598 0.054608 0.049404 0.058120 0.061433 0.070085 0.090290 0.000000 0.075214 0.062925
10 0.058319 0.073630 0.042662 0.044293 0.059932 0.047782 0.066895 0.066440 0.068376 0.000000 0.049320
11 0.068027 0.086735 0.044218 0.039116 0.059524 0.049320 0.062925 0.083333 0.064626 0.056122 0.000000
