11
1 0.000000 0.071871 0.070322 0.063777 0.070322 0.068976 0.066914 0.068463 0.064746 0.065985 0.068069
2 0.070322 0.000000 0.063315 0.063158 0.067928 0.061243 0.059225 0.059317 0.058896 0.050916 0.059406
3 0.069393 0.064246 0.000000 0.056656 0.063586 0.057841 0.052713 0.058659 0.054867 0.049348 0.054455
4 0.064706 0.065944 0.058514 0.000000 0.066563 0.057532 0.059443 0.062848 0.060681 0.058514 0.056002
5 0.070632 0.069479 0.064206 0.065635 0.000000 0.062481 0.061085 0.065447 0.064786 0.057692 0.062191
6 0.072069 0.065883 0.061553 0.060006 0.064646 0.000000 0.058769 0.062171 0.057222 0.055676 0.055367
7 0.066914 0.060775 0.054264 0.059443 0.061395 0.056604 0.000000 0.051473 0.047427 0.049302 0.051052
8 0.065985 0.058385 0.057107 0.059443 0.062965 0.057841 0.049612 0.000000 0.053937 0.049984 0.059097
9 0.065056 0.061686 0.056417 0.060372 0.064786 0.055057 0.047737 0.056417 0.000000 0.055177 0.057240
10 0.064746 0.050916 0.048727 0.056656 0.056762 0.051964 0.047752 0.050916 0.053317 0.000000 0.050124
11 0.068998 0.061881 0.056312 0.056312 0.063119 0.054439 0.052290 0.063119 0.058168 0.052290 0.000000
