11
1 0.000000 0.332165 0.338590 0.327687 0.316199 0.347547 0.323209 0.309774 0.342290 0.346311 0.327492
2 0.332360 0.000000 0.313279 0.283684 0.316978 0.281931 0.296924 0.298481 0.313863 0.318084 0.275896
3 0.338785 0.313084 0.000000 0.257788 0.301266 0.285826 0.264213 0.275170 0.303408 0.280709 0.276090
4 0.327882 0.283684 0.257983 0.000000 0.284268 0.269081 0.259540 0.273364 0.309579 0.293167 0.266745
5 0.315615 0.316199 0.300682 0.283294 0.000000 0.322235 0.283294 0.219474 0.315933 0.317890 0.292835
6 0.347936 0.281931 0.286604 0.269081 0.323403 0.000000 0.271028 0.294782 0.285631 0.325092 0.290109
7 0.323014 0.296534 0.264019 0.259346 0.283879 0.270639 0.000000 0.279206 0.279206 0.292778 0.272586
8 0.309774 0.298481 0.275365 0.273364 0.220253 0.294393 0.279400 0.000000 0.290944 0.298423 0.276674
9 0.342095 0.313474 0.302824 0.309190 0.316517 0.285047 0.279206 0.290555 0.000000 0.320420 0.287188
10 0.346311 0.318084 0.280709 0.292973 0.318668 0.324898 0.292973 0.298423 0.320615 0.000000 0.296671
11 0.327298 0.275701 0.276090 0.266550 0.293419 0.289720 0.272586 0.276480 0.287188 0.296477 0.000000
