11
1 0.000000 0.328926 0.304683 0.310231 0.297521 0.311331 0.316253 0.326722 0.323416 0.310744 0.325261
2 0.333884 0.000000 0.291552 0.311881 0.283508 0.288229 0.288398 0.310497 0.296685 0.304084 0.270226
3 0.304683 0.287686 0.000000 0.275028 0.276889 0.270627 0.276091 0.264495 0.270569 0.259934 0.276830
4 0.314631 0.303080 0.282728 0.000000 0.238174 0.261826 0.280528 0.297030 0.298130 0.282728 0.286579
5 0.307438 0.286817 0.285163 0.239274 0.000000 0.262376 0.268616 0.301710 0.286817 0.275786 0.270776
6 0.320132 0.291529 0.279428 0.267327 0.263476 0.000000 0.273927 0.295380 0.294829 0.293179 0.273927
7 0.315702 0.283978 0.282165 0.284378 0.266961 0.266777 0.000000 0.296235 0.283582 0.290839 0.263071
8 0.324518 0.305525 0.268360 0.290429 0.292333 0.282178 0.290698 0.000000 0.287452 0.234547 0.310952
9 0.322314 0.296133 0.276091 0.297580 0.283508 0.293179 0.283029 0.291874 0.000000 0.294150 0.304898
10 0.317906 0.302980 0.268764 0.287129 0.275234 0.285479 0.288079 0.240066 0.294150 0.000000 0.300495
11 0.327463 0.266923 0.287837 0.291529 0.268575 0.276128 0.268024 0.318107 0.309301 0.308751 0.000000
