11
1 0.000000 0.482540 0.488889 0.406940 0.447619 0.462025 0.479365 0.439873 0.384127 0.453968 0.422713
2 0.476190 0.000000 0.498413 0.416404 0.444444 0.427215 0.400000 0.284810 0.269841 0.396825 0.432177
3 0.469841 0.488889 0.000000 0.466877 0.400000 0.439873 0.471338 0.458861 0.445860 0.420382 0.501577
4 0.416404 0.435331 0.488959 0.000000 0.369085 0.410095 0.419558 0.362776 0.356467 0.419558 0.391167
5 0.441270 0.450794 0.406349 0.362776 0.000000 0.462025 0.431746 0.351266 0.365079 0.469841 0.488959
6 0.462025 0.424051 0.443038 0.353312 0.458861 0.000000 0.275316 0.414557 0.386076 0.319620 0.208202
7 0.463492 0.384127 0.464968 0.356467 0.419048 0.259494 0.000000 0.376582 0.366242 0.305732 0.299685
8 0.446203 0.297468 0.471519 0.347003 0.354430 0.424051 0.408228 0.000000 0.246835 0.367089 0.444795
9 0.431746 0.288889 0.480892 0.375394 0.393651 0.452532 0.398089 0.256329 0.000000 0.372611 0.438486
10 0.507937 0.453968 0.477707 0.451104 0.530159 0.348101 0.353503 0.401899 0.401274 0.000000 0.369085
11 0.460568 0.438486 0.580442 0.388013 0.545741 0.230284 0.315457 0.441640 0.391167 0.340694 0.000000
