11
1 0.000000 0.516534 0.518496 0.518162 0.528435 0.518328 0.504964 0.517720 0.509398 0.519383 0.513610
2 0.517220 0.000000 0.410721 0.414679 0.474192 0.409891 0.455852 0.420472 0.353149 0.410376 0.426754
3 0.519496 0.410642 0.000000 0.359203 0.481720 0.415007 0.466661 0.413772 0.418200 0.364711 0.427303
4 0.519221 0.415541 0.360085 0.000000 0.481956 0.418143 0.464899 0.420080 0.408048 0.369806 0.430615
5 0.529690 0.474839 0.482523 0.481995 0.000000 0.484475 0.472947 0.480791 0.473197 0.475345 0.478923
6 0.518896 0.410087 0.415889 0.417830 0.484162 0.000000 0.461590 0.426859 0.410360 0.408200 0.428479
7 0.506864 0.457321 0.467699 0.465624 0.473633 0.462608 0.000000 0.464410 0.462432 0.461688 0.458652
8 0.519209 0.421099 0.415281 0.420492 0.481360 0.427799 0.464840 0.000000 0.413870 0.415986 0.432677
9 0.510672 0.353364 0.418965 0.407597 0.472394 0.410321 0.461668 0.413008 0.000000 0.413198 0.429674
10 0.520637 0.410748 0.365357 0.369571 0.475188 0.408278 0.460708 0.415359 0.413609 0.000000 0.432105
11 0.514473 0.427009 0.428361 0.430968 0.478707 0.428479 0.458163 0.432168 0.429968 0.432222 0.000000
