11
1 0.000000 0.281129 0.278362 0.281527 0.263973 0.271168 0.272376 0.292197 0.262313 0.280022 0.288323
2 0.274488 0.000000 0.245983 0.256637 0.234903 0.206648 0.257459 0.277008 0.235196 0.208864 0.260388
3 0.271721 0.243767 0.000000 0.257743 0.211080 0.248753 0.232597 0.262195 0.237963 0.246674 0.262749
4 0.272677 0.258296 0.257743 0.000000 0.256084 0.252765 0.260773 0.224558 0.233407 0.256637 0.230642
5 0.258439 0.234349 0.214958 0.254978 0.000000 0.237673 0.236464 0.275346 0.231876 0.244875 0.262604
6 0.263973 0.208310 0.251524 0.252765 0.239335 0.000000 0.250829 0.280332 0.237410 0.200000 0.270360
7 0.269613 0.262983 0.240331 0.267956 0.238674 0.255249 0.000000 0.285083 0.258564 0.269061 0.278453
8 0.280022 0.275900 0.264412 0.224004 0.272576 0.272576 0.274033 0.000000 0.250692 0.266555 0.225430
9 0.262867 0.239070 0.244051 0.233960 0.235750 0.241284 0.256354 0.254012 0.000000 0.245711 0.249585
10 0.267294 0.207202 0.246674 0.250000 0.243767 0.196122 0.261326 0.260991 0.238517 0.000000 0.262077
11 0.277809 0.264820 0.262195 0.228982 0.267036 0.265928 0.274033 0.226541 0.245158 0.264853 0.000000
