11
1 0.000000 0.151158 0.163312 0.152298 0.147360 0.158374 0.148443 0.156855 0.167110 0.162870 0.141989
2 0.151158 0.000000 0.132169 0.124193 0.124193 0.128371 0.117312 0.140524 0.138245 0.134776 0.118071
3 0.162932 0.131789 0.000000 0.158374 0.139385 0.151538 0.130600 0.159195 0.165274 0.153759 0.136295
4 0.152298 0.124193 0.158754 0.000000 0.129510 0.139765 0.139332 0.141664 0.155336 0.148443 0.143508
5 0.146981 0.124193 0.139765 0.129510 0.000000 0.139765 0.123386 0.127611 0.144702 0.138952 0.116932
6 0.158374 0.128371 0.151918 0.139385 0.139765 0.000000 0.136295 0.135587 0.158754 0.149962 0.132498
7 0.148443 0.117692 0.131739 0.139711 0.124146 0.136674 0.000000 0.135915 0.145027 0.131359 0.126424
8 0.156096 0.139765 0.159195 0.140904 0.127231 0.135207 0.135156 0.000000 0.159954 0.154897 0.129461
9 0.166350 0.137486 0.165274 0.154956 0.144322 0.158374 0.144267 0.159954 0.000000 0.123766 0.157175
10 0.162491 0.134396 0.154518 0.148443 0.138952 0.149962 0.130979 0.155277 0.124146 0.000000 0.143128
11 0.141989 0.118071 0.137054 0.143508 0.117312 0.132878 0.126044 0.130220 0.157935 0.143508 0.000000
