11
1 0.000000 0.101300 0.096979 0.098649 0.097677 0.095850 0.100234 0.096825 0.097002 0.100803 0.106379
2 0.101122 0.000000 0.080916 0.085098 0.081403 0.080702 0.084023 0.081583 0.081192 0.083005 0.090053
3 0.099426 0.083682 0.000000 0.077583 0.081448 0.079852 0.084498 0.080030 0.079888 0.076768 0.092866
4 0.099819 0.086552 0.076590 0.000000 0.083005 0.082154 0.086340 0.084211 0.081409 0.078571 0.091873
5 0.096825 0.080834 0.078009 0.081444 0.000000 0.061724 0.073010 0.058449 0.074332 0.078809 0.082202
6 0.097269 0.082760 0.079250 0.082509 0.063746 0.000000 0.075913 0.063462 0.078148 0.081270 0.081412
7 0.100234 0.084698 0.082228 0.085134 0.073436 0.074495 0.000000 0.075568 0.080577 0.082531 0.082984
8 0.095830 0.081228 0.076874 0.082509 0.058165 0.061085 0.074786 0.000000 0.076316 0.079784 0.079822
9 0.096185 0.080766 0.076980 0.079493 0.074510 0.076304 0.080151 0.076423 0.000000 0.080795 0.086394
10 0.099489 0.082258 0.073044 0.076301 0.078276 0.078609 0.081643 0.079464 0.080013 0.000000 0.087460
11 0.106166 0.090302 0.090738 0.091057 0.083233 0.080348 0.082984 0.081101 0.087247 0.088703 0.000000
