11
1 0.000000 0.215920 0.232172 0.222056 0.213164 0.226994 0.206136 0.221396 0.217730 0.208237 0.198673
2 0.210779 0.000000 0.195804 0.181864 0.186539 0.195822 0.171623 0.184854 0.174482 0.119749 0.171011
3 0.228192 0.193806 0.000000 0.198170 0.188358 0.195822 0.144708 0.185516 0.180447 0.178796 0.176324
4 0.216750 0.180865 0.197504 0.000000 0.168348 0.168463 0.174614 0.156085 0.188401 0.173172 0.166694
5 0.216140 0.196792 0.198280 0.176947 0.000000 0.159087 0.190177 0.123016 0.184389 0.181743 0.128328
6 0.228818 0.206433 0.202122 0.176090 0.157268 0.000000 0.190350 0.170635 0.201491 0.189051 0.159178
7 0.204478 0.175278 0.147367 0.179100 0.179262 0.189852 0.000000 0.174603 0.181773 0.151505 0.168687
8 0.229828 0.195437 0.195271 0.164683 0.121693 0.174272 0.182870 0.000000 0.183532 0.177745 0.141700
9 0.222867 0.180613 0.185418 0.196355 0.183727 0.204142 0.185750 0.185516 0.000000 0.182435 0.181773
10 0.213364 0.128019 0.188058 0.184419 0.180089 0.189878 0.157625 0.179233 0.183427 0.000000 0.167053
11 0.200498 0.174166 0.181471 0.169185 0.123202 0.157188 0.172007 0.138228 0.179122 0.161760 0.000000
