11
1 0.000000 0.337461 0.281734 0.269350 0.294118 0.371517 0.275542 0.315789 0.325077 0.315789 0.321981
2 0.318885 0.000000 0.287926 0.292835 0.299065 0.323988 0.305296 0.267913 0.283489 0.255452 0.302181
3 0.269350 0.294118 0.000000 0.284830 0.263158 0.303406 0.312694 0.235294 0.297214 0.275542 0.278638
4 0.263158 0.289720 0.269350 0.000000 0.294671 0.293750 0.241379 0.275862 0.284375 0.310345 0.261682
5 0.275542 0.295950 0.256966 0.294671 0.000000 0.253125 0.288401 0.228840 0.293750 0.275862 0.274143
6 0.359133 0.327103 0.297214 0.290625 0.259375 0.000000 0.290625 0.237500 0.290625 0.325000 0.317757
7 0.269350 0.299065 0.297214 0.235110 0.278997 0.278125 0.000000 0.263323 0.312500 0.291536 0.267913
8 0.297214 0.267913 0.219814 0.278997 0.228840 0.246875 0.266458 0.000000 0.309375 0.279874 0.289720
9 0.287926 0.295950 0.287926 0.287500 0.293750 0.287500 0.321875 0.315625 0.000000 0.290625 0.305296
10 0.275542 0.242991 0.269350 0.310345 0.266458 0.321875 0.275862 0.286164 0.275000 0.000000 0.311526
11 0.287926 0.305296 0.260062 0.258567 0.271028 0.317757 0.271028 0.286604 0.305296 0.317757 0.000000
