11
1 0.000000 0.190580 0.217234 0.225199 0.232609 0.359160 0.245652 0.215630 0.236061 0.317426 0.434468
2 0.189855 0.000000 0.139030 0.180304 0.158696 0.319334 0.187681 0.184515 0.219406 0.266088 0.410572
3 0.217234 0.139754 0.000000 0.191890 0.181028 0.323678 0.201303 0.187410 0.207096 0.271150 0.410572
4 0.225923 0.181752 0.192614 0.000000 0.196959 0.338885 0.207096 0.170043 0.202752 0.274765 0.418537
5 0.232609 0.159420 0.180304 0.196235 0.000000 0.320782 0.221014 0.171491 0.212889 0.271873 0.417813
6 0.359884 0.320058 0.323678 0.338885 0.321506 0.000000 0.357712 0.332127 0.362781 0.381779 0.513396
7 0.245652 0.188406 0.201303 0.205648 0.221739 0.356988 0.000000 0.193198 0.210717 0.293565 0.427951
8 0.217077 0.185962 0.188133 0.170043 0.172938 0.332851 0.194645 0.000000 0.209117 0.272596 0.410275
9 0.236785 0.220130 0.207820 0.202752 0.213613 0.362056 0.211441 0.208394 0.000000 0.323933 0.424330
10 0.318872 0.267534 0.271873 0.274765 0.273319 0.382502 0.295011 0.272596 0.324657 0.000000 0.469270
11 0.435192 0.412020 0.411296 0.418537 0.419261 0.513396 0.428675 0.410275 0.424330 0.468547 0.000000
