11
1 0.000000 0.169189 0.167503 0.169249 0.175110 0.171227 0.159180 0.172846 0.175110 0.176417 0.160255
2 0.169149 0.000000 0.153299 0.144558 0.148003 0.147844 0.137748 0.143915 0.160627 0.161085 0.140297
3 0.167503 0.153319 0.000000 0.155888 0.156600 0.157772 0.139429 0.155444 0.163769 0.164271 0.146754
4 0.169408 0.144717 0.156027 0.000000 0.146948 0.148142 0.138565 0.143218 0.162558 0.165127 0.138326
5 0.175149 0.148063 0.156640 0.146848 0.000000 0.143574 0.139330 0.139873 0.164589 0.166242 0.146117
6 0.171306 0.147943 0.157852 0.148083 0.143634 0.000000 0.143113 0.133064 0.167828 0.165525 0.145898
7 0.159200 0.137808 0.139449 0.138445 0.139310 0.143053 0.000000 0.135871 0.148052 0.148859 0.134090
8 0.172965 0.144075 0.155563 0.143198 0.139953 0.133104 0.135971 0.000000 0.161039 0.164702 0.141446
9 0.175090 0.160647 0.163769 0.162399 0.164549 0.167729 0.148012 0.160899 0.000000 0.132691 0.158005
10 0.176496 0.161184 0.164330 0.165047 0.166282 0.165485 0.148879 0.164642 0.132770 0.000000 0.153996
11 0.160275 0.140337 0.146754 0.138206 0.146077 0.145838 0.134070 0.141327 0.158025 0.153956 0.000000
