11
1 0.000000 0.052368 0.030150 0.035631 0.050868 0.032269 0.033700 0.052302 0.051348 0.033827 0.030309
2 0.052525 0.000000 0.055654 0.061446 0.076602 0.058324 0.057421 0.076533 0.075895 0.059721 0.057207
3 0.030581 0.055850 0.000000 0.042010 0.056595 0.027837 0.037775 0.057261 0.056634 0.031346 0.025915
4 0.035533 0.061191 0.041539 0.000000 0.055834 0.042817 0.042522 0.056125 0.052387 0.044695 0.040876
5 0.050652 0.076288 0.055869 0.055638 0.000000 0.056285 0.056833 0.062418 0.059171 0.057017 0.055070
6 0.032642 0.058579 0.027778 0.043209 0.056952 0.000000 0.040659 0.059066 0.057991 0.030387 0.030054
7 0.033935 0.057539 0.037599 0.042796 0.057284 0.040503 0.000000 0.057693 0.058127 0.041502 0.038052
8 0.052655 0.076572 0.057124 0.056400 0.062830 0.058948 0.057733 0.000000 0.061987 0.060085 0.057282
9 0.051622 0.076032 0.056477 0.052662 0.059582 0.057873 0.058147 0.061967 0.000000 0.059759 0.057226
10 0.033533 0.059270 0.030620 0.044460 0.056978 0.029682 0.040973 0.059477 0.059210 0.000000 0.033465
11 0.030603 0.057324 0.025817 0.041307 0.055599 0.029956 0.038131 0.057282 0.057285 0.034014 0.000000
