11
1 0.000000 0.906541 0.899094 0.897107 0.906287 0.909398 0.907212 0.898025 0.902512 0.901411 0.907689
2 0.906501 0.000000 0.863427 0.860288 0.851625 0.882460 0.887706 0.833029 0.849082 0.845704 0.800405
3 0.898736 0.863228 0.000000 0.831128 0.860260 0.877210 0.880548 0.834400 0.839951 0.841446 0.853924
4 0.897146 0.859930 0.831167 0.000000 0.861242 0.877290 0.884244 0.842348 0.851794 0.856666 0.863620
5 0.906208 0.851307 0.859982 0.860726 0.000000 0.878879 0.892390 0.825100 0.848257 0.814226 0.843553
6 0.909279 0.882699 0.877290 0.877330 0.879118 0.000000 0.898470 0.862070 0.875303 0.872084 0.873912
7 0.907371 0.887984 0.880866 0.884482 0.892708 0.898391 0.000000 0.877767 0.884880 0.893662 0.894337
8 0.898065 0.833029 0.834638 0.842427 0.825379 0.862150 0.878005 0.000000 0.836784 0.823008 0.839261
9 0.902273 0.848923 0.839990 0.851635 0.848416 0.875224 0.884880 0.836665 0.000000 0.853606 0.845897
10 0.901172 0.845625 0.841844 0.856904 0.814345 0.871925 0.893900 0.822929 0.853686 0.000000 0.836559
11 0.907570 0.800207 0.853884 0.863620 0.843990 0.873912 0.894178 0.839460 0.846294 0.836439 0.000000
