11
1 0.000000 0.725617 0.744972 0.734345 0.734725 0.729032 0.729032 0.700190 0.719165 0.733207 0.762429
2 0.725237 0.000000 0.624383 0.518434 0.605543 0.494493 0.538754 0.478921 0.538754 0.599848 0.633118
3 0.745351 0.626282 0.000000 0.648310 0.585042 0.636536 0.653247 0.594759 0.631219 0.619210 0.642993
4 0.734345 0.518434 0.647930 0.000000 0.639711 0.556779 0.534954 0.515761 0.587386 0.601367 0.652108
5 0.734345 0.606682 0.585421 0.640850 0.000000 0.644647 0.629461 0.583523 0.631359 0.604784 0.614275
6 0.729412 0.495632 0.636536 0.557919 0.644267 0.000000 0.559818 0.516521 0.570072 0.627183 0.650968
7 0.728653 0.538754 0.652108 0.534954 0.628702 0.559438 0.000000 0.520319 0.585106 0.604784 0.668819
8 0.699810 0.479301 0.594759 0.516521 0.583523 0.516521 0.520699 0.000000 0.517281 0.577449 0.632738
9 0.719165 0.539514 0.630080 0.587006 0.630600 0.569313 0.585106 0.516521 0.000000 0.620349 0.640714
10 0.732827 0.599848 0.618071 0.601367 0.603645 0.626424 0.604784 0.577449 0.620349 0.000000 0.578967
11 0.762049 0.633878 0.642613 0.654007 0.614655 0.651348 0.668819 0.633118 0.641474 0.579347 0.000000
