11
1 0.000000 0.935598 0.919548 0.939759 0.945235 0.931010 0.923890 0.939545 0.926743 0.930889 0.926056
2 0.920028 0.000000 0.901200 0.903043 0.915782 0.917197 0.892178 0.901628 0.911536 0.904795 0.911268
3 0.922371 0.905434 0.000000 0.891320 0.920254 0.853917 0.869627 0.917431 0.901905 0.894922 0.883099
4 0.930546 0.910828 0.869442 0.000000 0.929837 0.881644 0.895701 0.923459 0.922750 0.896333 0.900000
5 0.935277 0.912243 0.906845 0.928420 0.000000 0.921053 0.910500 0.878917 0.848291 0.882228 0.880282
6 0.928876 0.927813 0.874382 0.901488 0.935277 0.000000 0.901339 0.929587 0.913940 0.922426 0.907042
7 0.925300 0.899930 0.889359 0.896406 0.927414 0.888654 0.000000 0.926709 0.926709 0.904863 0.903521
8 0.932432 0.895258 0.903317 0.918498 0.877493 0.913940 0.906977 0.000000 0.851746 0.892102 0.881690
9 0.919630 0.915074 0.899083 0.925585 0.841880 0.900427 0.897815 0.846757 0.000000 0.884344 0.880282
10 0.929478 0.906911 0.897038 0.916784 0.906911 0.918195 0.900634 0.906911 0.900564 0.000000 0.844366
11 0.923239 0.904225 0.880282 0.902113 0.873944 0.895775 0.896479 0.886620 0.895775 0.819718 0.000000
