11
1 0.000000 0.460815 0.430769 0.409375 0.460815 0.399381 0.493789 0.402477 0.432602 0.384615 0.422018
2 0.438871 0.000000 0.366154 0.300000 0.407524 0.297214 0.394410 0.340557 0.307210 0.329231 0.314985
3 0.436923 0.393846 0.000000 0.289231 0.415385 0.341538 0.400000 0.295385 0.332308 0.344615 0.305810
4 0.390625 0.306250 0.270769 0.000000 0.381250 0.247678 0.298137 0.281734 0.253125 0.289231 0.266055
5 0.451411 0.416928 0.396923 0.378125 0.000000 0.321981 0.419255 0.402477 0.416928 0.384615 0.363914
6 0.393189 0.309598 0.329231 0.253870 0.334365 0.000000 0.340557 0.291022 0.287926 0.280000 0.269113
7 0.465839 0.397516 0.390769 0.304348 0.419255 0.337461 0.000000 0.386997 0.388199 0.332308 0.321101
8 0.396285 0.365325 0.289231 0.291022 0.414861 0.300310 0.393189 0.000000 0.284830 0.307692 0.275229
9 0.410658 0.310345 0.301538 0.243750 0.407524 0.266254 0.375776 0.260062 0.000000 0.267692 0.302752
10 0.393846 0.344615 0.335385 0.310769 0.393846 0.283077 0.341538 0.304615 0.289231 0.000000 0.269113
11 0.394495 0.339450 0.299694 0.284404 0.376147 0.278287 0.333333 0.281346 0.330275 0.272171 0.000000
