11
1 0.000000 0.729182 0.741492 0.771180 0.748733 0.727009 0.740768 0.755974 0.759595 0.756150 0.739319
2 0.727009 0.000000 0.486604 0.684287 0.507603 0.603910 0.575670 0.658219 0.544533 0.581042 0.628530
3 0.738595 0.486604 0.000000 0.673188 0.544533 0.615496 0.581884 0.619841 0.585507 0.583936 0.641564
4 0.767560 0.682838 0.673913 0.000000 0.689356 0.702390 0.720290 0.653150 0.685507 0.681621 0.685011
5 0.748009 0.507603 0.545257 0.692252 0.000000 0.627806 0.587980 0.661115 0.571325 0.591172 0.677770
6 0.724113 0.604634 0.616944 0.703114 0.628530 0.000000 0.639392 0.665460 0.614048 0.631693 0.671253
7 0.740043 0.574946 0.581884 0.720290 0.587980 0.638668 0.000000 0.652426 0.539130 0.587554 0.671977
8 0.752353 0.658219 0.620565 0.655322 0.661115 0.665460 0.653874 0.000000 0.671977 0.655572 0.677770
9 0.755250 0.544533 0.586232 0.686957 0.572049 0.613324 0.539855 0.673425 0.000000 0.513748 0.662563
10 0.754703 0.581042 0.583936 0.686686 0.590449 0.631693 0.587554 0.654848 0.513748 0.000000 0.676556
11 0.739319 0.629254 0.641564 0.685735 0.677046 0.671253 0.671253 0.671977 0.661839 0.674385 0.000000
