11
1 0.000000 0.666083 0.665758 0.680615 0.673092 0.660826 0.661281 0.669198 0.671924 0.662644 0.652521
2 0.665888 0.000000 0.635196 0.623978 0.578271 0.627336 0.587502 0.643302 0.640576 0.605996 0.604828
3 0.665369 0.635001 0.000000 0.622421 0.611446 0.617092 0.632276 0.632860 0.573486 0.637921 0.589254
4 0.678669 0.624173 0.621643 0.000000 0.620280 0.570650 0.642273 0.593032 0.616582 0.656481 0.601401
5 0.673287 0.578271 0.611836 0.619696 0.000000 0.611760 0.568231 0.637850 0.611371 0.605022 0.574460
6 0.659268 0.627531 0.616702 0.570845 0.610981 0.000000 0.634612 0.538162 0.606545 0.623321 0.566284
7 0.660308 0.586724 0.630718 0.642079 0.566868 0.634806 0.000000 0.642204 0.609500 0.501460 0.603270
8 0.668614 0.643497 0.632081 0.594200 0.637656 0.538941 0.643177 0.000000 0.600273 0.631497 0.615145
9 0.671729 0.640771 0.572708 0.615609 0.610981 0.606545 0.610278 0.600467 0.000000 0.606969 0.585945
10 0.662644 0.605996 0.638310 0.657649 0.605022 0.624294 0.501460 0.632860 0.606969 0.000000 0.603076
11 0.652326 0.604633 0.589838 0.601012 0.574460 0.567841 0.603660 0.615340 0.586334 0.602881 0.000000
