11
1 0.000000 0.289141 0.299894 0.293733 0.295157 0.312089 0.302138 0.296538 0.303383 0.288479 0.286662
2 0.287544 0.000000 0.240156 0.263414 0.251694 0.268737 0.264371 0.260291 0.254862 0.265472 0.260157
3 0.300177 0.243597 0.000000 0.275842 0.272189 0.281164 0.276712 0.277758 0.277191 0.276375 0.276375
4 0.288940 0.258126 0.271834 0.000000 0.264857 0.273845 0.276747 0.250657 0.245767 0.183904 0.197459
5 0.294554 0.254071 0.271054 0.267837 0.000000 0.244350 0.247030 0.270073 0.272592 0.267944 0.256555
6 0.310350 0.268417 0.278751 0.276154 0.243853 0.000000 0.213447 0.275514 0.282687 0.276034 0.267750
7 0.301252 0.264016 0.275223 0.280826 0.248200 0.214830 0.000000 0.275648 0.284620 0.280081 0.276747
8 0.297142 0.262633 0.272792 0.254211 0.269186 0.277788 0.275010 0.000000 0.266712 0.250391 0.259163
9 0.300366 0.254294 0.276339 0.246832 0.273621 0.283716 0.282670 0.267635 0.000000 0.257340 0.248306
10 0.284822 0.265898 0.273076 0.186852 0.267554 0.276921 0.278308 0.251421 0.257979 0.000000 0.198879
11 0.287514 0.260654 0.273253 0.201717 0.254781 0.269311 0.274797 0.257886 0.251002 0.199695 0.000000
