11
1 0.000000 0.939590 0.933891 0.943790 0.944170 0.938070 0.937714 0.935459 0.936194 0.939233 0.940395
2 0.941489 0.000000 0.930471 0.929358 0.934295 0.938070 0.930877 0.927487 0.928219 0.930498 0.927866
3 0.935410 0.931231 0.000000 0.910368 0.929358 0.891337 0.917964 0.930144 0.930877 0.935055 0.935080
4 0.944930 0.929358 0.910368 0.000000 0.935815 0.916065 0.923281 0.929385 0.928599 0.932397 0.929385
5 0.945689 0.936574 0.930498 0.936194 0.000000 0.939233 0.936194 0.917236 0.912647 0.917964 0.911541
6 0.939590 0.937690 0.892097 0.919104 0.941891 0.000000 0.924041 0.933941 0.932017 0.938473 0.928246
7 0.938093 0.930118 0.917964 0.923661 0.938853 0.924421 0.000000 0.929765 0.930877 0.933536 0.929385
8 0.936978 0.927107 0.932043 0.930144 0.914579 0.933941 0.929385 0.000000 0.884966 0.916856 0.924450
9 0.936194 0.927459 0.930877 0.928219 0.910368 0.933536 0.932017 0.882308 0.000000 0.920623 0.914579
10 0.940752 0.931637 0.933536 0.933536 0.917584 0.937714 0.934295 0.918375 0.919863 0.000000 0.886864
11 0.941534 0.927866 0.935839 0.930144 0.913060 0.927866 0.929385 0.923690 0.912680 0.887244 0.000000
