11
1 0.000000 0.727307 0.763008 0.737562 0.726548 0.758830 0.744778 0.736522 0.739841 0.758162 0.729689
2 0.728067 0.000000 0.633498 0.703000 0.657425 0.687049 0.680592 0.702354 0.715154 0.706530 0.687927
3 0.761489 0.633878 0.000000 0.701861 0.709837 0.715154 0.722750 0.721716 0.723889 0.723235 0.705011
4 0.738701 0.702621 0.702241 0.000000 0.693885 0.699582 0.716293 0.697418 0.673376 0.555809 0.542141
5 0.727307 0.657805 0.710596 0.693506 0.000000 0.638298 0.650836 0.681853 0.710866 0.688686 0.673500
6 0.759210 0.686669 0.714774 0.698823 0.638298 0.000000 0.564210 0.721716 0.719985 0.728929 0.706150
7 0.745537 0.679833 0.722370 0.717433 0.650836 0.564210 0.000000 0.708808 0.736702 0.738421 0.712604
8 0.737661 0.703493 0.722096 0.698937 0.683371 0.722855 0.710706 0.000000 0.709947 0.685270 0.681473
9 0.738321 0.712495 0.721990 0.671857 0.710106 0.719225 0.735942 0.706910 0.000000 0.684510 0.670463
10 0.757403 0.705771 0.724374 0.555809 0.688307 0.729309 0.738041 0.683751 0.687547 0.000000 0.547836
11 0.730828 0.688686 0.705771 0.542521 0.674260 0.706910 0.713743 0.680714 0.671222 0.547836 0.000000
