11
1 0.000000 0.265182 0.271199 0.268383 0.265062 0.272168 0.268884 0.263785 0.271742 0.267344 0.265025
2 0.262652 0.000000 0.209041 0.217100 0.214270 0.209910 0.217465 0.211871 0.220178 0.218785 0.208546
3 0.271379 0.209436 0.000000 0.228397 0.226908 0.170867 0.225312 0.223595 0.233109 0.227644 0.214190
4 0.268975 0.217764 0.227321 0.000000 0.222505 0.227346 0.223363 0.221659 0.228876 0.222945 0.223775
5 0.267394 0.214539 0.226119 0.220352 0.000000 0.226255 0.211741 0.209755 0.219765 0.210017 0.221967
6 0.272060 0.209838 0.169630 0.227131 0.226704 0.000000 0.222623 0.222286 0.233593 0.220955 0.213829
7 0.267466 0.217985 0.224881 0.222160 0.210359 0.222282 0.000000 0.164133 0.219209 0.190310 0.221945
8 0.264323 0.212391 0.224885 0.222698 0.211351 0.223254 0.165764 0.000000 0.220009 0.188710 0.220655
9 0.271545 0.220429 0.234149 0.229199 0.219119 0.233324 0.218025 0.218629 0.000000 0.219556 0.225720
10 0.267165 0.221206 0.228271 0.222623 0.209443 0.222246 0.191834 0.188567 0.219789 0.000000 0.219897
11 0.265707 0.209192 0.213077 0.223560 0.222792 0.214798 0.222699 0.219543 0.225002 0.217799 0.000000
