11
1 0.000000 0.826837 0.807756 0.819941 0.832999 0.832121 0.810970 0.827634 0.830022 0.824888 0.814083
2 0.826953 0.000000 0.815721 0.819787 0.839796 0.843349 0.823743 0.761098 0.838836 0.774323 0.810216
3 0.807795 0.815257 0.000000 0.803562 0.799436 0.825156 0.804122 0.821908 0.821981 0.809458 0.803348
4 0.821487 0.820328 0.804759 0.000000 0.832188 0.817932 0.790273 0.829869 0.815383 0.821680 0.808429
5 0.835277 0.840182 0.800556 0.832574 0.000000 0.845821 0.824540 0.848988 0.841032 0.837556 0.832149
6 0.832044 0.842459 0.825001 0.816580 0.844740 0.000000 0.785479 0.845070 0.746366 0.831186 0.826495
7 0.810544 0.822931 0.803155 0.788341 0.822996 0.785054 0.000000 0.825630 0.773272 0.813252 0.806195
8 0.826977 0.759165 0.821328 0.827474 0.845628 0.844335 0.824779 0.000000 0.842199 0.780847 0.815088
9 0.831684 0.839261 0.822367 0.815924 0.842306 0.748222 0.774934 0.843938 0.000000 0.832341 0.825228
10 0.823495 0.773086 0.807988 0.818898 0.835741 0.830876 0.812285 0.780770 0.829712 0.000000 0.805112
11 0.814895 0.810216 0.803580 0.808197 0.831879 0.827385 0.806891 0.815939 0.824610 0.806388 0.000000
