11
1 0.000000 0.299712 0.272334 0.278098 0.281700 0.268345 0.291066 0.280620 0.281867 0.265490 0.319164
2 0.294308 0.000000 0.246481 0.240808 0.224747 0.213669 0.255864 0.228633 0.239497 0.238903 0.268301
3 0.298271 0.262721 0.000000 0.203677 0.238456 0.213669 0.238542 0.245943 0.242011 0.200650 0.288136
4 0.268012 0.237924 0.202956 0.000000 0.215213 0.192446 0.220981 0.203317 0.206463 0.184211 0.256309
5 0.282061 0.237374 0.236652 0.226748 0.000000 0.167266 0.197691 0.147494 0.204309 0.237013 0.245943
6 0.251079 0.216547 0.200719 0.194604 0.160072 0.000000 0.191367 0.152518 0.194973 0.192806 0.215827
7 0.282421 0.258390 0.229159 0.226027 0.197691 0.193165 0.000000 0.206996 0.234111 0.231324 0.245943
8 0.282061 0.240894 0.245582 0.215573 0.148215 0.158633 0.204111 0.000000 0.226571 0.233321 0.237649
9 0.298384 0.252065 0.245242 0.224776 0.207540 0.207899 0.250269 0.229443 0.000000 0.221544 0.240215
10 0.286023 0.251895 0.195236 0.195025 0.234488 0.200719 0.247203 0.235846 0.226930 0.000000 0.278038
11 0.300793 0.263613 0.262532 0.254867 0.225027 0.208273 0.234403 0.226830 0.233752 0.257483 0.000000
