11
1 0.000000 0.023891 0.037543 0.032534 0.022260 0.034188 0.032479 0.027304 0.032534 0.032368 0.035836
2 0.029010 0.000000 0.034130 0.044369 0.030717 0.035836 0.034130 0.027304 0.046075 0.034072 0.044369
3 0.040956 0.034130 0.000000 0.051195 0.042662 0.035836 0.039249 0.042662 0.047782 0.040886 0.046075
4 0.029110 0.035836 0.044369 0.000000 0.032534 0.044444 0.042735 0.039249 0.039519 0.040886 0.049488
5 0.022260 0.027304 0.039249 0.035959 0.000000 0.037607 0.034188 0.030717 0.034247 0.030664 0.040956
6 0.034188 0.034130 0.034130 0.047863 0.037607 0.000000 0.035897 0.037543 0.042735 0.040886 0.039249
7 0.035897 0.032423 0.037543 0.047863 0.035897 0.035897 0.000000 0.042662 0.049573 0.040886 0.049488
8 0.030717 0.025597 0.042662 0.044369 0.034130 0.037543 0.042662 0.000000 0.044369 0.039182 0.039249
9 0.030822 0.039249 0.040956 0.041237 0.032534 0.039316 0.044444 0.040956 0.000000 0.045997 0.044369
10 0.035775 0.032368 0.040886 0.047700 0.032368 0.042589 0.040886 0.039182 0.051107 0.000000 0.051107
11 0.037543 0.042662 0.044369 0.054608 0.042662 0.040956 0.049488 0.039249 0.049488 0.049404 0.000000
