11
1 0.000000 0.309687 0.300343 0.282990 0.338990 0.326916 0.312107 0.334287 0.326406 0.306461 0.326982
2 0.310450 0.000000 0.227541 0.226969 0.234318 0.213877 0.251859 0.178680 0.202669 0.198590 0.236280
3 0.299580 0.227923 0.000000 0.233263 0.250334 0.256958 0.157483 0.225973 0.217159 0.213455 0.243140
4 0.282799 0.226969 0.233836 0.000000 0.253956 0.263439 0.218684 0.269069 0.242135 0.220698 0.236090
5 0.338799 0.234318 0.251287 0.253956 0.000000 0.246664 0.269590 0.244423 0.235653 0.246236 0.240663
6 0.327106 0.213877 0.257339 0.263248 0.247045 0.000000 0.284979 0.224933 0.235608 0.239375 0.236280
7 0.312297 0.252622 0.158818 0.219447 0.270353 0.286313 0.000000 0.259485 0.252050 0.231942 0.251334
8 0.334859 0.178871 0.225400 0.268879 0.244042 0.224552 0.257769 0.000000 0.200381 0.199733 0.214558
9 0.326597 0.203432 0.217541 0.242707 0.236797 0.236371 0.252050 0.201525 0.000000 0.156089 0.201029
10 0.307795 0.199733 0.214789 0.222413 0.247379 0.240900 0.232133 0.201258 0.156280 0.000000 0.194931
11 0.328125 0.237424 0.245236 0.237614 0.242188 0.237805 0.252477 0.215511 0.201029 0.194741 0.000000
