11
1 0.000000 0.689083 0.694004 0.718790 0.717150 0.705668 0.701294 0.705668 0.705303 0.698560 0.698196
2 0.695644 0.000000 0.570855 0.622531 0.622466 0.621982 0.629663 0.622056 0.621400 0.615638 0.638990
3 0.707855 0.557541 0.000000 0.630677 0.636148 0.633777 0.640708 0.619187 0.607547 0.562101 0.628123
4 0.710771 0.606986 0.627576 0.000000 0.529680 0.468962 0.566148 0.536425 0.580751 0.590793 0.495062
5 0.718243 0.609863 0.630494 0.536621 0.000000 0.486027 0.537717 0.504291 0.543565 0.621187 0.456256
6 0.710224 0.614667 0.634142 0.485808 0.497717 0.000000 0.604941 0.506117 0.575465 0.643771 0.492319
7 0.713140 0.637710 0.643443 0.566697 0.547763 0.604026 0.000000 0.571663 0.562340 0.637194 0.576811
8 0.706215 0.608180 0.620281 0.543181 0.504473 0.500639 0.559795 0.000000 0.548669 0.641227 0.537338
9 0.706397 0.610828 0.608458 0.587313 0.538462 0.566533 0.550310 0.541925 0.000000 0.579840 0.555232
10 0.714416 0.609061 0.577968 0.606503 0.635251 0.644319 0.638473 0.640314 0.588225 0.000000 0.647242
11 0.697285 0.621068 0.610432 0.497257 0.454977 0.484455 0.575347 0.529122 0.551404 0.628243 0.000000
