11
1 0.000000 0.038760 0.038760 0.038760 0.038760 0.040874 0.040874 0.038760 0.041579 0.037350 0.042283
2 0.036646 0.000000 0.004944 0.004944 0.004944 0.007763 0.007763 0.004944 0.007768 0.005642 0.011283
3 0.036646 0.004944 0.000000 0.004944 0.004944 0.007763 0.007763 0.004944 0.007768 0.005642 0.011283
4 0.036646 0.004944 0.004944 0.000000 0.004944 0.007763 0.007763 0.004944 0.007768 0.005642 0.011283
5 0.036646 0.004944 0.004944 0.004944 0.000000 0.007763 0.007763 0.004944 0.007768 0.005642 0.011283
6 0.038760 0.007763 0.007763 0.007763 0.007763 0.000000 0.004234 0.007763 0.011291 0.008463 0.007757
7 0.038760 0.007763 0.007763 0.007763 0.007763 0.004234 0.000000 0.007763 0.011291 0.008463 0.007757
8 0.036646 0.004944 0.004944 0.004944 0.004944 0.007763 0.007763 0.000000 0.007768 0.005642 0.011283
9 0.039464 0.007768 0.007768 0.007768 0.007768 0.011291 0.011291 0.007768 0.000000 0.009168 0.014810
10 0.035236 0.005642 0.005642 0.005642 0.005642 0.008463 0.008463 0.005642 0.009168 0.000000 0.010578
11 0.039464 0.012694 0.012694 0.012694 0.012694 0.008463 0.008463 0.012694 0.015515 0.011283 0.000000
