11
1 0.000000 0.263049 0.285209 0.268567 0.272391 0.273100 0.270217 0.253000 0.261903 0.272908 0.281270
2 0.263857 0.000000 0.220832 0.171865 0.207399 0.167844 0.180904 0.158663 0.185022 0.207438 0.221036
3 0.282262 0.218104 0.000000 0.221417 0.190688 0.221360 0.221778 0.201894 0.220620 0.206900 0.213052
4 0.268620 0.172116 0.225865 0.000000 0.212862 0.190505 0.181029 0.172654 0.193128 0.212513 0.222404
5 0.272678 0.208475 0.192555 0.212002 0.000000 0.216806 0.213388 0.194378 0.212622 0.197540 0.205749
6 0.274015 0.168687 0.225896 0.190828 0.217756 0.000000 0.188308 0.171555 0.196655 0.218796 0.228065
7 0.272494 0.182087 0.225489 0.181101 0.214517 0.187716 0.000000 0.171456 0.189455 0.212044 0.226618
8 0.253897 0.158896 0.205249 0.171883 0.195150 0.171107 0.170990 0.000000 0.171051 0.196822 0.211294
9 0.263266 0.185416 0.222772 0.192213 0.212604 0.196959 0.189760 0.171661 0.000000 0.212405 0.226305
10 0.273500 0.206631 0.210433 0.212477 0.197486 0.218133 0.212761 0.196787 0.212728 0.000000 0.189865
11 0.281611 0.221861 0.216532 0.221632 0.206305 0.228710 0.226457 0.210774 0.223938 0.188448 0.000000
