11
1 0.000000 0.260188 0.269592 0.269592 0.232919 0.249221 0.262500 0.218750 0.269592 0.255452 0.259375
2 0.260188 0.000000 0.220820 0.246057 0.201863 0.218069 0.243750 0.203125 0.219436 0.242991 0.196875
3 0.263323 0.220820 0.000000 0.198738 0.214286 0.224299 0.212500 0.190625 0.210031 0.186916 0.228125
4 0.257053 0.236593 0.192429 0.000000 0.211180 0.230530 0.215625 0.206250 0.191223 0.161994 0.218750
5 0.248447 0.220497 0.232919 0.229814 0.000000 0.145963 0.217391 0.136646 0.189441 0.214286 0.186335
6 0.258567 0.227414 0.236760 0.242991 0.136646 0.000000 0.205607 0.130841 0.183801 0.190031 0.183801
7 0.265625 0.246875 0.218750 0.228125 0.201863 0.205607 0.000000 0.175000 0.250000 0.208723 0.187500
8 0.221875 0.206250 0.200000 0.218750 0.124224 0.124611 0.171875 0.000000 0.206250 0.165109 0.156250
9 0.275862 0.225705 0.216301 0.203762 0.186335 0.177570 0.253125 0.206250 0.000000 0.224299 0.203125
10 0.261682 0.242991 0.193146 0.174455 0.208075 0.193146 0.208723 0.165109 0.227414 0.000000 0.193146
11 0.256250 0.200000 0.237500 0.221875 0.167702 0.174455 0.184375 0.153125 0.200000 0.190031 0.000000
