11
1 0.000000 0.020147 0.020569 0.018236 0.020651 0.021589 0.020930 0.022236 0.021744 0.020474 0.022021
2 0.020363 0.000000 0.015765 0.014706 0.016023 0.017079 0.016006 0.017040 0.017391 0.014179 0.016139
3 0.021079 0.016118 0.000000 0.014138 0.016373 0.014863 0.014432 0.015687 0.017019 0.016824 0.015236
4 0.018745 0.015040 0.014118 0.000000 0.013471 0.016432 0.015196 0.016275 0.014529 0.015196 0.014667
5 0.021063 0.016297 0.016295 0.013412 0.000000 0.018118 0.016258 0.018098 0.017784 0.016022 0.017452
6 0.022197 0.017510 0.014922 0.016510 0.018314 0.000000 0.015412 0.018275 0.019646 0.018687 0.016236
7 0.021204 0.016085 0.014138 0.014922 0.016062 0.015118 0.000000 0.017451 0.017882 0.017356 0.015766
8 0.022863 0.017510 0.015824 0.016392 0.018275 0.018314 0.017843 0.000000 0.020058 0.018510 0.016040
9 0.022509 0.017960 0.017235 0.014803 0.018137 0.019764 0.018391 0.020156 0.000000 0.016509 0.018509
10 0.020984 0.014532 0.016785 0.015177 0.016081 0.018609 0.017591 0.018353 0.016254 0.000000 0.017590
11 0.022531 0.016472 0.015236 0.014628 0.017511 0.016177 0.016040 0.015922 0.018274 0.017590 0.000000
