11
1 0.000000 0.520455 0.459091 0.495455 0.477273 0.506818 0.525000 0.529545 0.522727 0.503401 0.468182
2 0.522727 0.000000 0.495455 0.465909 0.493182 0.520455 0.531818 0.497727 0.509091 0.528345 0.488636
3 0.463636 0.497727 0.000000 0.447727 0.450000 0.472727 0.504545 0.509091 0.511364 0.482993 0.447727
4 0.497727 0.465909 0.447727 0.000000 0.429545 0.477273 0.515909 0.484091 0.502273 0.462585 0.381818
5 0.477273 0.493182 0.450000 0.429545 0.000000 0.459091 0.502273 0.465909 0.490909 0.460317 0.384091
6 0.502273 0.518182 0.470455 0.470455 0.463636 0.000000 0.527273 0.515909 0.490909 0.505669 0.459091
7 0.527273 0.531818 0.506818 0.515909 0.502273 0.527273 0.000000 0.538636 0.527273 0.528345 0.504545
8 0.525000 0.500000 0.504545 0.479545 0.465909 0.513636 0.531818 0.000000 0.519362 0.498866 0.470455
9 0.520455 0.509091 0.509091 0.500000 0.490909 0.488636 0.525000 0.519362 0.000000 0.521542 0.477273
10 0.503401 0.530612 0.487528 0.462585 0.464853 0.501134 0.523810 0.498866 0.521542 0.000000 0.453515
11 0.463636 0.490909 0.445455 0.381818 0.386364 0.456818 0.509091 0.475000 0.481818 0.448980 0.000000
