11
1 0.000000 0.975793 0.974117 0.976987 0.976530 0.974793 0.979349 0.976646 0.980006 0.976409 0.978216
2 0.978673 0.000000 0.957091 0.869868 0.957445 0.953755 0.937400 0.959950 0.968453 0.961529 0.965494
3 0.976997 0.956933 0.000000 0.960603 0.959360 0.943479 0.960721 0.952218 0.967015 0.950956 0.964568
4 0.977421 0.868408 0.958748 0.000000 0.961193 0.957667 0.936472 0.960655 0.969658 0.958702 0.969526
5 0.977794 0.956064 0.957979 0.962259 0.000000 0.957304 0.964707 0.957916 0.966345 0.960818 0.945125
6 0.975070 0.951131 0.941684 0.957786 0.956337 0.000000 0.959661 0.911717 0.964797 0.911264 0.963937
7 0.978915 0.934717 0.958453 0.936037 0.963226 0.959049 0.000000 0.960774 0.969653 0.961999 0.966326
8 0.977988 0.958194 0.950877 0.961583 0.957857 0.912605 0.962195 0.000000 0.965709 0.875691 0.967664
9 0.980658 0.965889 0.964332 0.969283 0.965319 0.964896 0.970068 0.964742 0.000000 0.965552 0.972903
10 0.977061 0.960088 0.949279 0.959195 0.960423 0.912172 0.963084 0.875730 0.966164 0.000000 0.967980
11 0.979322 0.963797 0.962753 0.970099 0.944533 0.964529 0.967018 0.966815 0.973476 0.967151 0.000000
