11
1 0.000000 0.252234 0.266093 0.249090 0.257365 0.251570 0.267627 0.263158 0.255048 0.270248 0.261582
2 0.257696 0.000000 0.213801 0.215469 0.214309 0.211570 0.223253 0.210396 0.212984 0.228926 0.218233
3 0.269899 0.210657 0.000000 0.218104 0.239451 0.189587 0.248718 0.232169 0.241436 0.242479 0.209133
4 0.246111 0.209341 0.214959 0.000000 0.207137 0.209587 0.208921 0.209899 0.221780 0.226446 0.217737
5 0.261172 0.214972 0.241105 0.212780 0.000000 0.219835 0.205439 0.201788 0.226090 0.211736 0.207313
6 0.256364 0.206612 0.190248 0.213884 0.220331 0.000000 0.214050 0.206281 0.226116 0.207273 0.202810
7 0.274909 0.223418 0.245904 0.210579 0.203283 0.212397 0.000000 0.152293 0.209846 0.182479 0.216413
8 0.262661 0.205926 0.228694 0.213210 0.200795 0.206116 0.155438 0.000000 0.204436 0.181322 0.208306
9 0.258689 0.214806 0.237796 0.224764 0.224764 0.225124 0.212332 0.205595 0.000000 0.213884 0.221046
10 0.277025 0.229587 0.240165 0.230744 0.217521 0.207603 0.186942 0.187603 0.215537 0.000000 0.201488
11 0.263898 0.217737 0.211780 0.219722 0.208802 0.201322 0.217240 0.208471 0.221211 0.197686 0.000000
