11
1 0.000000 0.396377 0.400725 0.415217 0.384783 0.397826 0.418116 0.429399 0.414493 0.414917 0.386232
2 0.397101 0.000000 0.268116 0.304348 0.349275 0.301449 0.292029 0.350471 0.347101 0.307748 0.307971
3 0.400725 0.268116 0.000000 0.318116 0.321739 0.296377 0.245652 0.337437 0.345652 0.312817 0.284783
4 0.415217 0.303623 0.318116 0.000000 0.344928 0.256522 0.329710 0.356264 0.357246 0.261405 0.318841
5 0.385507 0.350000 0.322464 0.345652 0.000000 0.339855 0.331159 0.359884 0.345652 0.334540 0.322464
6 0.398551 0.301449 0.296377 0.257246 0.339855 0.000000 0.313768 0.361332 0.368841 0.244026 0.294203
7 0.418116 0.292754 0.245652 0.330435 0.330435 0.313768 0.000000 0.346850 0.367391 0.339609 0.317391
8 0.430847 0.351919 0.338885 0.357712 0.360608 0.362056 0.348298 0.000000 0.351195 0.380159 0.338885
9 0.415217 0.347101 0.345652 0.357246 0.345652 0.368841 0.367391 0.349747 0.000000 0.371470 0.329710
10 0.416365 0.308472 0.313541 0.262853 0.334540 0.244750 0.340333 0.379435 0.372194 0.000000 0.291818
11 0.386957 0.307971 0.285507 0.319565 0.321739 0.294203 0.317391 0.337437 0.329710 0.291093 0.000000
