11
1 0.000000 0.136857 0.146995 0.125272 0.118755 0.123099 0.117306 0.107169 0.135409 0.117945 0.134685
2 0.137581 0.000000 0.134685 0.118030 0.114410 0.119479 0.116582 0.099203 0.139754 0.112880 0.126720
3 0.146995 0.134685 0.000000 0.106522 0.139130 0.087681 0.126087 0.119479 0.154236 0.120116 0.129616
4 0.125996 0.117306 0.106522 0.000000 0.114493 0.098551 0.107971 0.102100 0.123823 0.102750 0.122375
5 0.119479 0.113686 0.139855 0.114493 0.000000 0.117391 0.117391 0.099928 0.114410 0.099855 0.132513
6 0.123823 0.119479 0.087681 0.097826 0.117391 0.000000 0.115942 0.094135 0.125996 0.100579 0.112238
7 0.118030 0.116582 0.126812 0.107971 0.117391 0.116667 0.000000 0.086894 0.123823 0.094790 0.123823
8 0.107893 0.099203 0.119479 0.102100 0.099928 0.094135 0.086894 0.000000 0.114410 0.094790 0.120203
9 0.136133 0.139754 0.154236 0.123823 0.114410 0.126720 0.123823 0.113686 0.000000 0.112880 0.128892
10 0.117945 0.112880 0.120116 0.102750 0.099855 0.100579 0.094790 0.094067 0.112156 0.000000 0.128075
11 0.136133 0.127444 0.130340 0.122375 0.132513 0.112962 0.124547 0.120203 0.128892 0.128799 0.000000
