11
1 0.000000 0.068717 0.072134 0.075171 0.072134 0.074791 0.073652 0.071754 0.079727 0.070209 0.074412
2 0.069096 0.000000 0.044799 0.047836 0.044799 0.047456 0.049355 0.044419 0.052392 0.043264 0.047456
3 0.072134 0.044419 0.000000 0.047474 0.044436 0.047456 0.048994 0.047456 0.052032 0.046679 0.047456
4 0.075171 0.047456 0.047474 0.000000 0.047474 0.047456 0.052032 0.047456 0.055450 0.049715 0.050873
5 0.072134 0.044419 0.044436 0.047474 0.000000 0.047456 0.048994 0.047456 0.052032 0.046679 0.047456
6 0.075171 0.047456 0.047836 0.047836 0.047836 0.000000 0.049355 0.047456 0.055429 0.049715 0.047456
7 0.073652 0.048975 0.048994 0.052032 0.048994 0.048975 0.000000 0.052012 0.056969 0.048197 0.048975
8 0.072134 0.044419 0.047836 0.047836 0.047836 0.047456 0.052392 0.000000 0.052392 0.046300 0.050494
9 0.080106 0.052012 0.052032 0.055450 0.052032 0.055429 0.056969 0.052012 0.000000 0.054269 0.055429
10 0.070588 0.043264 0.046679 0.049715 0.046679 0.049336 0.048197 0.046300 0.054269 0.000000 0.048956
11 0.074791 0.047456 0.047836 0.050873 0.047836 0.047456 0.049355 0.050494 0.055429 0.048956 0.000000
