11
1 0.000000 0.144458 0.136176 0.127807 0.148245 0.146712 0.151645 0.133132 0.152064 0.152951 0.134393
2 0.144458 0.000000 0.128308 0.117911 0.137861 0.143413 0.130345 0.115328 0.138237 0.140552 0.113094
3 0.136374 0.128507 0.000000 0.112970 0.139235 0.107923 0.139196 0.120242 0.139230 0.140904 0.114837
4 0.127846 0.117911 0.112771 0.000000 0.126575 0.124141 0.124662 0.108373 0.130528 0.130499 0.111822
5 0.148245 0.137861 0.139037 0.126575 0.000000 0.152712 0.145287 0.123833 0.119720 0.122352 0.128552
6 0.146871 0.143533 0.107844 0.124300 0.152871 0.000000 0.150209 0.127280 0.151985 0.152672 0.130856
7 0.151725 0.130424 0.139037 0.124702 0.145366 0.150129 0.000000 0.108170 0.145031 0.140791 0.126763
8 0.133132 0.115328 0.120003 0.108413 0.123872 0.127161 0.108091 0.000000 0.127747 0.127042 0.110630
9 0.152223 0.138396 0.139190 0.130687 0.119919 0.151985 0.145111 0.127906 0.000000 0.123018 0.128621
10 0.152951 0.140592 0.140706 0.130499 0.122392 0.152553 0.140751 0.127081 0.122859 0.000000 0.131969
11 0.134472 0.113173 0.114679 0.111862 0.128631 0.130777 0.126763 0.110709 0.128541 0.132009 0.000000
