11
1 0.000000 0.036019 0.035508 0.037158 0.037943 0.037114 0.036215 0.036176 0.036451 0.036137 0.037030
2 0.036019 0.000000 0.017833 0.018108 0.017911 0.019362 0.018382 0.016811 0.017165 0.017990 0.019438
3 0.035430 0.017754 0.000000 0.018855 0.018620 0.019480 0.018972 0.018265 0.017911 0.017676 0.018809
4 0.037079 0.018108 0.018855 0.000000 0.020309 0.020619 0.019994 0.019639 0.018972 0.019405 0.020380
5 0.037865 0.017872 0.018620 0.020309 0.000000 0.021090 0.020779 0.018697 0.019757 0.019522 0.021323
6 0.037232 0.019480 0.019676 0.020776 0.021208 0.000000 0.018380 0.020108 0.020462 0.018537 0.019516
7 0.036215 0.018382 0.019012 0.019994 0.020819 0.018263 0.000000 0.019404 0.019757 0.017480 0.018809
8 0.036176 0.016811 0.018304 0.019679 0.018736 0.019991 0.019404 0.000000 0.018657 0.018461 0.019909
9 0.036451 0.017165 0.017990 0.019011 0.019797 0.020344 0.019757 0.018697 0.000000 0.018500 0.019595
10 0.036058 0.017950 0.017715 0.019405 0.019522 0.018420 0.017440 0.018422 0.018461 0.000000 0.018142
11 0.037305 0.019752 0.019241 0.020773 0.021715 0.019752 0.019124 0.020262 0.019909 0.018535 0.000000
