11
1 0.000000 0.695467 0.723796 0.775496 0.765581 0.712465 0.742210 0.783994 0.793201 0.774079 0.735127
2 0.701841 0.000000 0.689459 0.710526 0.675926 0.672365 0.693732 0.712963 0.707594 0.724359 0.692527
3 0.713173 0.685185 0.000000 0.708393 0.572650 0.700641 0.678775 0.689950 0.689851 0.729152 0.572954
4 0.766997 0.711238 0.711238 0.000000 0.729730 0.733997 0.726174 0.759602 0.749468 0.736131 0.712660
5 0.789660 0.712251 0.573362 0.770981 0.000000 0.737179 0.720798 0.752849 0.705465 0.758547 0.580783
6 0.738669 0.668803 0.704918 0.767425 0.723647 0.000000 0.759971 0.751070 0.771469 0.763949 0.745907
7 0.765581 0.723647 0.710114 0.755334 0.737892 0.762108 0.000000 0.670940 0.659333 0.786325 0.753737
8 0.773371 0.752849 0.727014 0.793741 0.746439 0.757489 0.676638 0.000000 0.633783 0.798859 0.760142
9 0.793909 0.736693 0.728886 0.778566 0.739532 0.781405 0.666430 0.595458 0.000000 0.799858 0.742370
10 0.797450 0.749288 0.755524 0.763869 0.756410 0.769671 0.784900 0.790300 0.792051 0.000000 0.782206
11 0.767705 0.731673 0.614235 0.749644 0.580783 0.753025 0.756584 0.755160 0.738822 0.780071 0.000000
