11
1 0.000000 0.373642 0.320782 0.330920 0.349747 0.378711 0.356988 0.334540 0.344678 0.315713 0.332368
2 0.372918 0.000000 0.373188 0.366401 0.355797 0.389130 0.405797 0.361594 0.356522 0.321506 0.372464
3 0.320058 0.373188 0.000000 0.349022 0.299275 0.323188 0.357246 0.284783 0.315942 0.310644 0.318116
4 0.330920 0.367125 0.349747 0.000000 0.344678 0.339609 0.314265 0.326575 0.341781 0.345402 0.293990
5 0.349022 0.355797 0.299275 0.343954 0.000000 0.286957 0.360145 0.286957 0.324638 0.304852 0.349275
6 0.377263 0.388406 0.322464 0.338161 0.286232 0.000000 0.363768 0.286232 0.342029 0.322230 0.352174
7 0.356264 0.405797 0.357246 0.314265 0.360145 0.364493 0.000000 0.341304 0.357971 0.357712 0.336232
8 0.333816 0.361594 0.284783 0.325851 0.286957 0.286957 0.341304 0.000000 0.318116 0.310644 0.307971
9 0.344678 0.357246 0.316667 0.341781 0.326087 0.343478 0.357971 0.318841 0.000000 0.297610 0.339855
10 0.314989 0.320782 0.309920 0.344678 0.304852 0.322230 0.356988 0.309920 0.296162 0.000000 0.330196
11 0.330920 0.371739 0.317391 0.293266 0.349275 0.352174 0.335507 0.307246 0.338406 0.330196 0.000000
