11
1 0.000000 0.056064 0.056843 0.055285 0.056843 0.056843 0.057621 0.055285 0.055675 0.056453 0.054896
2 0.055480 0.000000 0.045180 0.043622 0.043622 0.045180 0.045959 0.042064 0.044401 0.045552 0.045171
3 0.056259 0.045180 0.000000 0.045959 0.045959 0.047517 0.048491 0.044401 0.045180 0.047888 0.046145
4 0.054701 0.043622 0.045959 0.000000 0.044401 0.045959 0.046738 0.042843 0.045180 0.046331 0.046145
5 0.056259 0.043622 0.045959 0.044401 0.000000 0.045959 0.046738 0.042843 0.045180 0.046331 0.046145
6 0.056259 0.045180 0.047712 0.045959 0.045959 0.000000 0.045180 0.044401 0.046738 0.044773 0.046145
7 0.057037 0.045959 0.048491 0.046738 0.046738 0.045180 0.000000 0.045180 0.047712 0.045552 0.046924
8 0.054701 0.042064 0.044401 0.042843 0.042843 0.044401 0.045180 0.000000 0.043622 0.044773 0.044393
9 0.055091 0.044401 0.045180 0.045180 0.045180 0.046738 0.047517 0.043622 0.000000 0.047109 0.045171
10 0.055869 0.045552 0.047888 0.046331 0.046331 0.044773 0.045552 0.044773 0.047109 0.000000 0.045941
11 0.054507 0.045561 0.046340 0.046340 0.046340 0.046340 0.047118 0.044782 0.045561 0.046136 0.000000
