11
1 0.000000 0.331647 0.336772 0.319315 0.311137 0.330218 0.341316 0.323793 0.352804 0.331776 0.314252
2 0.332036 0.000000 0.255742 0.273258 0.266251 0.246205 0.285520 0.258272 0.252238 0.251265 0.279875
3 0.337162 0.255936 0.000000 0.291415 0.271170 0.268445 0.304069 0.280709 0.289274 0.260269 0.285575
4 0.318925 0.272674 0.290637 0.000000 0.275755 0.286660 0.284268 0.301461 0.289136 0.276728 0.277702
5 0.310942 0.265473 0.270586 0.275949 0.000000 0.236417 0.273559 0.251412 0.230335 0.199221 0.286076
6 0.330218 0.246010 0.268055 0.287050 0.237001 0.000000 0.295950 0.215774 0.242796 0.224537 0.284323
7 0.341511 0.285520 0.303874 0.285047 0.273949 0.296145 0.000000 0.323014 0.297508 0.282126 0.302181
8 0.323793 0.257493 0.280319 0.301266 0.251217 0.215385 0.322430 0.000000 0.239875 0.233106 0.279455
9 0.352998 0.252238 0.288885 0.289720 0.230724 0.242991 0.297313 0.240070 0.000000 0.205607 0.282905
10 0.331192 0.250487 0.259295 0.276534 0.198637 0.224148 0.281542 0.232522 0.205023 0.000000 0.290944
11 0.314058 0.279681 0.285186 0.277702 0.285686 0.284323 0.301986 0.279455 0.282516 0.291529 0.000000
