11
1 0.000000 0.830719 0.873598 0.820120 0.874895 0.873775 0.881970 0.838456 0.837951 0.876380 0.827112
2 0.830190 0.000000 0.785396 0.742110 0.823861 0.823043 0.830513 0.773788 0.770396 0.786385 0.691180
3 0.872932 0.785357 0.000000 0.806798 0.866510 0.871666 0.873765 0.830243 0.831074 0.798188 0.769385
4 0.820551 0.742619 0.807797 0.000000 0.809717 0.808914 0.809168 0.739994 0.748712 0.818386 0.741601
5 0.876149 0.824782 0.867627 0.810109 0.000000 0.741757 0.872857 0.821393 0.823195 0.870547 0.818298
6 0.872755 0.824258 0.870509 0.807582 0.739681 0.000000 0.872899 0.829988 0.824667 0.874070 0.816432
7 0.880970 0.830552 0.873941 0.808835 0.872661 0.873213 0.000000 0.836574 0.833425 0.876125 0.827171
8 0.838358 0.774474 0.830458 0.739426 0.820727 0.831438 0.837496 0.000000 0.680976 0.843146 0.767425
9 0.839165 0.771552 0.832190 0.748692 0.823313 0.826724 0.834013 0.681955 0.000000 0.842813 0.767476
10 0.877672 0.788930 0.800360 0.820344 0.872661 0.876478 0.878435 0.845808 0.843889 0.000000 0.769749
11 0.827269 0.692434 0.770560 0.742247 0.818729 0.817393 0.827112 0.768091 0.767516 0.768065 0.000000
