11
1 0.000000 0.460317 0.433862 0.468254 0.425926 0.457672 0.441799 0.481481 0.388889 0.464380 0.478836
2 0.460317 0.000000 0.412698 0.460317 0.375661 0.378307 0.439153 0.492063 0.412698 0.361478 0.452381
3 0.433862 0.412698 0.000000 0.423280 0.354497 0.410053 0.391534 0.457672 0.388889 0.377309 0.476190
4 0.465608 0.460317 0.423280 0.000000 0.441799 0.462963 0.449735 0.341270 0.423280 0.453826 0.386243
5 0.425926 0.375661 0.354497 0.441799 0.000000 0.338624 0.386243 0.473545 0.407407 0.369393 0.476190
6 0.457672 0.375661 0.410053 0.462963 0.338624 0.000000 0.392573 0.489418 0.423280 0.287599 0.473545
7 0.441799 0.439153 0.391534 0.449735 0.386243 0.392573 0.000000 0.484127 0.447090 0.419525 0.468254
8 0.481481 0.492063 0.457672 0.343915 0.476190 0.489418 0.486772 0.000000 0.431217 0.477573 0.402116
9 0.388889 0.412698 0.388889 0.423280 0.410053 0.423280 0.452381 0.431217 0.000000 0.419525 0.452381
10 0.467018 0.361478 0.379947 0.456464 0.372032 0.290237 0.422164 0.477573 0.419525 0.000000 0.443272
11 0.481481 0.455026 0.478836 0.388889 0.473545 0.476190 0.470899 0.404762 0.455026 0.443272 0.000000
