11
1 0.000000 0.714131 0.773410 0.707071 0.799350 0.749820 0.713094 0.771211 0.741959 0.780718 0.767534
2 0.696107 0.000000 0.748392 0.580750 0.794881 0.711247 0.625090 0.766042 0.696107 0.775415 0.765321
3 0.790565 0.781630 0.000000 0.773410 0.858828 0.787705 0.753753 0.844532 0.788778 0.849893 0.834882
4 0.717172 0.613554 0.758399 0.000000 0.814935 0.716655 0.594517 0.769120 0.721501 0.787518 0.793651
5 0.793937 0.816150 0.846676 0.814574 0.000000 0.823360 0.789607 0.851317 0.840130 0.857091 0.858896
6 0.731435 0.718457 0.761615 0.714492 0.810743 0.000000 0.718457 0.797765 0.669791 0.809661 0.799207
7 0.691694 0.636626 0.728377 0.572150 0.787802 0.713771 0.000000 0.786802 0.722804 0.789054 0.773319
8 0.752357 0.764239 0.812723 0.764791 0.835799 0.793079 0.789703 0.000000 0.787134 0.674520 0.651482
9 0.713408 0.689978 0.754825 0.689755 0.814868 0.658616 0.696061 0.783881 0.000000 0.791471 0.805566
10 0.787242 0.798125 0.827377 0.794733 0.856730 0.824441 0.809351 0.698441 0.798699 0.000000 0.706074
11 0.771873 0.784787 0.821301 0.792569 0.857452 0.808580 0.799349 0.676790 0.829418 0.706435 0.000000
