11
1 0.000000 0.819669 0.815240 0.781899 0.818681 0.781087 0.781550 0.781860 0.873377 0.817229 0.799691
2 0.820365 0.000000 0.595106 0.619576 0.601361 0.599389 0.615914 0.606892 0.811843 0.590303 0.661149
3 0.816361 0.595183 0.000000 0.616021 0.546045 0.581806 0.609719 0.600441 0.811572 0.577360 0.652826
4 0.781590 0.617875 0.615248 0.000000 0.623477 0.473362 0.513223 0.471738 0.764842 0.609983 0.553694
5 0.818024 0.598616 0.544073 0.621890 0.000000 0.577953 0.611622 0.609084 0.808751 0.555659 0.662089
6 0.780545 0.596218 0.580067 0.470499 0.578107 0.000000 0.494896 0.463303 0.770679 0.586475 0.553578
7 0.783637 0.616881 0.609333 0.514267 0.611816 0.497255 0.000000 0.504253 0.781579 0.615063 0.569865
8 0.781474 0.605847 0.599242 0.472937 0.610632 0.464657 0.504060 0.000000 0.772959 0.608553 0.540309
9 0.874111 0.813389 0.811379 0.765229 0.810606 0.773384 0.782236 0.773771 0.000000 0.811340 0.790971
10 0.818312 0.590844 0.577438 0.610370 0.557824 0.588795 0.615682 0.609597 0.811882 0.000000 0.655183
11 0.800271 0.659950 0.650661 0.553191 0.664101 0.555048 0.569286 0.539342 0.790778 0.653946 0.000000
