11
1 0.000000 0.832012 0.833814 0.799208 0.834535 0.800000 0.809661 0.789113 0.886446 0.832372 0.816026
2 0.808580 0.000000 0.575397 0.573947 0.586941 0.555396 0.591991 0.572511 0.808442 0.568182 0.632411
3 0.828407 0.613276 0.000000 0.589061 0.540960 0.570863 0.602745 0.596244 0.825036 0.566631 0.637082
4 0.775819 0.579705 0.559194 0.000000 0.592299 0.436691 0.493703 0.444045 0.753149 0.590500 0.527848
5 0.815429 0.614358 0.501985 0.592659 0.000000 0.569065 0.607001 0.603031 0.828644 0.544569 0.652893
6 0.798201 0.591367 0.576259 0.463309 0.591367 0.000000 0.496403 0.479496 0.779496 0.596763 0.548688
7 0.785508 0.623377 0.602745 0.493703 0.608084 0.462230 0.000000 0.475588 0.774170 0.624142 0.530722
8 0.787671 0.572150 0.570964 0.469593 0.604475 0.475180 0.478481 0.000000 0.772006 0.599928 0.523895
9 0.877433 0.803752 0.826479 0.745592 0.809524 0.782014 0.772006 0.761905 0.000000 0.828644 0.807043
10 0.828046 0.596320 0.563019 0.617848 0.574522 0.596403 0.624503 0.606433 0.828644 0.000000 0.642832
11 0.804887 0.665469 0.641035 0.554438 0.625225 0.545455 0.555516 0.555516 0.794466 0.652533 0.000000
