11
1 0.000000 0.229565 0.244943 0.254679 0.243672 0.382754 0.260123 0.236519 0.253050 0.324339 0.493304
2 0.229485 0.000000 0.163203 0.211961 0.187363 0.345877 0.225988 0.202106 0.222849 0.287026 0.466799
3 0.244904 0.163243 0.000000 0.225401 0.211127 0.360038 0.236171 0.222222 0.233985 0.300270 0.479415
4 0.254520 0.211842 0.225282 0.000000 0.222372 0.354914 0.233606 0.205460 0.196710 0.290728 0.481839
5 0.243553 0.187363 0.211087 0.222492 0.000000 0.354620 0.225988 0.203139 0.228969 0.281423 0.466322
6 0.382714 0.345917 0.360078 0.355034 0.354659 0.000000 0.356291 0.346183 0.364290 0.400461 0.559013
7 0.260044 0.225949 0.236131 0.233725 0.225988 0.356212 0.000000 0.210627 0.243364 0.292107 0.482038
8 0.236360 0.202066 0.222182 0.205540 0.203100 0.346103 0.210587 0.000000 0.221825 0.276438 0.468487
9 0.252931 0.222809 0.233945 0.196789 0.228969 0.364251 0.243324 0.221825 0.000000 0.301105 0.481839
10 0.324101 0.286867 0.300111 0.290688 0.281264 0.400302 0.291988 0.276318 0.300986 0.000000 0.519194
11 0.493225 0.466759 0.479375 0.481839 0.466322 0.558894 0.482038 0.468566 0.481839 0.519393 0.000000
