11
1 0.000000 0.254642 0.251989 0.198939 0.249337 0.240741 0.246684 0.220159 0.249337 0.258575 0.190476
2 0.257294 0.000000 0.132626 0.214854 0.169761 0.169312 0.188329 0.169761 0.172414 0.145119 0.208995
3 0.254642 0.132626 0.000000 0.206897 0.198939 0.153439 0.193634 0.193634 0.201592 0.150396 0.235450
4 0.201592 0.214854 0.206897 0.000000 0.188329 0.187831 0.180371 0.222812 0.193634 0.213720 0.235450
5 0.251989 0.169761 0.198939 0.188329 0.000000 0.174603 0.180371 0.185676 0.188329 0.176781 0.222222
6 0.240741 0.169312 0.153439 0.185185 0.174603 0.000000 0.198413 0.129630 0.179894 0.182058 0.208995
7 0.246684 0.188329 0.193634 0.180371 0.180371 0.198413 0.000000 0.209549 0.196286 0.213720 0.222222
8 0.220159 0.169761 0.193634 0.222812 0.185676 0.132275 0.209549 0.000000 0.164456 0.168865 0.177249
9 0.249337 0.169761 0.201592 0.193634 0.185676 0.177249 0.193634 0.164456 0.000000 0.163588 0.219577
10 0.261214 0.145119 0.150396 0.213720 0.176781 0.184697 0.213720 0.168865 0.166227 0.000000 0.237467
11 0.193122 0.208995 0.235450 0.235450 0.222222 0.208995 0.222222 0.177249 0.222222 0.240106 0.000000
