11
1 0.000000 0.106676 0.116231 0.094288 0.088033 0.092911 0.086717 0.076394 0.105988 0.087345 0.106529
2 0.109429 0.000000 0.103851 0.086717 0.083219 0.088782 0.085341 0.068823 0.110117 0.082531 0.099656
3 0.118982 0.104539 0.000000 0.075653 0.108666 0.057084 0.096286 0.088721 0.124484 0.089409 0.100344
4 0.097041 0.086717 0.075653 0.000000 0.083906 0.066758 0.077082 0.070888 0.092911 0.071527 0.091409
5 0.090784 0.083219 0.108666 0.083906 0.000000 0.086657 0.086657 0.068776 0.083906 0.068088 0.101031
6 0.093599 0.088782 0.057084 0.066758 0.086657 0.000000 0.085341 0.062629 0.095664 0.070151 0.083162
7 0.088782 0.085341 0.095598 0.077082 0.086657 0.085341 0.000000 0.055747 0.093599 0.063961 0.093471
8 0.077082 0.068823 0.088721 0.070888 0.068776 0.062629 0.055747 0.000000 0.083964 0.063961 0.091409
9 0.106676 0.110117 0.123796 0.092911 0.083906 0.095664 0.092911 0.083964 0.000000 0.082531 0.098969
10 0.088033 0.082531 0.088721 0.071527 0.068088 0.069464 0.063961 0.063961 0.082531 0.000000 0.097594
11 0.109966 0.101031 0.101031 0.092096 0.102405 0.083849 0.094158 0.092096 0.099656 0.098969 0.000000
