11
1 0.000000 0.352199 0.329841 0.334299 0.334657 0.351048 0.350649 0.333574 0.333934 0.352899 0.337559
2 0.362293 0.000000 0.330930 0.330930 0.348955 0.348955 0.355804 0.239726 0.338140 0.322290 0.317231
3 0.350072 0.331651 0.000000 0.300217 0.310469 0.330202 0.329004 0.295668 0.290299 0.285560 0.300217
4 0.325244 0.300649 0.273121 0.000000 0.304693 0.305857 0.321068 0.307220 0.251352 0.274757 0.243028
5 0.331408 0.321197 0.288448 0.308664 0.000000 0.331408 0.309163 0.326715 0.334295 0.317249 0.307942
6 0.368402 0.348234 0.329841 0.334418 0.335379 0.000000 0.339827 0.323827 0.341507 0.332733 0.305495
7 0.354618 0.352920 0.327561 0.347763 0.335859 0.338384 0.000000 0.336219 0.319870 0.329852 0.343434
8 0.327798 0.220260 0.276173 0.282671 0.300361 0.299639 0.316017 0.000000 0.293545 0.289161 0.278339
9 0.334295 0.338861 0.278038 0.278759 0.335016 0.338983 0.318067 0.299675 0.000000 0.266115 0.286332
10 0.330933 0.302845 0.271156 0.280879 0.320130 0.319049 0.322650 0.293122 0.263594 0.000000 0.276197
11 0.337197 0.312545 0.295520 0.263673 0.326715 0.319957 0.339827 0.297473 0.280563 0.291322 0.000000
