11
1 0.000000 0.965586 0.960340 0.962566 0.949098 0.948264 0.959267 0.962844 0.945517 0.951796 0.966142
2 0.965665 0.000000 0.921509 0.850886 0.922117 0.900580 0.917852 0.950403 0.901319 0.895239 0.890320
3 0.960579 0.921548 0.000000 0.922221 0.920289 0.901812 0.917968 0.945197 0.873813 0.906164 0.934788
4 0.962367 0.850727 0.922022 0.000000 0.919415 0.900143 0.916932 0.951675 0.895906 0.895950 0.885869
5 0.948939 0.922236 0.920488 0.919455 0.000000 0.887467 0.909163 0.895375 0.873679 0.896011 0.931495
6 0.948224 0.900660 0.901891 0.900223 0.887467 0.000000 0.867162 0.924104 0.843877 0.845109 0.910832
7 0.958910 0.917693 0.918127 0.916693 0.909600 0.866884 0.000000 0.943171 0.875199 0.820635 0.930019
8 0.962685 0.950324 0.945277 0.951635 0.895176 0.924064 0.942972 0.000000 0.917299 0.929341 0.956605
9 0.945557 0.900843 0.873773 0.895866 0.873679 0.844036 0.875397 0.917538 0.000000 0.836374 0.913090
10 0.951915 0.895318 0.906204 0.895950 0.895852 0.844870 0.820556 0.929341 0.836215 0.000000 0.915157
11 0.966142 0.890478 0.934907 0.886385 0.931535 0.911031 0.930059 0.956485 0.913011 0.914998 0.000000
