11
1 0.000000 0.697321 0.721216 0.716872 0.706734 0.692252 0.708907 0.671253 0.677770 0.708182 0.711803
2 0.698045 0.000000 0.593478 0.517017 0.601449 0.480435 0.492029 0.457639 0.510870 0.613324 0.616220
3 0.721216 0.594203 0.000000 0.626358 0.537681 0.613768 0.626087 0.574946 0.594203 0.612600 0.624909
4 0.719044 0.517741 0.629254 0.000000 0.640116 0.558291 0.538740 0.535119 0.597393 0.605358 0.644461
5 0.703838 0.600725 0.536232 0.638668 0.000000 0.623913 0.613768 0.577118 0.614938 0.596669 0.582187
6 0.694424 0.481159 0.615217 0.558291 0.624638 0.000000 0.526087 0.511224 0.537681 0.630702 0.641564
7 0.708907 0.492029 0.626087 0.538016 0.614493 0.525362 0.000000 0.501086 0.554348 0.614772 0.639392
8 0.667632 0.458364 0.575670 0.535119 0.577842 0.511224 0.501810 0.000000 0.517741 0.598841 0.601738
9 0.677046 0.508696 0.592754 0.595221 0.613488 0.535507 0.552899 0.516293 0.000000 0.614772 0.604634
10 0.709631 0.612600 0.614048 0.604634 0.597393 0.629978 0.614772 0.598117 0.616944 0.000000 0.593049
11 0.710355 0.618392 0.626358 0.643736 0.583635 0.642288 0.640116 0.601738 0.606807 0.590876 0.000000
