11
1 0.000000 0.050309 0.047795 0.044444 0.044136 0.041358 0.045370 0.045370 0.045988 0.042593 0.042888
2 0.048765 0.000000 0.049954 0.046325 0.043827 0.044177 0.042310 0.045440 0.049104 0.043586 0.043814
3 0.048720 0.053037 0.000000 0.045945 0.048412 0.045328 0.049645 0.051187 0.044403 0.048412 0.046562
4 0.042593 0.046325 0.042862 0.000000 0.037346 0.039222 0.040766 0.043854 0.041692 0.036751 0.040111
5 0.043827 0.045370 0.047487 0.038272 0.000000 0.040741 0.040741 0.042593 0.042901 0.036420 0.038260
6 0.040123 0.044795 0.043478 0.039531 0.040123 0.000000 0.035516 0.041705 0.041692 0.041087 0.036409
7 0.043519 0.042001 0.047179 0.040457 0.038889 0.035516 0.000000 0.043545 0.041384 0.040457 0.039494
8 0.041975 0.044513 0.046870 0.042310 0.040432 0.039543 0.041384 0.000000 0.043854 0.039901 0.041654
9 0.045062 0.050957 0.043787 0.042619 0.043210 0.042619 0.042310 0.046943 0.000000 0.043237 0.039185
10 0.039506 0.042658 0.044403 0.035825 0.034568 0.039852 0.039839 0.040520 0.042001 0.000000 0.039185
11 0.042579 0.044739 0.045020 0.041037 0.037643 0.037026 0.041037 0.044122 0.039185 0.041654 0.000000
