11
1 0.000000 0.694521 0.712349 0.711743 0.781725 0.714181 0.695231 0.716554 0.673989 0.722911 0.730755
2 0.689573 0.000000 0.718212 0.566245 0.789599 0.691279 0.556185 0.742289 0.615962 0.768698 0.753161
3 0.713631 0.722975 0.000000 0.738732 0.822377 0.751374 0.714051 0.768936 0.720117 0.783291 0.773360
4 0.696330 0.567528 0.742030 0.000000 0.773118 0.691645 0.452585 0.762548 0.674721 0.758847 0.745235
5 0.781176 0.797473 0.825856 0.784838 0.000000 0.808826 0.770692 0.810367 0.798828 0.809923 0.824574
6 0.709601 0.688531 0.752840 0.698608 0.807728 0.000000 0.675315 0.764191 0.630789 0.773988 0.790583
7 0.705098 0.548145 0.716609 0.456605 0.774712 0.689567 0.000000 0.772951 0.683720 0.764684 0.764480
8 0.730060 0.749589 0.768753 0.769666 0.810367 0.777332 0.772404 0.000000 0.759628 0.657242 0.594634
9 0.686985 0.627311 0.733663 0.690097 0.803588 0.638660 0.685365 0.766928 0.000000 0.752280 0.770090
10 0.737869 0.769974 0.783838 0.768150 0.812842 0.787851 0.758847 0.646662 0.753557 0.000000 0.650675
11 0.721224 0.759941 0.784353 0.741569 0.819996 0.782521 0.768134 0.595729 0.767893 0.650128 0.000000
