11
1 0.000000 0.649451 0.672578 0.659889 0.657964 0.666924 0.662672 0.654839 0.674424 0.664682 0.657405
2 0.648369 0.000000 0.554074 0.556716 0.551522 0.558844 0.563796 0.545802 0.568556 0.569190 0.543477
3 0.673235 0.554306 0.000000 0.576871 0.584968 0.453190 0.581778 0.573935 0.606043 0.589815 0.551331
4 0.658458 0.556794 0.576601 0.000000 0.570253 0.583537 0.573048 0.573786 0.589707 0.568571 0.578644
5 0.657462 0.553028 0.584659 0.571567 0.000000 0.584698 0.557160 0.553530 0.576433 0.555229 0.573498
6 0.663754 0.557258 0.449403 0.582569 0.581415 0.000000 0.579722 0.572549 0.609388 0.579829 0.559360
7 0.660469 0.562790 0.579962 0.572042 0.554303 0.579490 0.000000 0.429306 0.573041 0.503695 0.576867
8 0.654723 0.546266 0.573935 0.574096 0.552680 0.574714 0.432398 0.000000 0.579082 0.499845 0.576905
9 0.674308 0.568556 0.605386 0.590171 0.576433 0.610394 0.574666 0.578270 0.000000 0.572423 0.593059
10 0.663716 0.568842 0.588463 0.567101 0.553839 0.580022 0.504275 0.498261 0.571495 0.000000 0.568596
11 0.658757 0.545370 0.551408 0.579958 0.574347 0.562027 0.578876 0.577021 0.594219 0.569756 0.000000
