11
1 0.000000 0.223266 0.211006 0.231522 0.228013 0.233091 0.224081 0.227571 0.231694 0.211803 0.196235
2 0.233020 0.000000 0.202673 0.205202 0.205925 0.220376 0.212066 0.193642 0.209176 0.192919 0.195448
3 0.198980 0.176301 0.000000 0.163768 0.168657 0.165091 0.179338 0.143222 0.158834 0.104272 0.165098
4 0.239855 0.203396 0.189855 0.000000 0.183858 0.179710 0.202174 0.187319 0.201449 0.176322 0.184649
5 0.237423 0.205202 0.193630 0.185668 0.000000 0.172277 0.205936 0.198697 0.203764 0.180239 0.187839
6 0.235636 0.213150 0.180000 0.173913 0.156352 0.000000 0.187273 0.176364 0.181818 0.176684 0.176684
7 0.226628 0.204841 0.170244 0.197464 0.197611 0.189818 0.000000 0.198981 0.141870 0.185735 0.169080
8 0.229030 0.171965 0.144315 0.176087 0.175534 0.167636 0.180065 0.000000 0.179235 0.130340 0.173787
9 0.234608 0.202673 0.175592 0.196377 0.198335 0.192000 0.149509 0.195264 0.000000 0.185011 0.177046
10 0.218682 0.191113 0.122013 0.175959 0.178067 0.186459 0.191528 0.146633 0.190804 0.000000 0.190804
11 0.224475 0.193642 0.186097 0.185011 0.177343 0.177408 0.173425 0.189356 0.182476 0.190804 0.000000
