11
1 0.000000 0.660166 0.642986 0.694494 0.688448 0.666667 0.677641 0.648483 0.672938 0.652768 0.678559
2 0.660888 0.000000 0.597187 0.567830 0.595307 0.605634 0.613579 0.618274 0.593716 0.556434 0.521802
3 0.647313 0.604760 0.000000 0.631522 0.626758 0.611973 0.620267 0.516769 0.617021 0.579439 0.625946
4 0.699172 0.539403 0.611011 0.000000 0.576826 0.591220 0.614610 0.614610 0.572508 0.580158 0.599496
5 0.691697 0.599278 0.619906 0.608492 0.000000 0.609025 0.528881 0.644765 0.588448 0.526240 0.624144
6 0.667028 0.581798 0.606924 0.615689 0.587726 0.000000 0.620029 0.592124 0.605929 0.570453 0.592793
7 0.642185 0.574576 0.579517 0.570349 0.507220 0.610991 0.000000 0.595737 0.558611 0.490295 0.581622
8 0.657514 0.616829 0.510278 0.635121 0.652708 0.590318 0.632587 0.000000 0.618136 0.619339 0.637838
9 0.670405 0.595161 0.617021 0.593019 0.589892 0.624006 0.591896 0.622110 0.000000 0.577642 0.597838
10 0.659957 0.561107 0.606758 0.576923 0.556794 0.599928 0.534148 0.622933 0.581596 0.000000 0.556794
11 0.680721 0.525405 0.623784 0.597337 0.624865 0.594955 0.624505 0.644324 0.601802 0.558591 0.000000
