11
1 0.000000 0.470899 0.492063 0.473545 0.462963 0.531746 0.523810 0.513228 0.505291 0.435356 0.489418
2 0.486772 0.000000 0.380952 0.404762 0.436508 0.428571 0.476190 0.460317 0.526455 0.424802 0.452381
3 0.486772 0.380952 0.000000 0.461538 0.415344 0.440318 0.466844 0.432361 0.497355 0.377309 0.441799
4 0.484127 0.404762 0.461538 0.000000 0.402116 0.419098 0.453581 0.474801 0.444444 0.335092 0.415344
5 0.470899 0.439153 0.417989 0.404762 0.000000 0.457672 0.492063 0.373016 0.470899 0.353562 0.431217
6 0.531746 0.431217 0.440318 0.419098 0.457672 0.000000 0.472149 0.461538 0.510582 0.372032 0.452381
7 0.523810 0.476190 0.466844 0.453581 0.489418 0.469496 0.000000 0.482759 0.494709 0.448549 0.423280
8 0.518519 0.460317 0.432361 0.474801 0.370370 0.458886 0.482759 0.000000 0.529101 0.419525 0.444444
9 0.505291 0.529101 0.494709 0.441799 0.470899 0.507937 0.497355 0.531746 0.000000 0.440633 0.494709
10 0.440633 0.424802 0.377309 0.337731 0.353562 0.372032 0.448549 0.422164 0.445910 0.000000 0.435356
11 0.497355 0.455026 0.444444 0.417989 0.431217 0.455026 0.425926 0.447090 0.502645 0.440633 0.000000
