11
1 0.000000 0.612822 0.592382 0.600828 0.593299 0.615178 0.582512 0.602536 0.610015 0.607423 0.590994
2 0.612724 0.000000 0.497105 0.501944 0.493906 0.514803 0.478886 0.495857 0.493512 0.364591 0.484842
3 0.592186 0.497557 0.000000 0.490551 0.487489 0.506798 0.401907 0.489766 0.501325 0.490433 0.488844
4 0.600652 0.502121 0.490531 0.000000 0.464818 0.483588 0.473019 0.459319 0.501482 0.493278 0.456850
5 0.593770 0.494161 0.487431 0.465034 0.000000 0.419765 0.472313 0.344874 0.494396 0.496261 0.356356
6 0.616434 0.516098 0.507877 0.485040 0.420903 0.000000 0.491142 0.438933 0.519335 0.512900 0.432832
7 0.583376 0.479357 0.401986 0.473294 0.472587 0.490455 0.000000 0.477120 0.485107 0.481025 0.476610
8 0.602124 0.495661 0.488726 0.458377 0.343520 0.436815 0.475943 0.000000 0.495514 0.495731 0.351935
9 0.609701 0.493610 0.500893 0.500991 0.494436 0.518060 0.484322 0.496673 0.000000 0.496830 0.496947
10 0.607952 0.364375 0.489903 0.493003 0.496340 0.511330 0.480515 0.496399 0.496987 0.000000 0.484741
11 0.590915 0.484646 0.488255 0.456438 0.356062 0.431380 0.475727 0.352367 0.496555 0.484113 0.000000
