11
1 0.000000 0.789430 0.823644 0.790980 0.864256 0.824672 0.786489 0.817644 0.791774 0.827353 0.817181
2 0.789191 0.000000 0.792513 0.624846 0.849348 0.773500 0.643763 0.844103 0.735803 0.843247 0.841737
3 0.823406 0.792235 0.000000 0.819190 0.886783 0.834803 0.803227 0.864847 0.808697 0.878452 0.871379
4 0.791099 0.625045 0.819508 0.000000 0.863098 0.782082 0.577560 0.845970 0.747605 0.844678 0.842452
5 0.864097 0.849905 0.886942 0.863178 0.000000 0.879301 0.855548 0.903513 0.868383 0.903723 0.898478
6 0.824712 0.773460 0.835161 0.782082 0.879261 0.000000 0.775089 0.863369 0.701510 0.872070 0.875805
7 0.786569 0.643763 0.802869 0.577640 0.855349 0.775010 0.000000 0.850103 0.749970 0.850717 0.845115
8 0.817405 0.844103 0.865085 0.846249 0.903314 0.863369 0.849984 0.000000 0.842950 0.704971 0.637382
9 0.791615 0.735763 0.808617 0.747526 0.867946 0.701351 0.749891 0.843189 0.000000 0.847817 0.855922
10 0.827075 0.842969 0.878651 0.844479 0.903365 0.871792 0.850479 0.704971 0.847817 0.000000 0.709540
11 0.817221 0.841856 0.871737 0.842651 0.898677 0.875646 0.845154 0.637541 0.855922 0.709938 0.000000
