11
1 0.000000 0.585555 0.580015 0.602404 0.583543 0.583282 0.574328 0.592404 0.563070 0.579671 0.588653
2 0.586405 0.000000 0.528564 0.577788 0.527359 0.477480 0.542181 0.576292 0.541132 0.482119 0.565071
3 0.581946 0.529569 0.000000 0.579899 0.494109 0.535478 0.508027 0.579165 0.547003 0.528733 0.572829
4 0.602134 0.577324 0.578392 0.000000 0.580463 0.587029 0.578535 0.500367 0.562336 0.583765 0.521536
5 0.583852 0.526895 0.492796 0.580811 0.000000 0.535808 0.508529 0.578339 0.544879 0.542365 0.572868
6 0.584132 0.477943 0.534397 0.587917 0.536001 0.000000 0.537241 0.576676 0.546926 0.432726 0.572443
7 0.576104 0.543493 0.508413 0.580580 0.509764 0.537319 0.000000 0.578188 0.555689 0.545655 0.575293
8 0.593254 0.576098 0.579706 0.501217 0.579460 0.576406 0.577339 0.000000 0.560134 0.577740 0.506600
9 0.563301 0.541171 0.546385 0.563919 0.545304 0.546655 0.554299 0.559748 0.000000 0.544180 0.558973
10 0.581100 0.483124 0.528848 0.585387 0.543215 0.433344 0.545153 0.579594 0.544450 0.000000 0.573833
11 0.591277 0.566654 0.573061 0.522848 0.575608 0.573331 0.575679 0.507951 0.560479 0.574643 0.000000
