11
1 0.000000 0.083127 0.077922 0.086500 0.082506 0.083256 0.080396 0.084777 0.083617 0.080930 0.081658
2 0.084677 0.000000 0.074830 0.076614 0.077854 0.080780 0.079468 0.073948 0.077114 0.077519 0.075472
3 0.084416 0.076994 0.000000 0.071980 0.073902 0.073902 0.071429 0.064935 0.071119 0.055968 0.070501
4 0.093605 0.081866 0.073525 0.000000 0.076614 0.072598 0.077541 0.073216 0.079086 0.075996 0.073525
5 0.085608 0.077854 0.070501 0.071362 0.000000 0.067162 0.075448 0.073639 0.076494 0.071628 0.073925
6 0.089446 0.082327 0.073284 0.070436 0.069947 0.000000 0.075448 0.070545 0.075518 0.073661 0.073925
7 0.087508 0.084106 0.070810 0.075687 0.079159 0.075758 0.000000 0.076067 0.064317 0.076376 0.068955
8 0.089418 0.074876 0.063080 0.071053 0.075186 0.069926 0.075758 0.000000 0.074567 0.062191 0.073307
9 0.086714 0.078352 0.067718 0.075996 0.076494 0.074280 0.060915 0.072710 0.000000 0.073707 0.068976
10 0.082791 0.076279 0.051948 0.071053 0.071008 0.071804 0.072975 0.059406 0.071229 0.000000 0.073616
11 0.086607 0.078565 0.071119 0.073216 0.076090 0.074853 0.068027 0.074544 0.071141 0.077946 0.000000
