11
1 0.000000 0.026823 0.029553 0.026823 0.033058 0.029574 0.024072 0.029574 0.026823 0.026804 0.026117
2 0.028198 0.000000 0.028866 0.033012 0.035076 0.024072 0.024072 0.035763 0.038514 0.033677 0.032990
3 0.031615 0.028866 0.000000 0.030241 0.037113 0.032990 0.021306 0.032302 0.035739 0.039863 0.029553
4 0.027510 0.032325 0.029553 0.000000 0.022008 0.029574 0.017194 0.023384 0.020633 0.027491 0.020619
5 0.033058 0.033700 0.035739 0.020633 0.000000 0.029574 0.024072 0.035763 0.033012 0.034364 0.032990
6 0.030949 0.023384 0.032302 0.029574 0.030949 0.000000 0.020633 0.032325 0.035763 0.036426 0.024055
7 0.024759 0.023384 0.020619 0.017194 0.024759 0.020633 0.000000 0.020633 0.023384 0.030241 0.017182
8 0.030949 0.035076 0.031615 0.023384 0.036451 0.032325 0.020633 0.000000 0.029574 0.037801 0.017182
9 0.027510 0.038514 0.035052 0.020633 0.033700 0.035076 0.023384 0.029574 0.000000 0.027491 0.026117
10 0.027491 0.032990 0.039175 0.027491 0.035739 0.036426 0.030241 0.037801 0.027491 0.000000 0.031615
11 0.027491 0.032990 0.029553 0.021306 0.034364 0.024055 0.017869 0.017869 0.026804 0.032302 0.000000
