11
1 0.000000 0.924063 0.921182 0.921221 0.928884 0.930138 0.916459 0.922299 0.924435 0.919889 0.928550
2 0.925278 0.000000 0.680452 0.867750 0.875983 0.886508 0.859755 0.883059 0.832546 0.878178 0.887292
3 0.921731 0.680824 0.000000 0.864960 0.871114 0.883442 0.860363 0.869076 0.830171 0.869331 0.877700
4 0.920692 0.866829 0.863765 0.000000 0.866728 0.865807 0.859089 0.859730 0.871511 0.819410 0.867355
5 0.928178 0.874434 0.869703 0.866199 0.000000 0.857104 0.841392 0.843375 0.886233 0.876069 0.805525
6 0.928864 0.884215 0.880561 0.865121 0.856300 0.000000 0.848604 0.823684 0.886292 0.884978 0.856011
7 0.916087 0.858912 0.859245 0.859520 0.842077 0.850328 0.000000 0.835630 0.869966 0.861872 0.847683
8 0.920810 0.880922 0.866959 0.857437 0.842139 0.823390 0.834023 0.000000 0.874821 0.869284 0.838562
9 0.924318 0.831213 0.829642 0.871334 0.886762 0.887919 0.870122 0.876409 0.000000 0.864684 0.877755
10 0.919320 0.877257 0.866979 0.819312 0.876559 0.885449 0.861186 0.870167 0.865115 0.000000 0.874990
11 0.928864 0.886391 0.876093 0.866120 0.805819 0.857266 0.846938 0.839209 0.878088 0.875970 0.000000
