11
1 0.000000 0.374140 0.376204 0.389271 0.358763 0.377579 0.392710 0.405777 0.390646 0.390797 0.364512
2 0.373453 0.000000 0.243634 0.279917 0.324399 0.279422 0.266162 0.329436 0.321871 0.284341 0.281293
3 0.376204 0.243634 0.000000 0.293673 0.293471 0.271851 0.221458 0.312930 0.322558 0.288462 0.259972
4 0.388583 0.279917 0.291609 0.000000 0.319588 0.230399 0.306740 0.334250 0.332875 0.236264 0.294360
5 0.360137 0.325773 0.294845 0.318900 0.000000 0.314089 0.304467 0.334021 0.322337 0.309753 0.298282
6 0.376204 0.278045 0.271851 0.229711 0.313402 0.000000 0.290234 0.339065 0.344567 0.217720 0.268913
7 0.392710 0.266162 0.221458 0.307428 0.305155 0.291609 0.000000 0.323934 0.344567 0.315247 0.293673
8 0.405777 0.330124 0.313618 0.333563 0.334021 0.339752 0.324622 0.000000 0.325997 0.354396 0.314993
9 0.390646 0.321871 0.322558 0.333563 0.321649 0.345942 0.343879 0.325309 0.000000 0.350962 0.302613
10 0.390797 0.285714 0.291209 0.236951 0.311813 0.218407 0.315934 0.356456 0.351648 0.000000 0.267857
11 0.363136 0.282669 0.262036 0.295048 0.298969 0.269601 0.293673 0.314305 0.302613 0.267170 0.000000
