11
1 0.000000 0.381818 0.359091 0.415909 0.411364 0.361364 0.361364 0.402273 0.379545 0.395455 0.352273
2 0.379545 0.000000 0.273349 0.284738 0.321185 0.234624 0.286364 0.307517 0.295455 0.338636 0.261364
3 0.363636 0.277904 0.000000 0.316629 0.298405 0.239180 0.286364 0.271071 0.243182 0.336364 0.293182
4 0.413636 0.284738 0.318907 0.000000 0.330296 0.284738 0.290909 0.357631 0.304545 0.361364 0.245455
5 0.409091 0.321185 0.300683 0.330296 0.000000 0.302961 0.297727 0.314351 0.318182 0.352273 0.279545
6 0.356818 0.234624 0.239180 0.284738 0.305239 0.000000 0.247727 0.259681 0.250000 0.309091 0.256818
7 0.361364 0.288636 0.288636 0.290909 0.300000 0.247727 0.000000 0.331818 0.300000 0.334091 0.234091
8 0.400000 0.307517 0.273349 0.355353 0.314351 0.259681 0.331818 0.000000 0.300000 0.279545 0.304545
9 0.377273 0.295455 0.243182 0.304545 0.318182 0.250000 0.300000 0.300000 0.000000 0.315909 0.281818
10 0.393182 0.336364 0.338636 0.361364 0.356818 0.309091 0.336364 0.279545 0.315909 0.000000 0.329545
11 0.352273 0.263636 0.293182 0.245455 0.281818 0.256818 0.234091 0.304545 0.281818 0.327273 0.000000
