11
1 0.000000 0.158304 0.181241 0.189740 0.194915 0.315271 0.208333 0.179126 0.198020 0.278169 0.397463
2 0.161131 0.000000 0.103667 0.142656 0.123588 0.277973 0.149718 0.136812 0.183039 0.227465 0.373502
3 0.187588 0.106488 0.000000 0.159522 0.147391 0.285011 0.167842 0.154443 0.177715 0.221831 0.369979
4 0.181307 0.137737 0.145467 0.000000 0.151089 0.268447 0.161630 0.129304 0.158117 0.212228 0.344343
5 0.198446 0.123588 0.146685 0.159522 0.000000 0.281492 0.184322 0.136107 0.178672 0.232394 0.377731
6 0.327234 0.287122 0.291344 0.303584 0.289937 0.000000 0.321604 0.299789 0.329346 0.346235 0.473610
7 0.213277 0.151836 0.167137 0.168658 0.185028 0.314567 0.000000 0.157969 0.176554 0.254930 0.387597
8 0.167842 0.136812 0.143865 0.128602 0.131876 0.263899 0.148096 0.000000 0.163611 0.209859 0.341085
9 0.181047 0.161837 0.154443 0.148278 0.156073 0.285011 0.159605 0.156559 0.000000 0.247183 0.347428
10 0.290141 0.235915 0.242254 0.240337 0.239437 0.344828 0.259155 0.238732 0.292254 0.000000 0.438028
11 0.405215 0.379845 0.374912 0.378074 0.381959 0.469388 0.389006 0.371388 0.391120 0.433099 0.000000
