11
1 0.000000 0.115539 0.108434 0.105344 0.100555 0.102255 0.107816 0.101946 0.109361 0.104841 0.118628
2 0.112759 0.000000 0.093441 0.093296 0.084207 0.084882 0.096814 0.088208 0.093383 0.091890 0.103160
3 0.108434 0.094988 0.000000 0.081557 0.085750 0.081374 0.085988 0.086324 0.089672 0.075547 0.104579
4 0.104727 0.096077 0.082175 0.000000 0.081123 0.083102 0.090207 0.086809 0.085882 0.075547 0.100711
5 0.101172 0.086675 0.086058 0.082048 0.000000 0.070327 0.075262 0.062307 0.078964 0.081406 0.092535
6 0.098857 0.084572 0.077970 0.079395 0.065392 0.000000 0.073925 0.062519 0.079777 0.074931 0.083953
7 0.107198 0.097123 0.085679 0.088044 0.072795 0.076400 0.000000 0.077018 0.088126 0.084798 0.093721
8 0.099784 0.088208 0.083540 0.082484 0.059840 0.064686 0.076400 0.000000 0.082560 0.082640 0.090065
9 0.107507 0.093074 0.088435 0.084646 0.078655 0.081323 0.089363 0.084725 0.000000 0.082640 0.094620
10 0.106691 0.095899 0.077089 0.077089 0.082948 0.078939 0.086957 0.085723 0.085106 0.000000 0.100216
11 0.114303 0.101611 0.099938 0.095459 0.086983 0.082714 0.089391 0.087589 0.090909 0.094974 0.000000
