11
1 0.000000 0.686007 0.682190 0.704721 0.691268 0.694130 0.711362 0.688906 0.699011 0.687791 0.694301
2 0.686166 0.000000 0.593777 0.631209 0.665262 0.621746 0.625720 0.679647 0.671792 0.624657 0.601836
3 0.682151 0.593618 0.000000 0.602281 0.635898 0.605579 0.625844 0.650640 0.657329 0.600501 0.590916
4 0.704721 0.631010 0.602400 0.000000 0.681078 0.546452 0.651236 0.681237 0.676719 0.510231 0.639077
5 0.691229 0.664786 0.635540 0.680958 0.000000 0.665488 0.689783 0.568545 0.681448 0.664150 0.649948
6 0.694209 0.621389 0.605658 0.546372 0.665726 0.000000 0.646823 0.671899 0.661660 0.537963 0.620062
7 0.711282 0.625720 0.625964 0.651236 0.690021 0.647061 0.000000 0.697012 0.682878 0.636815 0.624250
8 0.689263 0.679528 0.650640 0.681078 0.568585 0.671819 0.697052 0.000000 0.682799 0.672097 0.664865
9 0.699289 0.672071 0.657687 0.676839 0.681607 0.662018 0.683077 0.682958 0.000000 0.673606 0.669448
10 0.687791 0.624538 0.600660 0.510191 0.664389 0.538003 0.636934 0.672176 0.673447 0.000000 0.621638
11 0.694500 0.601876 0.591314 0.639315 0.650068 0.620261 0.624250 0.664905 0.669528 0.621836 0.000000
