11
1 0.000000 0.751414 0.768572 0.798374 0.774344 0.744974 0.778074 0.781412 0.783336 0.811725 0.766295
2 0.748037 0.000000 0.738502 0.774959 0.735035 0.724451 0.746708 0.746819 0.744388 0.793156 0.734928
3 0.768062 0.738934 0.000000 0.786309 0.627509 0.758729 0.766859 0.759739 0.755116 0.805232 0.604925
4 0.798257 0.777119 0.787605 0.000000 0.785249 0.785956 0.805828 0.807414 0.801155 0.795460 0.785838
5 0.773795 0.737785 0.627901 0.785249 0.000000 0.743637 0.767714 0.764766 0.758955 0.800550 0.626920
6 0.743364 0.725119 0.759397 0.784385 0.743637 0.000000 0.773251 0.770303 0.775294 0.788874 0.753977
7 0.776072 0.747691 0.765799 0.803511 0.767439 0.771757 0.000000 0.688069 0.693723 0.813035 0.770237
8 0.779881 0.748508 0.760211 0.807257 0.764884 0.770303 0.688933 0.000000 0.627710 0.810478 0.760760
9 0.780352 0.744192 0.753073 0.798523 0.756991 0.774311 0.693251 0.626257 0.000000 0.809696 0.759672
10 0.809604 0.793981 0.804171 0.793103 0.800000 0.788953 0.812878 0.808907 0.808871 0.000000 0.810298
11 0.765156 0.736931 0.605397 0.785641 0.627195 0.753662 0.770983 0.761467 0.761478 0.811241 0.000000
