11
1 0.000000 0.347091 0.349346 0.341270 0.347404 0.353987 0.350640 0.364639 0.356673 0.350414 0.357750
2 0.348121 0.000000 0.313632 0.310862 0.314769 0.306777 0.319244 0.304078 0.329580 0.274739 0.286069
3 0.348174 0.313952 0.000000 0.312571 0.278283 0.320210 0.312287 0.331225 0.284821 0.309089 0.319215
4 0.342514 0.315728 0.314561 0.000000 0.306123 0.276733 0.312200 0.322648 0.318739 0.296350 0.317922
5 0.344844 0.310720 0.274908 0.305306 0.000000 0.313675 0.301693 0.310124 0.289319 0.294086 0.300324
6 0.349757 0.307523 0.321667 0.269946 0.313355 0.000000 0.320714 0.327290 0.325715 0.296506 0.311187
7 0.349147 0.314733 0.316480 0.312911 0.304540 0.316341 0.000000 0.325557 0.317825 0.302976 0.315009
8 0.364176 0.304823 0.328845 0.316109 0.313573 0.326188 0.325273 0.000000 0.331615 0.291348 0.314689
9 0.357775 0.330965 0.288125 0.319450 0.292980 0.326177 0.317398 0.333784 0.000000 0.311569 0.326853
10 0.346645 0.277225 0.312855 0.295853 0.295580 0.294728 0.303972 0.290886 0.312351 0.000000 0.268961
11 0.357679 0.287703 0.320743 0.316109 0.300928 0.312253 0.317000 0.313445 0.328239 0.265050 0.000000
