11
1 0.000000 0.923688 0.919840 0.918822 0.926743 0.927096 0.915499 0.918119 0.920944 0.916921 0.927691
2 0.925387 0.000000 0.692458 0.873060 0.880367 0.888224 0.865276 0.882990 0.839481 0.879820 0.890026
3 0.921559 0.692419 0.000000 0.870257 0.875509 0.884333 0.864980 0.871228 0.836284 0.870905 0.880709
4 0.921941 0.874600 0.871126 0.000000 0.871738 0.869803 0.864862 0.864439 0.874766 0.824987 0.871303
5 0.928244 0.880624 0.875607 0.870948 0.000000 0.862157 0.847930 0.849598 0.888244 0.877927 0.814616
6 0.929505 0.888658 0.884530 0.868638 0.861841 0.000000 0.854343 0.828876 0.887751 0.885619 0.861855
7 0.918025 0.865829 0.865651 0.864724 0.848996 0.855074 0.000000 0.839484 0.872854 0.864711 0.855153
8 0.921573 0.884174 0.871781 0.864084 0.850151 0.830100 0.840036 0.000000 0.877726 0.872759 0.844941
9 0.924417 0.840684 0.837626 0.874351 0.889014 0.889665 0.873110 0.878101 0.000000 0.867867 0.880508
10 0.921064 0.882641 0.872621 0.826604 0.880057 0.887217 0.865836 0.873666 0.868834 0.000000 0.879189
11 0.928698 0.889552 0.879761 0.869981 0.813984 0.861519 0.853594 0.843421 0.878851 0.876408 0.000000
