11
1 0.000000 0.939861 0.937389 0.928582 0.931325 0.931943 0.935033 0.934994 0.933797 0.936981 0.925338
2 0.939282 0.000000 0.792163 0.837526 0.827462 0.805279 0.837306 0.844256 0.802063 0.800209 0.791440
3 0.935496 0.792086 0.000000 0.826359 0.820657 0.791251 0.828563 0.838804 0.777181 0.725644 0.776283
4 0.928698 0.837564 0.827866 0.000000 0.772652 0.824504 0.656002 0.816777 0.816050 0.833263 0.775202
5 0.930282 0.826341 0.821043 0.772265 0.000000 0.806708 0.771239 0.808259 0.797350 0.818319 0.762170
6 0.931904 0.806940 0.793299 0.824427 0.808409 0.000000 0.829430 0.823673 0.710957 0.784299 0.772471
7 0.934376 0.837538 0.828911 0.655307 0.771161 0.827576 0.000000 0.829873 0.822464 0.827741 0.779917
8 0.933333 0.843831 0.839191 0.816700 0.807292 0.821238 0.829293 0.000000 0.824511 0.842067 0.791788
9 0.933526 0.802797 0.779074 0.815818 0.798972 0.711769 0.823661 0.825438 0.000000 0.796733 0.770033
10 0.936016 0.800556 0.727884 0.832915 0.820713 0.784647 0.828822 0.842878 0.796579 0.000000 0.784647
11 0.923909 0.791826 0.776979 0.774584 0.762905 0.771080 0.780420 0.792135 0.768835 0.783682 0.000000
