11
1 0.000000 0.222643 0.211969 0.216773 0.214872 0.225352 0.209686 0.216339 0.221794 0.220304 0.212539
2 0.231485 0.000000 0.175183 0.177228 0.175094 0.180044 0.167256 0.175991 0.173946 0.128962 0.172726
3 0.220601 0.174735 0.000000 0.174365 0.173531 0.179302 0.140933 0.176348 0.176090 0.173890 0.172687
4 0.225742 0.176008 0.175460 0.000000 0.167602 0.170204 0.165955 0.163172 0.177202 0.174635 0.160857
5 0.223576 0.175273 0.173746 0.167154 0.000000 0.147155 0.166565 0.123266 0.175121 0.175511 0.124527
6 0.234501 0.180295 0.179876 0.170473 0.147550 0.000000 0.173148 0.156411 0.184054 0.180342 0.152501
7 0.219211 0.167991 0.140897 0.166152 0.166601 0.173076 0.000000 0.168825 0.168323 0.167964 0.168395
8 0.224778 0.175040 0.175576 0.161324 0.122494 0.155156 0.168323 0.000000 0.173435 0.173429 0.124993
9 0.231049 0.174861 0.177758 0.177489 0.175821 0.182762 0.169022 0.174224 0.000000 0.174278 0.177004
10 0.228721 0.128782 0.172813 0.173702 0.175098 0.179194 0.166565 0.173698 0.173058 0.000000 0.171431
11 0.220703 0.172547 0.172615 0.160445 0.124939 0.152196 0.167390 0.125711 0.176197 0.172866 0.000000
