11
1 0.000000 0.068503 0.032538 0.044976 0.062477 0.034021 0.031510 0.051718 0.051643 0.037265 0.040116
2 0.070678 0.000000 0.062184 0.078289 0.091730 0.072023 0.065556 0.086076 0.085590 0.070550 0.078424
3 0.036153 0.063991 0.000000 0.055315 0.059588 0.030730 0.037238 0.054953 0.049476 0.033984 0.035417
4 0.045702 0.076477 0.052061 0.000000 0.065005 0.052479 0.047809 0.060759 0.057421 0.055355 0.061077
5 0.066089 0.091369 0.059949 0.072951 0.000000 0.067533 0.064283 0.057783 0.064644 0.064283 0.070423
6 0.036916 0.073109 0.030007 0.057546 0.066450 0.000000 0.043431 0.059675 0.053449 0.030753 0.035417
7 0.033321 0.065556 0.035792 0.049982 0.061755 0.042345 0.000000 0.051356 0.053810 0.042692 0.046982
8 0.053165 0.081374 0.052061 0.062568 0.054532 0.056420 0.050995 0.000000 0.059227 0.056420 0.062523
9 0.057060 0.088841 0.050921 0.064283 0.065728 0.055616 0.056699 0.061755 0.000000 0.056699 0.064283
10 0.039436 0.070912 0.032538 0.061143 0.062116 0.030029 0.043054 0.058228 0.053449 0.000000 0.039393
11 0.043368 0.079870 0.034695 0.064330 0.069339 0.035779 0.047705 0.066498 0.061755 0.040838 0.000000
