11
1 0.000000 0.357347 0.328316 0.343434 0.364329 0.348961 0.368592 0.360778 0.347818 0.345150 0.366305
2 0.357156 0.000000 0.290777 0.311285 0.306212 0.321197 0.344834 0.247808 0.308044 0.270631 0.319230
3 0.328506 0.292111 0.000000 0.297828 0.310404 0.331364 0.356517 0.322790 0.286204 0.271341 0.298399
4 0.343816 0.312238 0.297256 0.000000 0.295922 0.336066 0.328313 0.326406 0.288656 0.284544 0.243568
5 0.364520 0.306784 0.310404 0.296684 0.000000 0.351944 0.337081 0.326029 0.328697 0.314977 0.316883
6 0.348771 0.322531 0.330983 0.337019 0.353087 0.000000 0.350743 0.342165 0.346931 0.309701 0.349342
7 0.368020 0.344072 0.355755 0.327931 0.336509 0.349028 0.000000 0.338230 0.330029 0.314275 0.328950
8 0.359634 0.247236 0.320503 0.324500 0.324695 0.340831 0.337848 0.000000 0.313823 0.291786 0.353917
9 0.347627 0.308807 0.285252 0.288084 0.328125 0.346359 0.329838 0.314776 0.000000 0.276920 0.262055
10 0.344768 0.270250 0.270579 0.283972 0.314215 0.308748 0.314465 0.293692 0.277111 0.000000 0.281685
11 0.366686 0.321326 0.299162 0.243377 0.316692 0.348199 0.328950 0.354869 0.262245 0.283400 0.000000
