11
1 0.000000 0.344203 0.356988 0.338406 0.313768 0.284058 0.334058 0.301449 0.331159 0.324168 0.369565
2 0.344203 0.000000 0.310644 0.315217 0.243478 0.272464 0.303623 0.267391 0.265942 0.306802 0.313043
3 0.357712 0.310644 0.000000 0.285300 0.277335 0.272991 0.294714 0.286749 0.294714 0.252533 0.359884
4 0.338406 0.315217 0.286025 0.000000 0.275362 0.266667 0.289855 0.281884 0.267391 0.248915 0.332609
5 0.314493 0.243478 0.278059 0.275362 0.000000 0.199275 0.239130 0.161594 0.232609 0.266281 0.302899
6 0.284783 0.273188 0.273715 0.266667 0.199275 0.000000 0.244928 0.189130 0.229710 0.240232 0.278261
7 0.334783 0.304348 0.294714 0.290580 0.239130 0.245652 0.000000 0.238406 0.286232 0.271346 0.286957
8 0.302174 0.268116 0.287473 0.282609 0.161594 0.189130 0.238406 0.000000 0.256522 0.277858 0.300725
9 0.331159 0.265942 0.294714 0.267391 0.231884 0.229710 0.285507 0.256522 0.000000 0.268452 0.304348
10 0.324891 0.306802 0.251809 0.248915 0.266281 0.240232 0.270622 0.277135 0.268452 0.000000 0.321997
11 0.370290 0.313768 0.360608 0.332609 0.302899 0.278986 0.286957 0.300725 0.305072 0.322721 0.000000
