11
1 0.000000 0.554230 0.547073 0.492600 0.546339 0.524279 0.570487 0.532391 0.513706 0.522098 0.493321
2 0.555882 0.000000 0.509451 0.504842 0.502294 0.487952 0.488832 0.309598 0.286184 0.453328 0.475389
3 0.547256 0.507983 0.000000 0.525489 0.487885 0.474078 0.528195 0.523128 0.496528 0.489455 0.533211
4 0.494427 0.504477 0.536086 0.000000 0.420610 0.475173 0.514160 0.482003 0.455326 0.482185 0.476156
5 0.546522 0.505414 0.491740 0.415860 0.000000 0.479555 0.479861 0.455164 0.480446 0.550706 0.541812
6 0.526287 0.493063 0.475173 0.466594 0.485761 0.000000 0.343921 0.475904 0.488682 0.394852 0.253012
7 0.561333 0.495606 0.531490 0.503928 0.484987 0.343921 0.000000 0.467045 0.470760 0.389601 0.355901
8 0.526886 0.308497 0.521109 0.471588 0.447630 0.470792 0.451483 0.000000 0.319444 0.431506 0.475389
9 0.512244 0.280702 0.499452 0.444729 0.470577 0.488865 0.483187 0.322917 0.000000 0.459430 0.478436
10 0.511828 0.455896 0.480653 0.481454 0.543554 0.401241 0.383010 0.435907 0.447551 0.000000 0.410979
11 0.493687 0.479048 0.524245 0.460990 0.531564 0.248448 0.342726 0.470082 0.480811 0.402196 0.000000
