11
1 0.000000 0.287500 0.241486 0.254658 0.224299 0.243827 0.230530 0.260870 0.226708 0.248447 0.223602
2 0.275000 0.000000 0.226006 0.195652 0.208723 0.182099 0.205607 0.214286 0.239130 0.155280 0.229814
3 0.247678 0.244582 0.000000 0.198142 0.179567 0.197531 0.157895 0.191950 0.176471 0.170279 0.173375
4 0.260870 0.211180 0.195046 0.000000 0.180124 0.175926 0.180124 0.220497 0.186335 0.195652 0.186335
5 0.227414 0.221184 0.173375 0.173913 0.000000 0.197531 0.155763 0.118012 0.164596 0.155280 0.164596
6 0.256173 0.200617 0.200617 0.182099 0.203704 0.000000 0.179012 0.203704 0.191358 0.188272 0.219136
7 0.236760 0.214953 0.151703 0.177019 0.158879 0.179012 0.000000 0.158385 0.189441 0.130435 0.164596
8 0.263975 0.239130 0.222910 0.217391 0.127329 0.219136 0.177019 0.000000 0.192547 0.158385 0.183230
9 0.229814 0.248447 0.170279 0.186335 0.167702 0.185185 0.189441 0.180124 0.000000 0.198758 0.170807
10 0.254658 0.164596 0.160991 0.189441 0.158385 0.179012 0.130435 0.136646 0.198758 0.000000 0.173913
11 0.232919 0.236025 0.167183 0.183230 0.161491 0.209877 0.164596 0.167702 0.167702 0.173913 0.000000
