11
1 0.000000 0.120409 0.110308 0.112324 0.111251 0.114327 0.117049 0.109091 0.116519 0.113355 0.119998
2 0.120684 0.000000 0.100569 0.091116 0.102533 0.106276 0.097102 0.095111 0.103084 0.076174 0.095221
3 0.111054 0.101041 0.000000 0.098410 0.067230 0.093422 0.108018 0.083487 0.100687 0.100648 0.100758
4 0.112678 0.091391 0.098135 0.000000 0.093658 0.104705 0.096042 0.089770 0.095947 0.088171 0.089842
5 0.111722 0.102651 0.066837 0.093619 0.000000 0.095268 0.107233 0.085490 0.103829 0.100020 0.101386
6 0.115034 0.106629 0.093305 0.104941 0.095347 0.000000 0.107154 0.092598 0.104234 0.101053 0.101151
7 0.118266 0.097966 0.108371 0.096710 0.107782 0.107625 0.000000 0.102010 0.104720 0.094786 0.092822
8 0.109680 0.095543 0.083252 0.090124 0.085647 0.092637 0.101539 0.000000 0.098135 0.089063 0.096007
9 0.116991 0.103359 0.100491 0.096183 0.103711 0.104155 0.104091 0.098253 0.000000 0.101866 0.100169
10 0.113198 0.075859 0.099784 0.087542 0.099274 0.100306 0.093490 0.088278 0.100923 0.000000 0.096007
11 0.120705 0.095850 0.100719 0.090195 0.101622 0.101465 0.092705 0.096046 0.100562 0.096988 0.000000
