11
1 0.000000 0.290796 0.322141 0.291063 0.358355 0.314726 0.291524 0.312527 0.292754 0.321322 0.315038
2 0.294997 0.000000 0.336811 0.251180 0.377960 0.321626 0.264855 0.349541 0.304190 0.356801 0.355333
3 0.328030 0.337385 0.000000 0.344439 0.404047 0.359560 0.333483 0.373511 0.340706 0.385665 0.377446
4 0.296015 0.252633 0.343022 0.000000 0.381452 0.324094 0.239356 0.353446 0.306403 0.358361 0.356639
5 0.362556 0.379450 0.402180 0.381398 0.000000 0.398661 0.374455 0.405734 0.382805 0.414349 0.414564
6 0.319288 0.320585 0.360368 0.321474 0.395375 0.000000 0.320418 0.368182 0.287853 0.380842 0.374825
7 0.295777 0.264209 0.334847 0.237939 0.374168 0.321674 0.000000 0.353308 0.305468 0.363542 0.356849
8 0.317335 0.351443 0.374390 0.350934 0.406488 0.369241 0.355174 0.000000 0.352932 0.289356 0.274508
9 0.296937 0.303328 0.341873 0.304555 0.384690 0.290456 0.305504 0.352627 0.000000 0.360709 0.362566
10 0.328009 0.357984 0.382743 0.359920 0.415551 0.383567 0.363524 0.289786 0.362592 0.000000 0.300561
11 0.319704 0.352838 0.381825 0.356639 0.411476 0.374592 0.354552 0.272678 0.362710 0.297370 0.000000
