11
1 0.000000 0.695124 0.689724 0.706772 0.706003 0.701770 0.721294 0.705509 0.711314 0.695599 0.700304
2 0.695243 0.000000 0.596387 0.632205 0.670611 0.638337 0.633212 0.686830 0.676736 0.629868 0.604746
3 0.688715 0.595160 0.000000 0.611080 0.646861 0.616843 0.634980 0.662076 0.662126 0.606780 0.604074
4 0.707069 0.632442 0.612465 0.000000 0.683116 0.556687 0.661517 0.684244 0.685336 0.511116 0.645293
5 0.705885 0.670750 0.647573 0.682444 0.000000 0.672994 0.692582 0.585361 0.687531 0.665690 0.665666
6 0.701810 0.638634 0.617081 0.556094 0.673429 0.000000 0.655873 0.678954 0.671952 0.543001 0.627984
7 0.721373 0.632697 0.635376 0.661102 0.692206 0.655537 0.000000 0.706399 0.696823 0.647683 0.634504
8 0.705489 0.687404 0.662610 0.684620 0.586094 0.678796 0.707191 0.000000 0.690674 0.677193 0.678944
9 0.712540 0.677586 0.663886 0.685929 0.688223 0.673197 0.697950 0.690793 0.000000 0.678021 0.679833
10 0.695599 0.630085 0.608204 0.511334 0.665552 0.543436 0.648316 0.677213 0.677112 0.000000 0.631758
11 0.701865 0.605991 0.605813 0.646024 0.666673 0.628952 0.636046 0.679557 0.680110 0.632608 0.000000
