11
1 0.000000 0.267077 0.272000 0.274769 0.274154 0.280308 0.280923 0.276308 0.277846 0.275692 0.261538
2 0.261231 0.000000 0.211224 0.235113 0.225000 0.212084 0.222840 0.224383 0.238889 0.235802 0.212877
3 0.272615 0.217083 0.000000 0.238668 0.239901 0.184340 0.239285 0.240826 0.246377 0.238051 0.226124
4 0.271692 0.234187 0.237434 0.000000 0.234496 0.233970 0.232644 0.244986 0.248997 0.231719 0.235675
5 0.267077 0.227778 0.232809 0.233570 0.000000 0.236437 0.222291 0.222394 0.223013 0.221157 0.229205
6 0.272923 0.215166 0.183107 0.234895 0.232121 0.000000 0.236128 0.239827 0.241677 0.227805 0.219347
7 0.274462 0.223148 0.235893 0.235730 0.221365 0.234279 0.000000 0.184007 0.226304 0.206236 0.228897
8 0.260308 0.214198 0.226025 0.236964 0.211568 0.229038 0.174128 0.000000 0.222877 0.199132 0.224584
9 0.274769 0.246605 0.246994 0.245603 0.225487 0.247842 0.229083 0.235276 0.000000 0.237756 0.244301
10 0.263385 0.226235 0.225100 0.225548 0.213424 0.224723 0.200062 0.200372 0.231556 0.000000 0.219655
11 0.253846 0.211337 0.221503 0.234442 0.227049 0.218115 0.226433 0.228281 0.240912 0.224584 0.000000
