11
1 0.000000 0.782668 0.705437 0.727460 0.726772 0.746043 0.784732 0.777166 0.760496 0.752407 0.706529
2 0.782668 0.000000 0.766850 0.758597 0.772352 0.773728 0.806740 0.795048 0.794360 0.788858 0.757388
3 0.707502 0.764787 0.000000 0.692361 0.666896 0.715760 0.772352 0.752407 0.735031 0.716644 0.687972
4 0.728149 0.758597 0.695802 0.000000 0.632484 0.713008 0.770977 0.741403 0.743978 0.713893 0.568385
5 0.724707 0.770289 0.664831 0.627667 0.000000 0.698347 0.765475 0.739340 0.738981 0.707015 0.619244
6 0.744666 0.772352 0.717137 0.713008 0.699724 0.000000 0.775791 0.764787 0.742424 0.740027 0.700344
7 0.779917 0.805364 0.773040 0.770977 0.768226 0.778542 0.000000 0.804677 0.802613 0.782668 0.761512
8 0.781293 0.797111 0.756534 0.742779 0.741403 0.766162 0.802613 0.000000 0.791609 0.759973 0.737457
9 0.759807 0.795048 0.734343 0.741225 0.743802 0.739669 0.802613 0.788858 0.000000 0.759973 0.729897
10 0.749656 0.790922 0.715956 0.712517 0.710454 0.738652 0.781293 0.754470 0.761348 0.000000 0.692096
11 0.710653 0.762887 0.692784 0.565636 0.624742 0.703093 0.763574 0.738144 0.734708 0.696907 0.000000
