11
1 0.000000 0.793205 0.801383 0.786943 0.787538 0.797610 0.806099 0.807763 0.808059 0.796783 0.803457
2 0.793501 0.000000 0.749412 0.742206 0.733298 0.750598 0.753126 0.728853 0.761623 0.687753 0.686059
3 0.801442 0.749531 0.000000 0.748251 0.678485 0.754744 0.739892 0.764300 0.699559 0.745228 0.756739
4 0.786588 0.742245 0.748805 0.000000 0.732686 0.671138 0.738134 0.753033 0.756273 0.740491 0.748232
5 0.789807 0.736731 0.680557 0.735389 0.000000 0.749319 0.736869 0.748569 0.709601 0.733594 0.733436
6 0.796662 0.750400 0.754448 0.670882 0.746616 0.000000 0.754173 0.763964 0.765160 0.739998 0.752905
7 0.805605 0.753659 0.740504 0.738964 0.734699 0.754192 0.000000 0.763080 0.759900 0.748880 0.755693
8 0.807862 0.729762 0.765466 0.753625 0.746577 0.764774 0.762843 0.000000 0.770998 0.720912 0.732983
9 0.807822 0.761762 0.699796 0.756846 0.707904 0.765970 0.760039 0.771433 0.000000 0.758946 0.763678
10 0.796980 0.688523 0.746393 0.741261 0.732193 0.741005 0.749433 0.721780 0.759183 0.000000 0.682740
11 0.803062 0.685426 0.756778 0.748153 0.730989 0.752786 0.755575 0.732173 0.762947 0.681674 0.000000
