11
1 0.000000 0.858074 0.848660 0.846488 0.865315 0.864591 0.867487 0.850109 0.854453 0.846488 0.856626
2 0.860246 0.000000 0.837799 0.828385 0.840695 0.852899 0.860246 0.815809 0.831884 0.832730 0.801593
3 0.848660 0.834902 0.000000 0.806662 0.847212 0.847212 0.853729 0.807386 0.819696 0.834902 0.843592
4 0.843592 0.824765 0.811007 0.000000 0.832730 0.850833 0.845764 0.819696 0.821144 0.832730 0.837799
5 0.867487 0.845040 0.845764 0.835626 0.000000 0.850833 0.866039 0.820420 0.834178 0.795800 0.826937
6 0.864591 0.850725 0.843592 0.849384 0.848660 0.000000 0.853005 0.826087 0.831884 0.842867 0.840695
7 0.869660 0.862419 0.860970 0.848660 0.868211 0.858798 0.000000 0.843592 0.837799 0.854453 0.865315
8 0.850109 0.813633 0.811007 0.820420 0.816075 0.821739 0.839247 0.000000 0.818841 0.803041 0.805214
9 0.858798 0.832609 0.818972 0.824765 0.837075 0.826087 0.834902 0.821014 0.000000 0.827661 0.825489
10 0.845040 0.829109 0.831282 0.832006 0.792904 0.839971 0.853729 0.804489 0.829833 0.000000 0.820420
11 0.863143 0.803041 0.849384 0.836350 0.829833 0.839247 0.861694 0.809558 0.827661 0.823316 0.000000
