11
1 0.000000 0.757542 0.758468 0.745214 0.742090 0.735467 0.744665 0.737113 0.732057 0.754877 0.731151
2 0.755703 0.000000 0.612583 0.682487 0.690213 0.696468 0.672921 0.707138 0.679176 0.642752 0.684811
3 0.756627 0.611479 0.000000 0.700295 0.694996 0.713392 0.693893 0.711340 0.676481 0.621642 0.677455
4 0.745582 0.682855 0.700663 0.000000 0.594555 0.569904 0.645695 0.584315 0.643357 0.675745 0.591394
5 0.743929 0.689478 0.696100 0.596394 0.000000 0.621045 0.660412 0.597866 0.638705 0.693893 0.527032
6 0.735835 0.693893 0.712288 0.571008 0.621045 0.000000 0.667403 0.597130 0.644960 0.701251 0.601324
7 0.744297 0.674025 0.695364 0.645695 0.659308 0.665931 0.000000 0.645695 0.610743 0.694628 0.660905
8 0.736745 0.707506 0.710604 0.584315 0.597498 0.595659 0.644960 0.000000 0.656607 0.695620 0.601324
9 0.731321 0.679544 0.679426 0.643357 0.639073 0.644592 0.613319 0.659183 0.000000 0.660287 0.638838
10 0.754877 0.643120 0.626058 0.678690 0.694628 0.701987 0.693525 0.696356 0.659919 0.000000 0.674145
11 0.731151 0.686650 0.681868 0.593601 0.528503 0.601692 0.660169 0.602795 0.638838 0.675984 0.000000
