11
1 0.000000 0.781415 0.760620 0.770206 0.758030 0.767578 0.759692 0.780140 0.777859 0.775695 0.779831
2 0.780063 0.000000 0.713816 0.726984 0.701068 0.703195 0.696542 0.738357 0.741011 0.730775 0.649544
3 0.760697 0.714396 0.000000 0.714667 0.698968 0.709292 0.692046 0.686826 0.661834 0.669928 0.711767
4 0.769742 0.726791 0.713932 0.000000 0.616396 0.655318 0.686978 0.727195 0.726823 0.717453 0.716369
5 0.755634 0.699366 0.696763 0.614849 0.000000 0.646104 0.668253 0.718801 0.708188 0.706914 0.695748
6 0.764331 0.701764 0.707204 0.653848 0.646298 0.000000 0.671928 0.710600 0.720521 0.704088 0.698574
7 0.759692 0.698012 0.691698 0.687016 0.670729 0.673437 0.000000 0.711721 0.706951 0.695992 0.682297
8 0.780990 0.738937 0.687444 0.727079 0.721547 0.713424 0.711954 0.000000 0.699992 0.620039 0.744410
9 0.777743 0.742596 0.662878 0.727519 0.710547 0.723073 0.708652 0.701307 0.000000 0.701191 0.743911
10 0.775038 0.729576 0.669425 0.715866 0.706449 0.705017 0.695296 0.618801 0.700379 0.000000 0.725573
11 0.776429 0.648886 0.710375 0.716176 0.695709 0.698652 0.681252 0.742979 0.741514 0.724528 0.000000
