11
1 0.000000 0.842609 0.883085 0.833403 0.885734 0.882766 0.889980 0.850887 0.850984 0.885019 0.840389
2 0.842609 0.000000 0.799916 0.758597 0.837850 0.836954 0.841713 0.790577 0.787650 0.803083 0.711026
3 0.883025 0.799916 0.000000 0.822052 0.876725 0.880255 0.882174 0.843101 0.843609 0.812175 0.788362
4 0.833463 0.758577 0.821893 0.000000 0.825856 0.823625 0.822872 0.756596 0.765080 0.832766 0.759185
5 0.885734 0.837691 0.876805 0.825916 0.000000 0.755013 0.881855 0.835374 0.836639 0.881435 0.831803
6 0.882707 0.836914 0.880215 0.823606 0.754974 0.000000 0.881935 0.842743 0.839132 0.884939 0.830728
7 0.890079 0.841753 0.882233 0.822952 0.881835 0.882214 0.000000 0.849257 0.845912 0.886256 0.840336
8 0.850987 0.790557 0.843121 0.756576 0.835295 0.842962 0.849118 0.000000 0.700201 0.856562 0.784037
9 0.850805 0.787471 0.843510 0.765099 0.836599 0.839032 0.845932 0.700042 0.000000 0.855149 0.783407
10 0.885178 0.803202 0.812175 0.832865 0.881554 0.884939 0.886216 0.856622 0.855228 0.000000 0.785591
11 0.840111 0.710827 0.788103 0.758946 0.831564 0.830509 0.839978 0.783699 0.783367 0.785411 0.000000
