11
1 0.000000 0.786198 0.776516 0.774754 0.767535 0.772609 0.773029 0.771464 0.765403 0.778818 0.764149
2 0.786138 0.000000 0.590991 0.712673 0.696240 0.721287 0.701992 0.707733 0.707396 0.647438 0.701697
3 0.776536 0.591110 0.000000 0.705744 0.693352 0.713805 0.700522 0.701995 0.700287 0.634436 0.692177
4 0.774893 0.712852 0.705824 0.000000 0.588552 0.554823 0.647705 0.577203 0.659393 0.695311 0.586660
5 0.767415 0.696360 0.693412 0.588631 0.000000 0.589636 0.636197 0.580754 0.637660 0.691444 0.496993
6 0.772668 0.721566 0.714004 0.554883 0.589796 0.000000 0.649175 0.572660 0.660918 0.716413 0.590811
7 0.772989 0.702051 0.700303 0.647606 0.636257 0.648995 0.000000 0.641712 0.617607 0.695864 0.634942
8 0.771624 0.708092 0.702015 0.577143 0.580874 0.572641 0.641712 0.000000 0.652993 0.698752 0.582109
9 0.765423 0.707615 0.700108 0.659353 0.637660 0.660779 0.617548 0.652913 0.000000 0.694809 0.632940
10 0.778798 0.647598 0.634635 0.695351 0.691543 0.716334 0.696024 0.698791 0.694829 0.000000 0.697019
11 0.764189 0.701896 0.692277 0.586740 0.497092 0.590732 0.635102 0.582188 0.633080 0.696920 0.000000
