11
1 0.000000 0.642613 0.658944 0.640198 0.659453 0.664768 0.679331 0.627280 0.629700 0.664009 0.647796
2 0.642993 0.000000 0.605013 0.574630 0.562263 0.575171 0.578048 0.431447 0.407140 0.563781 0.573870
3 0.660463 0.605013 0.000000 0.561337 0.547836 0.588838 0.586024 0.590961 0.584504 0.583903 0.584884
4 0.640577 0.574250 0.561337 0.000000 0.471147 0.539863 0.549392 0.556991 0.539309 0.577069 0.545213
5 0.659833 0.561883 0.547836 0.471147 0.000000 0.578588 0.564161 0.547456 0.565680 0.582384 0.584662
6 0.667046 0.574412 0.588838 0.538345 0.577828 0.000000 0.506074 0.584662 0.567578 0.496583 0.392938
7 0.680471 0.577288 0.585264 0.548632 0.563022 0.504556 0.000000 0.580167 0.549943 0.456340 0.479483
8 0.627660 0.431447 0.589822 0.556611 0.547077 0.583903 0.580547 0.000000 0.427649 0.563781 0.562690
9 0.630460 0.407140 0.585264 0.539689 0.566059 0.567578 0.550323 0.428409 0.000000 0.551633 0.556020
10 0.665907 0.564161 0.583523 0.577828 0.582384 0.496203 0.456720 0.564541 0.552012 0.000000 0.506454
11 0.649316 0.573490 0.584125 0.544833 0.584282 0.392559 0.480243 0.562310 0.555260 0.506454 0.000000
