11
1 0.000000 0.715625 0.603774 0.635220 0.617555 0.681115 0.726415 0.724458 0.720126 0.659443 0.606250
2 0.759375 0.000000 0.718750 0.668750 0.696875 0.730650 0.775000 0.708978 0.743750 0.758514 0.700000
3 0.600629 0.681250 0.000000 0.575472 0.573668 0.603715 0.704403 0.678019 0.701258 0.643963 0.562500
4 0.679245 0.662500 0.613208 0.000000 0.573668 0.634675 0.735849 0.659443 0.710692 0.634675 0.481250
5 0.614420 0.653125 0.570533 0.532915 0.000000 0.585139 0.699060 0.637771 0.648903 0.609907 0.471875
6 0.687307 0.721362 0.656347 0.650155 0.653251 0.000000 0.752322 0.730650 0.690402 0.690402 0.603715
7 0.720126 0.759375 0.694969 0.698113 0.721003 0.752322 0.000000 0.764706 0.737342 0.743034 0.696875
8 0.715170 0.681115 0.668731 0.637771 0.616099 0.693498 0.755418 0.000000 0.727554 0.668731 0.613003
9 0.688679 0.684375 0.679245 0.650943 0.626959 0.628483 0.734177 0.699690 0.000000 0.693498 0.612500
10 0.665635 0.715170 0.696594 0.603715 0.616099 0.656347 0.724458 0.671827 0.715170 0.000000 0.594427
11 0.634375 0.690625 0.562500 0.453125 0.475000 0.557276 0.734375 0.606811 0.643750 0.575851 0.000000
