11
1 0.000000 0.608863 0.611965 0.625434 0.613570 0.599671 0.601938 0.614723 0.611659 0.603247 0.596119
2 0.615089 0.000000 0.572082 0.573543 0.524872 0.576423 0.539770 0.597023 0.587902 0.553995 0.547602
3 0.617270 0.582876 0.000000 0.575370 0.558705 0.558910 0.583288 0.570801 0.525950 0.565305 0.537505
4 0.632012 0.580121 0.575735 0.000000 0.568975 0.518546 0.583775 0.551069 0.558012 0.592849 0.548328
5 0.620885 0.531273 0.548098 0.566052 0.000000 0.558888 0.507771 0.576628 0.559393 0.548705 0.520483
6 0.601135 0.582647 0.562752 0.518728 0.553585 0.000000 0.571585 0.500275 0.558480 0.558373 0.511074
7 0.610532 0.544524 0.573048 0.590170 0.507223 0.587127 0.000000 0.601390 0.549890 0.447282 0.554398
8 0.617652 0.593532 0.576839 0.543395 0.581383 0.481237 0.586213 0.000000 0.549525 0.578803 0.559502
9 0.623355 0.593019 0.526133 0.556550 0.561404 0.558297 0.545322 0.548611 0.000000 0.538672 0.538743
10 0.600328 0.547975 0.566399 0.603794 0.537395 0.562386 0.442539 0.587012 0.554177 0.000000 0.553630
11 0.599231 0.545038 0.528174 0.543578 0.509510 0.511807 0.539038 0.557122 0.526864 0.532652 0.000000
