11
1 0.000000 0.059625 0.057922 0.061224 0.068143 0.064736 0.074957 0.083475 0.066440 0.066327 0.069610
2 0.057922 0.000000 0.059625 0.064626 0.071550 0.063032 0.069847 0.073254 0.064736 0.062925 0.059423
3 0.057922 0.059625 0.000000 0.052721 0.059727 0.059625 0.056314 0.049404 0.061433 0.032313 0.062818
4 0.062925 0.064626 0.054422 0.000000 0.064626 0.049320 0.068027 0.069728 0.056122 0.051020 0.059423
5 0.061329 0.064736 0.052901 0.056122 0.000000 0.056218 0.044521 0.076661 0.035836 0.054422 0.049236
6 0.064736 0.059625 0.057922 0.047619 0.061329 0.000000 0.063032 0.074957 0.054514 0.059524 0.061121
7 0.069847 0.064736 0.051195 0.061224 0.046233 0.059625 0.000000 0.064736 0.049488 0.047619 0.045840
8 0.083475 0.074957 0.049404 0.069728 0.083475 0.076661 0.071550 0.000000 0.069847 0.042517 0.074703
9 0.064736 0.063032 0.059727 0.052721 0.040956 0.056218 0.052901 0.066440 0.000000 0.057823 0.040747
10 0.066327 0.062925 0.034014 0.049320 0.061224 0.061224 0.052721 0.042517 0.059524 0.000000 0.054329
11 0.071307 0.061121 0.066214 0.061121 0.059423 0.064516 0.052632 0.074703 0.044143 0.056027 0.000000
