11
1 0.000000 0.345156 0.334223 0.344459 0.355848 0.347577 0.356993 0.373069 0.389048 0.346989 0.350238
2 0.345728 0.000000 0.236416 0.222159 0.287185 0.219489 0.258963 0.244088 0.288330 0.210366 0.255291
3 0.335367 0.237369 0.000000 0.227073 0.298761 0.248046 0.223070 0.286749 0.294185 0.251524 0.263680
4 0.346367 0.223303 0.227836 0.000000 0.298303 0.198169 0.265306 0.275033 0.292390 0.224276 0.269018
5 0.356230 0.286995 0.298189 0.298112 0.000000 0.295307 0.299943 0.337021 0.335814 0.310404 0.307912
6 0.348531 0.219298 0.247855 0.197406 0.294735 0.000000 0.277947 0.286096 0.309805 0.180259 0.262154
7 0.357184 0.258963 0.222498 0.265688 0.299752 0.277566 0.000000 0.313752 0.313108 0.288872 0.263108
8 0.374404 0.243707 0.286177 0.273889 0.336258 0.285714 0.313942 0.000000 0.276750 0.281631 0.248427
9 0.388857 0.287376 0.293994 0.291627 0.335432 0.308279 0.312154 0.275987 0.000000 0.320312 0.251668
10 0.348895 0.211128 0.252096 0.223895 0.310213 0.180640 0.290015 0.283156 0.321265 0.000000 0.279726
11 0.350810 0.254909 0.263870 0.269018 0.307912 0.262536 0.264252 0.249190 0.252622 0.279154 0.000000
