11
1 0.000000 0.126984 0.164456 0.151194 0.166667 0.273210 0.151194 0.182540 0.140584 0.166227 0.277778
2 0.126984 0.000000 0.134921 0.153439 0.084656 0.267196 0.137566 0.142857 0.164021 0.145119 0.272487
3 0.164456 0.134921 0.000000 0.156499 0.108466 0.270557 0.159151 0.124339 0.167109 0.134565 0.296296
4 0.151194 0.153439 0.156499 0.000000 0.137566 0.312997 0.122016 0.116402 0.114058 0.163588 0.264550
5 0.166667 0.084656 0.108466 0.137566 0.000000 0.240741 0.161376 0.097884 0.169312 0.118734 0.298942
6 0.273210 0.267196 0.267905 0.312997 0.240741 0.000000 0.315650 0.280423 0.305040 0.245383 0.394180
7 0.151194 0.137566 0.159151 0.122016 0.161376 0.315650 0.000000 0.150794 0.135279 0.174142 0.275132
8 0.182540 0.142857 0.124339 0.116402 0.097884 0.280423 0.150794 0.000000 0.158730 0.124011 0.269841
9 0.140584 0.164021 0.167109 0.114058 0.169312 0.307692 0.135279 0.158730 0.000000 0.192612 0.291005
10 0.166227 0.145119 0.134565 0.163588 0.118734 0.248021 0.174142 0.124011 0.192612 0.000000 0.308707
11 0.277778 0.272487 0.296296 0.264550 0.298942 0.396825 0.275132 0.272487 0.293651 0.308707 0.000000
