11
1 0.000000 0.657732 0.692096 0.663918 0.665979 0.688660 0.678351 0.657045 0.654296 0.689347 0.663918
2 0.654983 0.000000 0.580179 0.641432 0.570544 0.627923 0.624914 0.631362 0.613214 0.645117 0.615967
3 0.689347 0.577426 0.000000 0.630420 0.621212 0.625172 0.633861 0.649931 0.630165 0.636864 0.622849
4 0.660481 0.644184 0.633173 0.000000 0.611838 0.647868 0.637990 0.610729 0.601514 0.504127 0.499656
5 0.661168 0.567791 0.619835 0.609085 0.000000 0.577029 0.591191 0.600413 0.623967 0.615543 0.606332
6 0.688660 0.630674 0.629299 0.651307 0.581155 0.000000 0.506878 0.638239 0.654058 0.643741 0.632050
7 0.674227 0.624914 0.633861 0.637990 0.592567 0.504127 0.000000 0.637552 0.631108 0.647180 0.635237
8 0.653608 0.632050 0.652682 0.610041 0.603851 0.637552 0.638239 0.000000 0.620358 0.627923 0.603164
9 0.648797 0.614591 0.629477 0.600138 0.624656 0.649243 0.633861 0.618294 0.000000 0.614168 0.611838
10 0.687285 0.644429 0.640303 0.502751 0.618294 0.641678 0.645117 0.625860 0.616919 0.000000 0.494498
11 0.658419 0.615279 0.623537 0.498279 0.608396 0.629986 0.634549 0.602476 0.610461 0.495186 0.000000
