11
1 0.000000 0.894833 0.891961 0.904840 0.902980 0.899927 0.893195 0.895216 0.898108 0.900837 0.907751
2 0.894469 0.000000 0.879774 0.893209 0.887718 0.884074 0.872085 0.889394 0.891503 0.880022 0.887427
3 0.894871 0.883776 0.000000 0.853037 0.868096 0.805384 0.869043 0.886140 0.894143 0.896144 0.875773
4 0.904658 0.895765 0.846490 0.000000 0.894259 0.864914 0.875911 0.884846 0.895514 0.882986 0.882256
5 0.905523 0.888445 0.866642 0.893532 0.000000 0.880269 0.886991 0.823583 0.791606 0.862282 0.857013
6 0.899381 0.879503 0.794653 0.864001 0.876272 0.000000 0.870991 0.891213 0.895514 0.901023 0.882858
7 0.896288 0.881742 0.872317 0.881195 0.892805 0.877369 0.000000 0.901583 0.898506 0.889759 0.893404
8 0.902492 0.896671 0.891961 0.892487 0.831759 0.902128 0.903766 0.000000 0.822267 0.869019 0.855194
9 0.897380 0.890591 0.889778 0.894602 0.790698 0.894602 0.891217 0.812079 0.000000 0.849927 0.859592
10 0.902475 0.882944 0.895780 0.883717 0.858285 0.905223 0.885751 0.864290 0.855215 0.000000 0.813733
11 0.906477 0.885965 0.877228 0.883899 0.858830 0.885965 0.889395 0.847553 0.859409 0.815559 0.000000
