11
1 0.000000 0.074830 0.074830 0.086168 0.045351 0.074830 0.056689 0.056689 0.074830 0.065611 0.068027
2 0.074830 0.000000 0.054422 0.063492 0.063492 0.054422 0.054422 0.034014 0.074830 0.076923 0.047619
3 0.074830 0.054422 0.000000 0.043084 0.043084 0.013605 0.054422 0.034014 0.074830 0.056561 0.034014
4 0.086168 0.063492 0.043084 0.000000 0.054422 0.043084 0.063492 0.043084 0.065760 0.047511 0.063492
5 0.045351 0.063492 0.043084 0.054422 0.000000 0.043084 0.043084 0.043084 0.063492 0.047511 0.063492
6 0.074830 0.054422 0.013605 0.043084 0.043084 0.000000 0.054422 0.034014 0.074830 0.056561 0.034014
7 0.056689 0.054422 0.054422 0.063492 0.043084 0.054422 0.000000 0.034014 0.056689 0.056561 0.054422
8 0.056689 0.034014 0.034014 0.043084 0.043084 0.034014 0.034014 0.000000 0.056689 0.056561 0.034014
9 0.074830 0.074830 0.074830 0.065760 0.063492 0.074830 0.054422 0.054422 0.000000 0.058824 0.074830
10 0.065611 0.076923 0.056561 0.047511 0.047511 0.056561 0.056561 0.056561 0.058824 0.000000 0.074661
11 0.068027 0.049887 0.036281 0.065760 0.065760 0.036281 0.054422 0.036281 0.077098 0.074661 0.000000
