11
1 0.000000 0.967105 0.965169 0.965481 0.954554 0.952148 0.963933 0.967200 0.950058 0.956930 0.970309
2 0.967384 0.000000 0.930307 0.859877 0.925787 0.904082 0.918578 0.952350 0.901354 0.900577 0.893907
3 0.965328 0.930247 0.000000 0.932350 0.928387 0.906565 0.924762 0.950213 0.880820 0.909737 0.941056
4 0.965700 0.859936 0.932310 0.000000 0.925758 0.903399 0.920796 0.951746 0.900494 0.904699 0.901089
5 0.954833 0.925806 0.928307 0.925618 0.000000 0.895932 0.915004 0.898196 0.883169 0.898347 0.936476
6 0.952267 0.904202 0.906745 0.903320 0.895971 0.000000 0.874963 0.932473 0.851049 0.849681 0.916084
7 0.964072 0.918439 0.924682 0.920816 0.915044 0.875062 0.000000 0.946010 0.884962 0.828037 0.933230
8 0.967220 0.952290 0.950074 0.951307 0.898076 0.932234 0.945950 0.000000 0.924390 0.934389 0.956449
9 0.950277 0.901434 0.880800 0.900554 0.883110 0.851089 0.884962 0.924629 0.000000 0.850816 0.911824
10 0.956989 0.900597 0.909737 0.904620 0.898307 0.849602 0.827977 0.934329 0.850836 0.000000 0.917264
11 0.970448 0.893748 0.941155 0.901069 0.936376 0.916184 0.933190 0.956549 0.911805 0.917244 0.000000
