11
1 0.000000 0.696061 0.689275 0.707846 0.706319 0.702595 0.722531 0.706289 0.713011 0.696696 0.702696
2 0.696180 0.000000 0.597356 0.633353 0.671207 0.639762 0.634843 0.688526 0.678715 0.631679 0.607910
3 0.689474 0.597336 0.000000 0.613043 0.647537 0.617906 0.636445 0.663228 0.664085 0.608626 0.606316
4 0.708144 0.633333 0.613023 0.000000 0.682776 0.559239 0.662226 0.685066 0.686838 0.515830 0.647172
5 0.706479 0.671307 0.647616 0.682836 0.000000 0.673817 0.692677 0.587761 0.689112 0.666408 0.667350
6 0.702456 0.639742 0.617786 0.559120 0.673717 0.000000 0.656887 0.679285 0.673478 0.546568 0.630312
7 0.722591 0.634803 0.636445 0.662186 0.692577 0.656967 0.000000 0.707703 0.698116 0.649800 0.637202
8 0.706388 0.688585 0.663129 0.684986 0.587641 0.679445 0.707723 0.000000 0.692429 0.678714 0.681170
9 0.713091 0.678755 0.663945 0.686738 0.689092 0.673478 0.698136 0.692369 0.000000 0.679292 0.682604
10 0.696756 0.631698 0.608666 0.515910 0.666428 0.546707 0.649880 0.678694 0.679372 0.000000 0.634255
11 0.702856 0.607949 0.606436 0.647192 0.667410 0.630411 0.637341 0.681210 0.682564 0.634195 0.000000
