11
1 0.000000 0.425757 0.466976 0.429068 0.468285 0.488164 0.489985 0.443966 0.408542 0.498924 0.433372
2 0.416818 0.000000 0.398676 0.350938 0.378758 0.403916 0.431958 0.381679 0.372197 0.420285 0.340239
3 0.465486 0.405960 0.000000 0.393874 0.462834 0.501987 0.494536 0.400497 0.431457 0.384437 0.367053
4 0.421784 0.355921 0.390563 0.000000 0.408821 0.393794 0.403945 0.352970 0.354485 0.407690 0.337753
5 0.478361 0.389329 0.457879 0.412455 0.000000 0.344896 0.466303 0.390155 0.408160 0.472250 0.408325
6 0.476742 0.394789 0.503311 0.393960 0.337132 0.000000 0.480027 0.406737 0.425490 0.484919 0.414485
7 0.488495 0.456987 0.499007 0.409746 0.466799 0.481353 0.000000 0.414553 0.403116 0.478621 0.422108
8 0.447442 0.388317 0.402152 0.361766 0.381566 0.426983 0.414388 0.000000 0.292897 0.421777 0.336758
9 0.401424 0.374689 0.438411 0.362126 0.405847 0.415865 0.400630 0.284766 0.000000 0.449785 0.355486
10 0.493461 0.426583 0.389238 0.406695 0.478031 0.481273 0.473649 0.412496 0.444150 0.000000 0.367584
11 0.429234 0.336593 0.365728 0.333278 0.395276 0.416970 0.416805 0.325986 0.352337 0.362612 0.000000
