11
1 0.000000 0.937834 0.934998 0.942993 0.938596 0.940347 0.942645 0.945271 0.943004 0.944212 0.944561
2 0.937452 0.000000 0.923751 0.850334 0.925629 0.918239 0.904154 0.913234 0.933473 0.919269 0.925319
3 0.935761 0.926039 0.000000 0.920130 0.913267 0.899752 0.927020 0.911552 0.930233 0.888043 0.928367
4 0.943375 0.849952 0.918986 0.000000 0.926215 0.920335 0.899962 0.926215 0.939764 0.920982 0.933892
5 0.937071 0.925248 0.910789 0.925453 0.000000 0.931199 0.933880 0.924266 0.928708 0.916603 0.895218
6 0.938822 0.917667 0.897846 0.920717 0.931199 0.000000 0.927973 0.890032 0.932152 0.853008 0.933702
7 0.944550 0.905297 0.926258 0.902058 0.935594 0.930831 0.000000 0.930259 0.943788 0.921934 0.932940
8 0.942792 0.914188 0.911170 0.928885 0.923693 0.891176 0.931212 0.000000 0.936332 0.825209 0.929891
9 0.943576 0.934045 0.927564 0.939764 0.929089 0.931199 0.941501 0.937286 0.000000 0.932216 0.937702
10 0.945545 0.921554 0.888995 0.921363 0.919078 0.854341 0.922506 0.827114 0.933359 0.000000 0.924410
11 0.944751 0.925700 0.929129 0.935226 0.895409 0.931797 0.933321 0.929701 0.938846 0.924029 0.000000
