11
1 0.000000 0.828146 0.809501 0.823682 0.812959 0.812733 0.810509 0.826885 0.827051 0.820918 0.827765
2 0.828206 0.000000 0.771115 0.773543 0.753679 0.750423 0.747790 0.789650 0.795886 0.789585 0.703178
3 0.809521 0.770955 0.000000 0.770537 0.753833 0.760622 0.753415 0.732370 0.720424 0.727097 0.768765
4 0.823841 0.773463 0.770278 0.000000 0.656823 0.705896 0.740582 0.781366 0.783440 0.771330 0.767413
5 0.813059 0.753719 0.753793 0.656923 0.000000 0.698740 0.724892 0.767826 0.770665 0.756699 0.752499
6 0.812693 0.750503 0.760562 0.705896 0.698680 0.000000 0.717784 0.765536 0.770197 0.761277 0.748178
7 0.810529 0.747810 0.753454 0.740662 0.724892 0.717665 0.000000 0.765292 0.761369 0.751981 0.739308
8 0.826845 0.789570 0.732290 0.781267 0.767707 0.765397 0.765172 0.000000 0.757412 0.681272 0.789415
9 0.827051 0.795746 0.720364 0.783639 0.770465 0.770197 0.761429 0.757432 0.000000 0.756101 0.790590
10 0.821117 0.789644 0.727197 0.771470 0.756719 0.761436 0.752160 0.681491 0.756360 0.000000 0.783334
11 0.827645 0.703138 0.768745 0.767453 0.752399 0.748138 0.739228 0.789475 0.790550 0.783155 0.000000
