11
1 0.000000 0.691765 0.759390 0.712679 0.711564 0.735367 0.712679 0.703831 0.716844 0.688715 0.703068
2 0.692718 0.000000 0.612657 0.612657 0.609259 0.637057 0.650591 0.608919 0.608041 0.596836 0.604536
3 0.758818 0.611132 0.000000 0.662853 0.681082 0.663870 0.705568 0.656566 0.679116 0.686809 0.698685
4 0.713632 0.613610 0.664378 0.000000 0.680320 0.673785 0.689741 0.632552 0.593941 0.478460 0.519535
5 0.714231 0.609830 0.685083 0.682606 0.000000 0.609068 0.636312 0.645266 0.665270 0.688322 0.668127
6 0.735558 0.636485 0.664442 0.674928 0.607544 0.000000 0.529838 0.669335 0.696837 0.665650 0.678292
7 0.709628 0.650400 0.705187 0.689931 0.635169 0.530601 0.000000 0.658853 0.715892 0.677278 0.686869
8 0.704403 0.610635 0.656947 0.632552 0.643361 0.670288 0.659806 0.000000 0.636814 0.629121 0.653135
9 0.717797 0.608994 0.679688 0.594703 0.663555 0.696456 0.715130 0.636814 0.000000 0.597180 0.606136
10 0.688906 0.596645 0.686237 0.478650 0.685464 0.664506 0.676515 0.628168 0.597180 0.000000 0.502192
11 0.703450 0.605489 0.700019 0.520488 0.665841 0.677530 0.686297 0.653326 0.603277 0.503145 0.000000
