11
1 0.000000 0.575499 0.561577 0.577802 0.547713 0.573809 0.564023 0.551643 0.564234 0.561233 0.562043
2 0.575303 0.000000 0.464813 0.452203 0.523036 0.471735 0.514663 0.468590 0.472853 0.460453 0.534909
3 0.562284 0.465481 0.000000 0.465716 0.498665 0.483585 0.499568 0.447612 0.467091 0.451657 0.511780
4 0.578077 0.453342 0.465559 0.000000 0.512293 0.420156 0.509740 0.477378 0.470309 0.451536 0.525485
5 0.547045 0.522801 0.497330 0.510211 0.000000 0.524559 0.503382 0.504089 0.518425 0.503087 0.402929
6 0.572827 0.471381 0.481975 0.418310 0.524205 0.000000 0.517323 0.479081 0.473521 0.469506 0.526388
7 0.563080 0.515096 0.497997 0.507698 0.504523 0.517795 0.000000 0.499135 0.513790 0.502851 0.515511
8 0.550857 0.468394 0.445767 0.476553 0.504247 0.479789 0.498860 0.000000 0.478078 0.473419 0.510799
9 0.564548 0.473010 0.466502 0.470544 0.519840 0.475053 0.514968 0.478982 0.000000 0.422213 0.525563
10 0.560682 0.459509 0.450283 0.450357 0.502733 0.469034 0.502930 0.472830 0.421505 0.000000 0.510445
11 0.562986 0.537265 0.511702 0.525563 0.404382 0.527959 0.516728 0.512252 0.525760 0.511937 0.000000
