11
1 0.000000 0.799634 0.804990 0.790528 0.793190 0.803441 0.807891 0.814288 0.808010 0.797640 0.806739
2 0.799436 0.000000 0.750526 0.741269 0.741150 0.750725 0.759744 0.731853 0.770750 0.686956 0.697366
3 0.804752 0.750328 0.000000 0.757112 0.679714 0.758275 0.743692 0.770502 0.710880 0.747864 0.762815
4 0.790607 0.741110 0.757271 0.000000 0.738756 0.673434 0.742570 0.753576 0.766688 0.725962 0.749563
5 0.793031 0.740673 0.679436 0.738477 0.000000 0.749245 0.735116 0.748411 0.723277 0.726998 0.729874
6 0.803322 0.750566 0.758156 0.673196 0.749364 0.000000 0.760253 0.764781 0.772073 0.732912 0.753517
7 0.808129 0.759506 0.743811 0.742173 0.735196 0.760054 0.000000 0.771496 0.766709 0.753477 0.761225
8 0.814169 0.731694 0.770343 0.753655 0.748649 0.764979 0.771297 0.000000 0.778608 0.717300 0.736531
9 0.807772 0.770591 0.710919 0.766728 0.723317 0.772113 0.766709 0.778886 0.000000 0.764444 0.767623
10 0.797759 0.686678 0.747705 0.725882 0.727078 0.732912 0.753358 0.717101 0.764325 0.000000 0.674084
11 0.806659 0.697048 0.762855 0.749682 0.730152 0.753795 0.761186 0.736332 0.767583 0.674203 0.000000
