11
1 0.000000 0.100170 0.106419 0.101695 0.091371 0.097808 0.105802 0.089376 0.106419 0.105085 0.102694
2 0.101868 0.000000 0.084459 0.094915 0.076142 0.082631 0.096774 0.075885 0.081081 0.091525 0.075758
3 0.114865 0.091216 0.000000 0.082770 0.087838 0.091062 0.096284 0.079258 0.086149 0.081081 0.092593
4 0.110169 0.098305 0.081081 0.000000 0.084602 0.089376 0.098305 0.084317 0.076014 0.066102 0.087542
5 0.101523 0.081218 0.087838 0.084602 0.000000 0.052277 0.084602 0.050590 0.070946 0.082910 0.067340
6 0.111298 0.091062 0.094435 0.094435 0.057336 0.000000 0.091062 0.050590 0.072513 0.084317 0.069024
7 0.102389 0.089983 0.086149 0.089831 0.076142 0.075885 0.000000 0.065767 0.096284 0.081356 0.070707
8 0.101180 0.084317 0.080944 0.089376 0.053963 0.050590 0.079258 0.000000 0.080944 0.077572 0.060606
9 0.119932 0.089527 0.089527 0.081081 0.074324 0.070826 0.111486 0.082631 0.000000 0.094595 0.080808
10 0.106780 0.091525 0.076014 0.064407 0.077834 0.074199 0.088136 0.069140 0.086149 0.000000 0.074074
11 0.114478 0.084175 0.094276 0.092593 0.070707 0.069024 0.085859 0.062290 0.080808 0.080808 0.000000
