11
1 0.000000 0.901628 0.912181 0.901975 0.889046 0.893059 0.883310 0.916607 0.898788 0.884968 0.905501
2 0.913659 0.000000 0.882519 0.820874 0.869965 0.847134 0.840877 0.907997 0.866242 0.842625 0.843441
3 0.919972 0.864119 0.000000 0.863188 0.855124 0.843484 0.852900 0.866147 0.822946 0.830628 0.864598
4 0.910437 0.813822 0.856841 0.000000 0.884344 0.848378 0.870945 0.909027 0.860367 0.841326 0.851199
5 0.897527 0.845936 0.855124 0.859662 0.000000 0.838163 0.827562 0.825442 0.836749 0.817925 0.872355
6 0.898725 0.814579 0.847026 0.822285 0.853710 0.000000 0.822489 0.881728 0.830737 0.774171 0.845557
7 0.904526 0.843706 0.857143 0.868829 0.848763 0.828854 0.000000 0.888967 0.857850 0.754411 0.864598
8 0.915895 0.883935 0.855524 0.880818 0.817668 0.851275 0.860679 0.000000 0.858166 0.853917 0.900564
9 0.905203 0.857042 0.834278 0.863188 0.849470 0.821530 0.841584 0.875358 0.000000 0.800282 0.873061
10 0.891320 0.827100 0.836980 0.830748 0.820748 0.781228 0.736062 0.870148 0.792519 0.000000 0.849788
11 0.918195 0.843441 0.880113 0.851904 0.877292 0.872355 0.864598 0.917489 0.889986 0.843441 0.000000
