11
1 0.000000 0.445000 0.455479 0.467905 0.467005 0.452101 0.469983 0.471986 0.482993 0.471284 0.441980
2 0.473333 0.000000 0.460000 0.388333 0.455000 0.451667 0.445000 0.455000 0.481667 0.445000 0.480000
3 0.469178 0.441667 0.000000 0.434122 0.423012 0.393277 0.450342 0.443124 0.438776 0.388514 0.448805
4 0.486486 0.385000 0.445946 0.000000 0.454392 0.426891 0.430743 0.449324 0.459459 0.437500 0.451014
5 0.477157 0.440000 0.428088 0.449324 0.000000 0.413445 0.473773 0.468697 0.460237 0.437500 0.426396
6 0.472269 0.425000 0.408403 0.423529 0.423529 0.000000 0.457143 0.430252 0.443697 0.383193 0.468908
7 0.475129 0.413333 0.452055 0.425676 0.458545 0.448739 0.000000 0.473684 0.469388 0.456081 0.479522
8 0.478778 0.446667 0.455008 0.439189 0.456853 0.431933 0.477080 0.000000 0.473684 0.366554 0.456706
9 0.489796 0.465000 0.438776 0.452703 0.461929 0.430252 0.479592 0.471986 0.000000 0.476351 0.474490
10 0.474662 0.428333 0.403716 0.429054 0.437500 0.383193 0.466216 0.381757 0.464527 0.000000 0.440878
11 0.457338 0.465000 0.455631 0.442568 0.414552 0.458824 0.477816 0.460102 0.467687 0.423986 0.000000
