11
1 0.000000 0.238537 0.216923 0.245570 0.231164 0.245074 0.236463 0.246895 0.223050 0.251366 0.258155
2 0.235391 0.000000 0.209733 0.249131 0.203278 0.192021 0.215362 0.247972 0.207085 0.186393 0.250786
3 0.215764 0.211223 0.000000 0.235216 0.202819 0.220786 0.204809 0.242042 0.207960 0.212272 0.253068
4 0.241596 0.246151 0.229087 0.000000 0.245983 0.246480 0.243498 0.176909 0.223787 0.249627 0.196124
5 0.222719 0.202947 0.201824 0.244658 0.000000 0.220288 0.206839 0.250000 0.226202 0.212161 0.255524
6 0.241431 0.191194 0.213824 0.249793 0.217139 0.000000 0.218962 0.254102 0.221283 0.189955 0.262390
7 0.230005 0.211058 0.207131 0.240351 0.204847 0.216973 0.000000 0.251492 0.218242 0.223108 0.255976
8 0.244411 0.246482 0.244198 0.180388 0.252653 0.254765 0.248342 0.000000 0.219164 0.251326 0.204576
9 0.217089 0.203443 0.204478 0.227100 0.235158 0.221946 0.224212 0.222314 0.000000 0.220398 0.232007
10 0.235469 0.177785 0.198010 0.241179 0.210168 0.182994 0.223440 0.241877 0.216086 0.000000 0.255911
11 0.251035 0.245158 0.248259 0.196786 0.253863 0.259407 0.255810 0.200763 0.229353 0.255411 0.000000
