11
1 0.000000 0.737811 0.753632 0.785097 0.754731 0.735772 0.763138 0.765304 0.769100 0.799349 0.748946
2 0.736223 0.000000 0.718354 0.759025 0.714764 0.708218 0.726287 0.728707 0.724321 0.775181 0.711963
3 0.751946 0.718393 0.000000 0.772795 0.601622 0.734820 0.748672 0.745526 0.743789 0.786306 0.582429
4 0.782901 0.757926 0.772363 0.000000 0.766937 0.768121 0.791501 0.797197 0.791450 0.787287 0.771904
5 0.755613 0.716939 0.603581 0.770444 0.000000 0.721504 0.745719 0.746366 0.737726 0.790604 0.605795
6 0.734321 0.708512 0.735565 0.769515 0.719349 0.000000 0.747222 0.753092 0.753185 0.782558 0.724889
7 0.762569 0.727169 0.749652 0.793030 0.744034 0.748260 0.000000 0.671756 0.671129 0.802850 0.745242
8 0.766186 0.731608 0.747447 0.799177 0.744896 0.755111 0.672854 0.000000 0.622562 0.802960 0.746663
9 0.768139 0.725106 0.743867 0.792510 0.736119 0.754362 0.670600 0.621935 0.000000 0.799098 0.740580
10 0.798820 0.775397 0.786914 0.787777 0.788390 0.783343 0.801615 0.801019 0.799019 0.000000 0.788008
11 0.748201 0.713002 0.583292 0.773101 0.604091 0.725242 0.745693 0.744938 0.740737 0.788498 0.000000
