11
1 0.000000 0.030228 0.029855 0.031444 0.032092 0.031895 0.030777 0.030464 0.031523 0.030267 0.031503
2 0.029934 0.000000 0.009751 0.010870 0.011302 0.011812 0.010850 0.009810 0.010909 0.010300 0.011714
3 0.029542 0.009673 0.000000 0.010320 0.011694 0.011910 0.010556 0.010144 0.010203 0.010339 0.011164
4 0.031052 0.010713 0.010262 0.000000 0.012302 0.012302 0.011537 0.010890 0.011223 0.011085 0.011890
5 0.031660 0.011066 0.011596 0.012283 0.000000 0.013539 0.012636 0.010340 0.013009 0.012007 0.013068
6 0.031523 0.011733 0.011929 0.012381 0.013637 0.000000 0.010655 0.012165 0.012833 0.010673 0.012047
7 0.030346 0.010654 0.010458 0.011557 0.012675 0.010596 0.000000 0.010792 0.011637 0.009554 0.009909
8 0.030130 0.009752 0.010203 0.011007 0.010497 0.012243 0.010929 0.000000 0.011302 0.010319 0.011792
9 0.030974 0.010654 0.010026 0.011125 0.012989 0.012676 0.011558 0.011086 0.000000 0.011634 0.011910
10 0.030071 0.010359 0.010457 0.011340 0.012262 0.010790 0.009790 0.010398 0.011928 0.000000 0.009750
11 0.031072 0.011557 0.011086 0.011890 0.013087 0.011969 0.009909 0.011655 0.011969 0.009515 0.000000
