11
1 0.000000 0.194585 0.206430 0.194585 0.203046 0.219966 0.213198 0.209814 0.218274 0.197970 0.216582
2 0.187817 0.000000 0.153322 0.166951 0.192504 0.180579 0.185690 0.192504 0.216354 0.189097 0.182283
3 0.191201 0.143101 0.000000 0.172945 0.170396 0.176370 0.188356 0.179795 0.194872 0.156897 0.174061
4 0.187817 0.161840 0.184932 0.000000 0.166096 0.167808 0.176370 0.184932 0.189744 0.147260 0.174061
5 0.191201 0.185690 0.177281 0.164384 0.000000 0.190068 0.195205 0.142123 0.200000 0.148021 0.179181
6 0.214890 0.177172 0.183219 0.164384 0.190068 0.000000 0.188356 0.184932 0.213675 0.155822 0.179181
7 0.199662 0.178876 0.188356 0.171233 0.195205 0.181507 0.000000 0.193493 0.210256 0.179795 0.172355
8 0.196277 0.185690 0.186644 0.181507 0.143836 0.179795 0.198630 0.000000 0.210256 0.167808 0.177474
9 0.211506 0.211244 0.208547 0.191453 0.205128 0.215385 0.211966 0.211966 0.000000 0.191453 0.223549
10 0.179357 0.173765 0.156897 0.136986 0.141136 0.145548 0.176370 0.159247 0.176068 0.000000 0.174061
11 0.206430 0.180579 0.187713 0.174061 0.184300 0.180887 0.179181 0.184300 0.223549 0.187713 0.000000
