11
1 0.000000 0.196875 0.189274 0.176471 0.232919 0.181818 0.207547 0.160883 0.151420 0.161491 0.205047
2 0.212500 0.000000 0.171875 0.130031 0.201863 0.150000 0.200000 0.137500 0.134375 0.124224 0.206250
3 0.192429 0.162500 0.000000 0.142415 0.198758 0.150470 0.194969 0.119874 0.104101 0.121118 0.179811
4 0.201238 0.139319 0.157895 0.000000 0.173375 0.123839 0.167183 0.102167 0.123839 0.099071 0.185759
5 0.245342 0.201863 0.208075 0.160991 0.000000 0.201863 0.201863 0.173913 0.183230 0.164596 0.254658
6 0.194357 0.143750 0.153605 0.117647 0.198758 0.000000 0.188088 0.119122 0.097179 0.124224 0.178683
7 0.213836 0.193750 0.198113 0.151703 0.198758 0.181818 0.000000 0.138365 0.163522 0.158385 0.223270
8 0.160883 0.125000 0.113565 0.083591 0.161491 0.109718 0.135220 0.000000 0.085443 0.102484 0.155063
9 0.157729 0.125000 0.100946 0.105263 0.173913 0.090909 0.160377 0.085443 0.000000 0.093168 0.123418
10 0.177019 0.127329 0.130435 0.089783 0.167702 0.124224 0.164596 0.108696 0.102484 0.000000 0.139752
11 0.211356 0.196875 0.179811 0.167183 0.242236 0.163009 0.216981 0.155063 0.126582 0.133540 0.000000
