11
1 0.000000 0.327623 0.318474 0.303544 0.355850 0.344170 0.329959 0.352540 0.344626 0.325287 0.343391
2 0.327623 0.000000 0.250146 0.248199 0.255986 0.235546 0.272727 0.203621 0.227370 0.221919 0.258127
3 0.318668 0.250341 0.000000 0.255402 0.271949 0.277399 0.183765 0.248199 0.240218 0.236519 0.264746
4 0.303349 0.248005 0.255013 0.000000 0.275453 0.283434 0.242165 0.289274 0.264213 0.243527 0.257933
5 0.356044 0.256181 0.271949 0.275842 0.000000 0.267861 0.290637 0.266498 0.258517 0.268250 0.262994
6 0.344170 0.235935 0.277205 0.283629 0.267861 0.000000 0.304653 0.247031 0.258711 0.262021 0.257349
7 0.330154 0.272922 0.183570 0.242554 0.290637 0.304653 0.000000 0.279541 0.273311 0.253845 0.272338
8 0.352735 0.203815 0.248199 0.289858 0.266303 0.247031 0.279541 0.000000 0.225229 0.223671 0.236909
9 0.344431 0.227175 0.239634 0.264213 0.258127 0.258322 0.272922 0.224839 0.000000 0.181624 0.223477
10 0.325287 0.221725 0.236130 0.243722 0.268055 0.261631 0.253455 0.223477 0.181818 0.000000 0.217442
11 0.343586 0.258127 0.264357 0.258127 0.262799 0.257154 0.272143 0.236714 0.223671 0.217442 0.000000
