11
1 0.000000 0.650794 0.660477 0.663130 0.657825 0.656085 0.660477 0.658730 0.661376 0.654354 0.650794
2 0.648148 0.000000 0.664021 0.626984 0.661376 0.650794 0.648148 0.658730 0.658730 0.659631 0.664021
3 0.657825 0.658730 0.000000 0.655172 0.647215 0.629630 0.647215 0.648148 0.650794 0.641161 0.661376
4 0.668435 0.629630 0.657825 0.000000 0.660477 0.645503 0.652520 0.664021 0.658730 0.651715 0.653439
5 0.655172 0.661376 0.652520 0.660477 0.000000 0.632275 0.657825 0.661376 0.658730 0.649077 0.642857
6 0.653439 0.645503 0.642857 0.650794 0.637566 0.000000 0.658730 0.656085 0.653439 0.620053 0.658730
7 0.657825 0.642857 0.644562 0.644562 0.652520 0.650794 0.000000 0.650794 0.656085 0.651715 0.658730
8 0.658730 0.658730 0.650794 0.664021 0.658730 0.653439 0.656085 0.000000 0.658730 0.630607 0.661376
9 0.664021 0.658730 0.661376 0.658730 0.661376 0.656085 0.661376 0.661376 0.000000 0.667546 0.661376
10 0.651715 0.651715 0.646438 0.654354 0.649077 0.617414 0.654354 0.630607 0.662269 0.000000 0.646438
11 0.658730 0.664021 0.658730 0.656085 0.648148 0.661376 0.661376 0.661376 0.664021 0.649077 0.000000
