11
1 0.000000 0.675258 0.663111 0.711185 0.706662 0.687040 0.688374 0.673657 0.685567 0.679544 0.693157
2 0.671944 0.000000 0.625230 0.594187 0.617225 0.629834 0.629139 0.639073 0.614875 0.589036 0.553716
3 0.663479 0.629643 0.000000 0.656124 0.645826 0.634792 0.641412 0.537330 0.645826 0.634057 0.649136
4 0.711185 0.597498 0.653549 0.000000 0.636497 0.649007 0.629875 0.663355 0.622884 0.607064 0.618102
5 0.708502 0.622378 0.648400 0.637233 0.000000 0.636364 0.569169 0.675497 0.619065 0.590508 0.649742
6 0.683358 0.630203 0.632218 0.645695 0.635259 0.000000 0.669978 0.629875 0.643593 0.623620 0.643120
7 0.688742 0.630611 0.640309 0.629875 0.569904 0.673657 0.000000 0.650478 0.612583 0.558499 0.638337
8 0.675497 0.641648 0.536594 0.662987 0.675129 0.631715 0.649742 0.000000 0.650478 0.643120 0.662987
9 0.682990 0.616348 0.643619 0.622149 0.617961 0.644330 0.608168 0.648639 0.000000 0.608168 0.616630
10 0.680280 0.590140 0.632218 0.606696 0.585357 0.624724 0.558131 0.642752 0.607800 0.000000 0.584989
11 0.693525 0.557763 0.647665 0.617734 0.646431 0.645695 0.639441 0.663355 0.618102 0.586461 0.000000
