11
1 0.000000 0.353741 0.329932 0.313029 0.335593 0.289340 0.306122 0.306122 0.282313 0.343537 0.325503
2 0.355442 0.000000 0.316327 0.324873 0.318644 0.296108 0.306122 0.302721 0.294218 0.329932 0.280201
3 0.324830 0.314626 0.000000 0.253807 0.289831 0.269036 0.281570 0.264505 0.267918 0.325939 0.265101
4 0.326565 0.324873 0.263959 0.000000 0.306261 0.240271 0.307953 0.269036 0.299492 0.324873 0.283557
5 0.335593 0.316949 0.303390 0.306261 0.000000 0.272420 0.301695 0.276271 0.286441 0.318644 0.296980
6 0.296108 0.306261 0.284264 0.241963 0.277496 0.000000 0.247039 0.284264 0.238579 0.294416 0.270134
7 0.299320 0.297619 0.274744 0.284264 0.274576 0.226734 0.000000 0.251712 0.174957 0.307692 0.283557
8 0.311224 0.307823 0.266212 0.269036 0.281356 0.270728 0.265411 0.000000 0.273973 0.326496 0.290268
9 0.285714 0.278912 0.262799 0.282572 0.269492 0.219966 0.181818 0.265411 0.000000 0.309402 0.258389
10 0.331633 0.328231 0.320819 0.309645 0.300000 0.282572 0.309402 0.317949 0.314530 0.000000 0.308725
11 0.332215 0.295302 0.276846 0.286913 0.302013 0.273490 0.307047 0.302013 0.281879 0.318792 0.000000
