11
1 0.000000 0.602273 0.614407 0.588652 0.554131 0.570922 0.611547 0.609843 0.550246 0.583685 0.601132
2 0.629972 0.000000 0.572740 0.615603 0.559659 0.501418 0.606534 0.646307 0.575545 0.500703 0.601839
3 0.630650 0.579802 0.000000 0.603814 0.500706 0.562853 0.573446 0.623588 0.560084 0.576653 0.619350
4 0.638298 0.612057 0.601695 0.000000 0.612766 0.571631 0.609220 0.494326 0.564301 0.609705 0.539604
5 0.581197 0.538352 0.467514 0.579433 0.000000 0.509220 0.527066 0.596866 0.549543 0.542194 0.589816
6 0.575887 0.458865 0.540960 0.558156 0.503546 0.000000 0.543262 0.590780 0.525650 0.416315 0.562942
7 0.574483 0.556108 0.519774 0.569504 0.512821 0.535461 0.000000 0.593015 0.551651 0.573136 0.583451
8 0.634807 0.637074 0.611582 0.510638 0.614672 0.618440 0.635780 0.000000 0.572031 0.623769 0.541726
9 0.557976 0.539002 0.518623 0.528461 0.532677 0.522136 0.572031 0.547435 0.000000 0.524947 0.551651
10 0.609705 0.459916 0.535162 0.569620 0.523910 0.414909 0.578762 0.602672 0.523542 0.000000 0.571730
11 0.595474 0.557992 0.569209 0.497878 0.574257 0.562942 0.590523 0.508487 0.545327 0.564698 0.000000
