11
1 0.000000 0.783478 0.774935 0.772099 0.764740 0.770072 0.769899 0.768629 0.762173 0.776711 0.762052
2 0.784032 0.000000 0.586659 0.709377 0.694065 0.718541 0.699723 0.705334 0.704735 0.644328 0.699664
3 0.774816 0.586640 0.000000 0.703116 0.690666 0.711173 0.698025 0.699170 0.697864 0.631273 0.691002
4 0.772928 0.709989 0.704064 0.000000 0.584663 0.550004 0.644581 0.573406 0.656281 0.694052 0.583616
5 0.765905 0.694361 0.691101 0.583774 0.000000 0.585297 0.633814 0.576946 0.634068 0.689244 0.491899
6 0.770922 0.719015 0.711924 0.549332 0.585376 0.000000 0.646553 0.568311 0.657781 0.714768 0.587845
7 0.771183 0.700118 0.698045 0.644265 0.633755 0.646158 0.000000 0.638910 0.613691 0.693917 0.633202
8 0.769419 0.705630 0.699309 0.573090 0.576492 0.567659 0.639206 0.000000 0.649469 0.697096 0.579336
9 0.763594 0.705288 0.698377 0.656320 0.634818 0.658571 0.614481 0.649962 0.000000 0.693994 0.631540
10 0.776750 0.643953 0.631352 0.692729 0.689046 0.713188 0.692870 0.696187 0.692138 0.000000 0.695008
11 0.762111 0.699960 0.689915 0.581484 0.490714 0.586423 0.631701 0.577657 0.629605 0.695027 0.000000
