11
1 0.000000 0.300704 0.317946 0.308192 0.311725 0.316332 0.316531 0.316872 0.320159 0.315331 0.308175
2 0.301684 0.000000 0.258533 0.266983 0.255808 0.247217 0.253063 0.243923 0.249985 0.238654 0.263493
3 0.318947 0.258161 0.000000 0.277880 0.276041 0.268622 0.264393 0.271252 0.273472 0.261530 0.286748
4 0.309152 0.266983 0.278253 0.000000 0.265940 0.273757 0.272037 0.272369 0.269018 0.275508 0.272645
5 0.310882 0.254200 0.274571 0.264234 0.000000 0.227497 0.259088 0.234728 0.213399 0.214123 0.277057
6 0.317273 0.246746 0.268641 0.273346 0.228987 0.000000 0.271679 0.205779 0.231084 0.229359 0.282852
7 0.316040 0.251828 0.263334 0.270900 0.259559 0.270464 0.000000 0.274349 0.264836 0.259717 0.277940
8 0.317519 0.244001 0.271350 0.272134 0.236237 0.205563 0.275545 0.000000 0.231336 0.225474 0.281622
9 0.320218 0.249495 0.273021 0.268371 0.214380 0.230261 0.265385 0.230729 0.000000 0.203004 0.276685
10 0.315625 0.238477 0.261334 0.275155 0.215418 0.228909 0.260776 0.225435 0.203259 0.000000 0.274385
11 0.307802 0.262160 0.285473 0.271430 0.277234 0.282186 0.278058 0.280191 0.275978 0.273581 0.000000
