11
1 0.000000 0.286472 0.244032 0.267905 0.230769 0.257294 0.228117 0.273210 0.238727 0.258575 0.235450
2 0.286472 0.000000 0.251989 0.212202 0.230769 0.198939 0.214854 0.241379 0.265252 0.174142 0.243386
3 0.244032 0.251989 0.000000 0.209549 0.185676 0.225464 0.164456 0.209549 0.193634 0.187335 0.182540
4 0.267905 0.212202 0.209549 0.000000 0.190981 0.188329 0.185676 0.220159 0.201592 0.200528 0.195767
5 0.233422 0.233422 0.185676 0.190981 0.000000 0.217507 0.164456 0.137931 0.177719 0.176781 0.174603
6 0.257294 0.201592 0.225464 0.190981 0.217507 0.000000 0.185676 0.217507 0.209549 0.203166 0.230159
7 0.225464 0.214854 0.164456 0.185676 0.164456 0.185676 0.000000 0.169761 0.206897 0.139842 0.164021
8 0.273210 0.238727 0.206897 0.220159 0.137931 0.217507 0.167109 0.000000 0.198939 0.153034 0.185185
9 0.238727 0.267905 0.193634 0.198939 0.177719 0.209549 0.206897 0.198939 0.000000 0.224274 0.182540
10 0.258575 0.174142 0.184697 0.197889 0.174142 0.200528 0.139842 0.153034 0.221636 0.000000 0.182058
11 0.238095 0.246032 0.185185 0.195767 0.174603 0.230159 0.166667 0.187831 0.182540 0.184697 0.000000
