11
1 0.000000 0.629837 0.615152 0.644137 0.649865 0.642117 0.636364 0.656915 0.638274 0.655322 0.624134
2 0.629817 0.000000 0.471332 0.496953 0.496266 0.508295 0.483859 0.517137 0.497242 0.524525 0.478462
3 0.615032 0.471272 0.000000 0.484985 0.485023 0.489255 0.466833 0.492521 0.469597 0.500747 0.475732
4 0.644058 0.496913 0.484965 0.000000 0.522981 0.511769 0.414011 0.532659 0.514258 0.534969 0.422973
5 0.649785 0.496226 0.485083 0.523040 0.000000 0.529117 0.511301 0.544830 0.530650 0.549398 0.505158
6 0.641958 0.508235 0.489235 0.511729 0.529057 0.000000 0.498357 0.491525 0.472384 0.500647 0.494931
7 0.636423 0.483939 0.466912 0.414211 0.511321 0.498496 0.000000 0.516400 0.501105 0.513014 0.391277
8 0.656935 0.517117 0.492501 0.532699 0.544810 0.491565 0.516280 0.000000 0.463005 0.440824 0.519806
9 0.638174 0.497162 0.469498 0.514199 0.530531 0.472364 0.501006 0.462945 0.000000 0.475316 0.501424
10 0.655282 0.524465 0.500787 0.535029 0.549437 0.500667 0.512934 0.440824 0.475316 0.000000 0.515663
11 0.624094 0.478422 0.475772 0.423013 0.505178 0.494991 0.391198 0.519826 0.501524 0.515683 0.000000
