11
1 0.000000 0.700217 0.732802 0.704562 0.706010 0.726285 0.721941 0.696597 0.687907 0.735358 0.703328
2 0.699493 0.000000 0.613324 0.682838 0.599566 0.667632 0.662563 0.673425 0.650978 0.685466 0.652677
3 0.732802 0.613324 0.000000 0.674149 0.658943 0.666184 0.674873 0.691528 0.667632 0.675343 0.657742
4 0.703838 0.682114 0.671977 0.000000 0.646633 0.683563 0.679218 0.650978 0.632151 0.530730 0.523878
5 0.706734 0.599566 0.658219 0.648081 0.000000 0.607531 0.624185 0.637944 0.662563 0.652928 0.643271
6 0.726285 0.666908 0.665460 0.685735 0.607531 0.000000 0.529327 0.673425 0.687183 0.675343 0.667873
7 0.720492 0.662563 0.673425 0.676322 0.623461 0.529327 0.000000 0.683563 0.670529 0.681851 0.670767
8 0.696597 0.673425 0.692252 0.650253 0.637219 0.671253 0.683563 0.000000 0.657495 0.663051 0.637482
9 0.687907 0.652426 0.668356 0.631427 0.663287 0.687183 0.670529 0.657495 0.000000 0.657267 0.649783
10 0.736081 0.684020 0.675343 0.532176 0.652928 0.674620 0.681851 0.663774 0.654375 0.000000 0.514100
11 0.701158 0.652677 0.657742 0.523878 0.643271 0.667149 0.672214 0.638206 0.649783 0.513377 0.000000
