11
1 0.000000 0.037948 0.038253 0.041276 0.036189 0.039675 0.037391 0.036058 0.037519 0.036922 0.037563
2 0.040121 0.000000 0.037966 0.035990 0.033817 0.037876 0.029819 0.034320 0.032349 0.025488 0.030528
3 0.035752 0.033422 0.000000 0.035133 0.023384 0.032139 0.033605 0.028261 0.033282 0.033350 0.033274
4 0.036274 0.028914 0.032554 0.000000 0.031250 0.032064 0.029568 0.029378 0.030105 0.029060 0.028715
5 0.038380 0.033889 0.027748 0.038236 0.000000 0.036315 0.033910 0.032292 0.033875 0.033206 0.033094
6 0.036760 0.033027 0.031706 0.034230 0.031555 0.000000 0.032528 0.030658 0.031864 0.032327 0.032466
7 0.040459 0.030788 0.039167 0.037301 0.034789 0.038413 0.000000 0.036296 0.032636 0.030483 0.030142
8 0.034511 0.030584 0.028928 0.032659 0.028574 0.031812 0.031739 0.000000 0.030841 0.030353 0.031048
9 0.039943 0.032546 0.038165 0.037322 0.034162 0.036963 0.031990 0.034844 0.000000 0.032237 0.031371
10 0.039471 0.025955 0.038322 0.036419 0.033853 0.037568 0.029909 0.034499 0.032363 0.000000 0.030456
11 0.040578 0.031246 0.038693 0.036450 0.034189 0.038191 0.029963 0.035481 0.031856 0.030689 0.000000
