11
1 0.000000 0.137566 0.121693 0.145503 0.148148 0.193122 0.113757 0.129630 0.129630 0.105541 0.087302
2 0.137566 0.000000 0.111111 0.103175 0.143236 0.153439 0.127321 0.135279 0.132275 0.131926 0.095238
3 0.121693 0.111111 0.000000 0.140212 0.156085 0.177249 0.134921 0.153439 0.129630 0.113456 0.121693
4 0.145503 0.103175 0.140212 0.000000 0.148148 0.124339 0.129630 0.145503 0.134921 0.137203 0.103175
5 0.148148 0.143236 0.156085 0.148148 0.000000 0.182540 0.132626 0.137931 0.171958 0.155673 0.119048
6 0.193122 0.153439 0.177249 0.124339 0.182540 0.000000 0.177249 0.145503 0.145503 0.189974 0.164021
7 0.113757 0.127321 0.134921 0.129630 0.132626 0.177249 0.000000 0.116711 0.142857 0.118734 0.092593
8 0.129630 0.135279 0.153439 0.145503 0.137931 0.142857 0.116711 0.000000 0.124339 0.139842 0.100529
9 0.129630 0.132275 0.129630 0.134921 0.171958 0.145503 0.142857 0.124339 0.000000 0.102902 0.129630
10 0.105541 0.131926 0.113456 0.137203 0.155673 0.187335 0.118734 0.139842 0.102902 0.000000 0.105541
11 0.089947 0.097884 0.124339 0.103175 0.119048 0.164021 0.092593 0.103175 0.132275 0.108179 0.000000
