11
1 0.000000 0.641224 0.636930 0.659174 0.645673 0.648902 0.663933 0.642755 0.653255 0.641085 0.649619
2 0.640102 0.000000 0.551144 0.587348 0.621580 0.577932 0.581679 0.631811 0.628004 0.581536 0.559697
3 0.636040 0.549673 0.000000 0.556897 0.591666 0.560141 0.580830 0.603117 0.613043 0.555066 0.547401
4 0.658865 0.586110 0.558019 0.000000 0.635519 0.503210 0.605301 0.632894 0.630954 0.470245 0.594351
5 0.644861 0.618290 0.589962 0.634436 0.000000 0.618928 0.642459 0.524266 0.634779 0.618363 0.605267
6 0.648399 0.576385 0.561610 0.503674 0.621403 0.000000 0.600634 0.624309 0.617884 0.495904 0.576307
7 0.663739 0.581292 0.581178 0.604527 0.643582 0.598855 0.000000 0.648517 0.637543 0.591661 0.580094
8 0.642252 0.633397 0.603929 0.633938 0.525968 0.624347 0.650064 0.000000 0.636297 0.625512 0.619320
9 0.651669 0.626030 0.612966 0.629019 0.635902 0.616414 0.637465 0.634982 0.000000 0.625667 0.624482
10 0.641897 0.581266 0.558969 0.471752 0.620527 0.496368 0.594791 0.626401 0.627908 0.000000 0.579682
11 0.648342 0.557645 0.548021 0.594003 0.606042 0.574025 0.580133 0.616807 0.624831 0.576242 0.000000
