11
1 0.000000 0.316653 0.287137 0.299253 0.295123 0.289793 0.303131 0.303930 0.309544 0.298872 0.310533
2 0.320298 0.000000 0.283513 0.289147 0.272411 0.270754 0.284247 0.303894 0.287324 0.272080 0.256376
3 0.292282 0.281856 0.000000 0.253278 0.261778 0.275519 0.277621 0.263140 0.255436 0.240956 0.282378
4 0.293776 0.286661 0.254440 0.000000 0.234738 0.248174 0.261885 0.289670 0.279050 0.265516 0.289334
5 0.297777 0.272742 0.261447 0.237558 0.000000 0.245355 0.255591 0.284032 0.284672 0.247678 0.276085
6 0.294938 0.268268 0.275021 0.247842 0.245189 0.000000 0.250456 0.288012 0.289321 0.266346 0.267804
7 0.317211 0.286897 0.280106 0.269836 0.254265 0.251781 0.000000 0.303131 0.294517 0.273646 0.265320
8 0.312386 0.299751 0.262809 0.287515 0.283701 0.287349 0.297996 0.000000 0.288675 0.232631 0.313680
9 0.310207 0.285170 0.254108 0.279382 0.284837 0.286996 0.288554 0.289504 0.000000 0.284600 0.304571
10 0.293063 0.272080 0.240790 0.262363 0.243364 0.261865 0.265198 0.231471 0.277630 0.000000 0.280060
11 0.316992 0.254720 0.283206 0.291653 0.272276 0.266976 0.262007 0.311030 0.301921 0.284366 0.000000
