11
1 0.000000 0.147009 0.126496 0.105622 0.109029 0.140171 0.111111 0.128205 0.110733 0.119658 0.120954
2 0.128205 0.000000 0.126298 0.117547 0.115843 0.131624 0.123711 0.117040 0.117547 0.100855 0.124361
3 0.112821 0.128028 0.000000 0.119250 0.105622 0.123077 0.128866 0.096386 0.112436 0.111111 0.115843
4 0.105622 0.132879 0.131175 0.000000 0.114140 0.127768 0.102215 0.117547 0.119250 0.127768 0.100511
5 0.110733 0.134583 0.119250 0.112436 0.000000 0.105622 0.124361 0.102215 0.112436 0.110733 0.114140
6 0.143590 0.147009 0.138462 0.126065 0.105622 0.000000 0.126496 0.107692 0.117547 0.123077 0.131175
7 0.112821 0.135739 0.137457 0.100511 0.119250 0.123077 0.000000 0.106529 0.129472 0.119658 0.117547
8 0.121368 0.120482 0.104991 0.110733 0.091993 0.099145 0.104811 0.000000 0.126065 0.117949 0.120954
9 0.112436 0.136286 0.127768 0.119250 0.110733 0.120954 0.132879 0.132879 0.000000 0.105622 0.127768
10 0.119658 0.114530 0.121368 0.122658 0.107325 0.121368 0.121368 0.124786 0.102215 0.000000 0.124361
11 0.120954 0.141397 0.132879 0.098807 0.112436 0.131175 0.120954 0.127768 0.126065 0.127768 0.000000
