11
1 0.000000 0.362014 0.336128 0.320393 0.343811 0.366660 0.358593 0.345255 0.354926 0.358976 0.352946
2 0.361974 0.000000 0.355522 0.359255 0.349692 0.371389 0.382078 0.347242 0.345785 0.320830 0.369830
3 0.336049 0.355482 0.000000 0.330406 0.307530 0.335704 0.363084 0.314537 0.329094 0.338989 0.342458
4 0.320512 0.359414 0.330645 0.000000 0.330525 0.352340 0.326154 0.333585 0.332989 0.352857 0.279528
5 0.343890 0.349891 0.307689 0.330486 0.000000 0.299940 0.370753 0.298669 0.332486 0.342685 0.344404
6 0.366700 0.371508 0.335863 0.352340 0.299901 0.000000 0.383906 0.327955 0.351719 0.366884 0.373843
7 0.358474 0.381959 0.363084 0.325916 0.370515 0.383708 0.000000 0.370952 0.360223 0.373162 0.339279
8 0.345176 0.347322 0.314616 0.333426 0.298550 0.327836 0.370991 0.000000 0.327690 0.341373 0.349331
9 0.355085 0.346024 0.329253 0.332909 0.332446 0.351679 0.360421 0.327849 0.000000 0.337360 0.349966
10 0.358937 0.320830 0.339029 0.352658 0.342685 0.366844 0.373202 0.341334 0.337201 0.000000 0.364268
11 0.353224 0.370108 0.342736 0.279568 0.344563 0.373843 0.339518 0.349529 0.350125 0.364547 0.000000
