11
1 0.000000 0.853452 0.785234 0.774846 0.758394 0.803851 0.855852 0.840147 0.831371 0.791111 0.765904
2 0.852942 0.000000 0.845518 0.836056 0.826360 0.854362 0.894844 0.878820 0.869868 0.854647 0.837390
3 0.784979 0.844950 0.000000 0.753832 0.734984 0.786243 0.850066 0.829932 0.811527 0.777140 0.750024
4 0.773866 0.834842 0.753617 0.000000 0.639247 0.775530 0.842239 0.807974 0.805297 0.753782 0.573062
5 0.759080 0.826242 0.736003 0.639991 0.000000 0.765287 0.831368 0.795067 0.799694 0.740273 0.643921
6 0.804614 0.855733 0.787124 0.776783 0.765502 0.000000 0.862940 0.840750 0.811646 0.803008 0.777475
7 0.855224 0.894002 0.850732 0.842494 0.829565 0.860942 0.000000 0.883787 0.877407 0.852896 0.836861
8 0.840362 0.878898 0.830599 0.807739 0.794323 0.839379 0.883708 0.000000 0.859541 0.826775 0.806219
9 0.831508 0.871102 0.812663 0.806218 0.799126 0.811430 0.878191 0.860286 0.000000 0.823281 0.804417
10 0.791445 0.853706 0.778198 0.754742 0.739314 0.802382 0.853445 0.827520 0.822791 0.000000 0.749574
11 0.766785 0.839211 0.751532 0.574472 0.645057 0.778356 0.838760 0.807648 0.805944 0.751532 0.000000
