11
1 0.000000 0.647036 0.647036 0.665904 0.654660 0.659234 0.673528 0.672003 0.662855 0.624738 0.649514
2 0.645893 0.000000 0.569659 0.606673 0.661582 0.604004 0.621354 0.681220 0.675691 0.603622 0.569876
3 0.647799 0.572136 0.000000 0.598628 0.621307 0.596341 0.622642 0.653326 0.630455 0.558414 0.568325
4 0.664951 0.604576 0.595197 0.000000 0.640038 0.535176 0.603547 0.646127 0.648932 0.482265 0.585050
5 0.654469 0.659867 0.619783 0.641373 0.000000 0.624404 0.659104 0.551382 0.625929 0.597712 0.616397
6 0.659234 0.606292 0.594054 0.536702 0.623070 0.000000 0.646330 0.649190 0.640610 0.479886 0.579790
7 0.673337 0.621735 0.622451 0.604310 0.662154 0.646902 0.000000 0.660755 0.664188 0.605645 0.584287
8 0.670669 0.679695 0.650086 0.646891 0.551382 0.649952 0.659611 0.000000 0.650076 0.613463 0.635965
9 0.662474 0.675310 0.630074 0.650648 0.626120 0.640991 0.663806 0.649886 0.000000 0.621854 0.641304
10 0.622642 0.602860 0.555556 0.483219 0.596949 0.481030 0.605263 0.613082 0.622426 0.000000 0.562738
11 0.650276 0.569113 0.564894 0.585240 0.618113 0.580934 0.585050 0.637872 0.641686 0.563310 0.000000
