11
1 0.000000 0.465608 0.511936 0.477454 0.464191 0.509284 0.513228 0.486772 0.525199 0.472296 0.478836
2 0.470899 0.000000 0.452381 0.402116 0.449735 0.484127 0.476190 0.462963 0.476190 0.432718 0.417989
3 0.511936 0.452381 0.000000 0.440318 0.472149 0.456233 0.484127 0.367725 0.477454 0.464380 0.476190
4 0.480106 0.402116 0.440318 0.000000 0.445623 0.456233 0.431217 0.417989 0.405836 0.395778 0.428571
5 0.464191 0.449735 0.472149 0.445623 0.000000 0.456233 0.415344 0.478836 0.435013 0.382586 0.417989
6 0.511936 0.484127 0.456233 0.456233 0.456233 0.000000 0.486772 0.415344 0.453581 0.411610 0.444444
7 0.515873 0.476190 0.481481 0.431217 0.415344 0.489418 0.000000 0.457672 0.441799 0.427441 0.476190
8 0.486772 0.460317 0.370370 0.417989 0.476190 0.417989 0.455026 0.000000 0.481481 0.416887 0.473545
9 0.519894 0.473545 0.477454 0.405836 0.435013 0.453581 0.441799 0.478836 0.000000 0.451187 0.470899
10 0.472296 0.432718 0.464380 0.395778 0.385224 0.411610 0.427441 0.416887 0.451187 0.000000 0.390501
11 0.481481 0.420635 0.476190 0.431217 0.420635 0.447090 0.478836 0.476190 0.470899 0.393140 0.000000
