11
1 0.000000 0.014279 0.013882 0.014589 0.014841 0.014691 0.014312 0.014283 0.014351 0.014224 0.014608
2 0.015522 0.000000 0.006213 0.006461 0.006213 0.007097 0.006570 0.005896 0.005967 0.006278 0.007743
3 0.015551 0.006604 0.000000 0.006780 0.006639 0.007097 0.007030 0.007101 0.006675 0.006030 0.007669
4 0.016471 0.007029 0.006993 0.000000 0.007667 0.007665 0.007809 0.008058 0.007525 0.007059 0.008768
5 0.016439 0.006568 0.006604 0.007454 0.000000 0.007878 0.007847 0.007279 0.007669 0.006988 0.008983
6 0.016891 0.008055 0.007629 0.008020 0.008445 0.000000 0.007310 0.008587 0.008587 0.006562 0.008694
7 0.015697 0.006747 0.006817 0.007419 0.007705 0.006529 0.000000 0.007564 0.007493 0.005995 0.007635
8 0.015242 0.005612 0.006497 0.007206 0.006675 0.007381 0.007067 0.000000 0.006678 0.006598 0.007710
9 0.015558 0.005896 0.006249 0.006851 0.007243 0.007594 0.007245 0.006891 0.000000 0.006527 0.007815
10 0.016742 0.007555 0.006952 0.007733 0.007910 0.006917 0.007094 0.008158 0.007875 0.000000 0.008371
11 0.015177 0.007033 0.006568 0.007419 0.007882 0.007026 0.006676 0.007283 0.007175 0.006385 0.000000
