11
1 0.000000 0.698714 0.683209 0.703749 0.708329 0.695663 0.705142 0.686054 0.694307 0.688553 0.704606
2 0.698833 0.000000 0.635210 0.590689 0.616933 0.635430 0.631507 0.643901 0.599865 0.598909 0.500926
3 0.683328 0.635330 0.000000 0.641664 0.653113 0.632946 0.642962 0.499303 0.635004 0.635515 0.637761
4 0.703809 0.590769 0.641644 0.000000 0.622230 0.632962 0.628004 0.647246 0.606977 0.590251 0.600745
5 0.708349 0.616834 0.652994 0.622130 0.000000 0.646881 0.539934 0.660627 0.604329 0.573585 0.631170
6 0.695603 0.635370 0.632806 0.632743 0.646741 0.000000 0.653563 0.626319 0.637852 0.627474 0.636327
7 0.705182 0.631467 0.643042 0.627905 0.539953 0.653722 0.000000 0.649277 0.595356 0.568268 0.629498
8 0.686014 0.643921 0.499263 0.647226 0.660667 0.626279 0.649277 0.000000 0.641571 0.641771 0.641751
9 0.694366 0.599865 0.634924 0.606937 0.604329 0.637931 0.595376 0.641671 0.000000 0.590617 0.602835
10 0.688553 0.598809 0.635435 0.590072 0.573465 0.627534 0.568208 0.641731 0.590517 0.000000 0.590391
11 0.704725 0.501006 0.637841 0.600785 0.631349 0.636467 0.629677 0.641810 0.602915 0.590669 0.000000
