11
1 0.000000 0.858863 0.854236 0.820476 0.855990 0.820404 0.821615 0.820100 0.907953 0.857330 0.837956
2 0.858942 0.000000 0.638614 0.663289 0.641554 0.642309 0.662097 0.650773 0.852585 0.632539 0.705209
3 0.853799 0.638415 0.000000 0.660348 0.584343 0.623351 0.653553 0.643340 0.851097 0.618951 0.695661
4 0.820476 0.663210 0.660149 0.000000 0.664852 0.510254 0.554469 0.511763 0.805612 0.653357 0.595645
5 0.855792 0.641356 0.584621 0.665051 0.000000 0.620862 0.654202 0.651977 0.847208 0.595789 0.705198
6 0.820364 0.642111 0.623271 0.510214 0.620902 0.000000 0.536682 0.504332 0.811780 0.629877 0.599380
7 0.821376 0.661740 0.653394 0.554390 0.654083 0.536603 0.000000 0.545740 0.821947 0.660230 0.613010
8 0.820100 0.650813 0.643300 0.511962 0.651897 0.504371 0.545819 0.000000 0.813106 0.652404 0.581380
9 0.907913 0.852426 0.851057 0.805612 0.847169 0.811501 0.822185 0.812748 0.000000 0.850020 0.830605
10 0.857410 0.632459 0.619070 0.653596 0.595749 0.629996 0.660469 0.652483 0.849940 0.000000 0.699642
11 0.838274 0.705169 0.695661 0.595844 0.705277 0.599261 0.613447 0.581539 0.830764 0.699642 0.000000
