11
1 0.000000 0.776249 0.761767 0.755072 0.740580 0.750181 0.763768 0.763768 0.781159 0.778421 0.764663
2 0.775525 0.000000 0.739319 0.753078 0.719044 0.727734 0.721941 0.750905 0.753802 0.760319 0.691528
3 0.765387 0.742940 0.000000 0.732078 0.733526 0.722665 0.711079 0.708182 0.713251 0.694424 0.754526
4 0.757246 0.754526 0.730630 0.000000 0.652899 0.695148 0.708696 0.716667 0.749275 0.713975 0.726285
5 0.744203 0.715424 0.732078 0.650725 0.000000 0.692252 0.694928 0.726087 0.736957 0.708182 0.718320
6 0.751629 0.728458 0.721941 0.695148 0.692976 0.000000 0.685735 0.708182 0.729906 0.721941 0.734251
7 0.765942 0.723389 0.709631 0.712319 0.697101 0.684287 0.000000 0.711594 0.749275 0.716872 0.700217
8 0.765217 0.755250 0.707458 0.715217 0.732609 0.708907 0.713043 0.000000 0.730435 0.624185 0.763215
9 0.781159 0.758146 0.711803 0.750000 0.740580 0.732802 0.748551 0.728261 0.000000 0.740043 0.748009
10 0.780594 0.758870 0.695873 0.712527 0.710355 0.721216 0.719044 0.624185 0.741492 0.000000 0.743664
11 0.766836 0.698769 0.752353 0.724837 0.719768 0.734251 0.697321 0.763939 0.754526 0.744388 0.000000
