11
1 0.000000 0.819966 0.809642 0.798590 0.803735 0.794779 0.786585 0.782012 0.865854 0.822218 0.805027
2 0.819394 0.000000 0.590779 0.640122 0.624309 0.638026 0.643932 0.641456 0.818251 0.606973 0.668507
3 0.808499 0.589065 0.000000 0.599657 0.545663 0.572518 0.647485 0.596568 0.806329 0.593786 0.653275
4 0.796875 0.640884 0.600229 0.000000 0.603468 0.448361 0.502858 0.502668 0.755907 0.612233 0.561881
5 0.800114 0.624309 0.545091 0.602325 0.000000 0.577854 0.639482 0.594394 0.806138 0.551277 0.647182
6 0.793826 0.637836 0.574995 0.447409 0.578807 0.000000 0.533346 0.463503 0.766152 0.602439 0.550076
7 0.786585 0.642027 0.647104 0.501715 0.639291 0.532012 0.000000 0.542683 0.790015 0.619474 0.595773
8 0.780678 0.639550 0.595615 0.501334 0.592868 0.462169 0.541349 0.000000 0.772779 0.606748 0.532178
9 0.864520 0.818251 0.805757 0.756098 0.806901 0.764627 0.791540 0.773542 0.000000 0.805376 0.792650
10 0.819741 0.606401 0.594929 0.611281 0.552612 0.601868 0.617950 0.607511 0.804041 0.000000 0.644707
11 0.807121 0.670411 0.655941 0.561881 0.650990 0.551219 0.597867 0.535986 0.795506 0.647944 0.000000
