11
1 0.000000 0.350276 0.349171 0.343646 0.341060 0.340859 0.357459 0.353039 0.375138 0.364038 0.350248
2 0.345304 0.000000 0.306452 0.310766 0.309051 0.289097 0.312986 0.297162 0.334809 0.277992 0.285714
3 0.349171 0.305339 0.000000 0.311321 0.270971 0.301211 0.309656 0.315907 0.286663 0.297849 0.301158
4 0.338674 0.301887 0.307991 0.000000 0.293598 0.254405 0.302997 0.301887 0.316547 0.291782 0.322670
5 0.342163 0.304636 0.275938 0.300221 0.000000 0.295705 0.300221 0.302980 0.292494 0.299504 0.301710
6 0.340859 0.294604 0.311674 0.267621 0.297357 0.000000 0.310573 0.313877 0.312225 0.287445 0.307269
7 0.350276 0.311321 0.309101 0.310766 0.300221 0.310573 0.000000 0.317980 0.320974 0.305019 0.321566
8 0.358011 0.301614 0.318687 0.314095 0.311258 0.314427 0.318535 0.000000 0.333702 0.286266 0.308880
9 0.367956 0.336469 0.289430 0.319314 0.295254 0.317731 0.326508 0.327061 0.000000 0.318809 0.330943
10 0.356867 0.281853 0.311087 0.301158 0.303365 0.290198 0.306122 0.281302 0.317154 0.000000 0.270822
11 0.357419 0.291782 0.311087 0.325979 0.300607 0.307819 0.321015 0.309983 0.328185 0.274131 0.000000
