11
1 0.000000 0.726554 0.743651 0.738396 0.737373 0.754730 0.742469 0.735516 0.747546 0.726420 0.727240
2 0.727031 0.000000 0.614449 0.666269 0.647328 0.672111 0.667223 0.645236 0.655434 0.669011 0.662309
3 0.744048 0.614092 0.000000 0.681172 0.682615 0.682127 0.692830 0.685568 0.702682 0.689114 0.687304
4 0.738635 0.666349 0.681251 0.000000 0.677210 0.688722 0.700207 0.656958 0.629724 0.488240 0.526366
5 0.737731 0.647367 0.682496 0.677131 0.000000 0.621697 0.630240 0.674362 0.696722 0.679738 0.673396
6 0.754889 0.671753 0.682087 0.688523 0.621379 0.000000 0.546737 0.683104 0.710153 0.691895 0.684602
7 0.742509 0.666985 0.692711 0.700167 0.630002 0.546618 0.000000 0.687515 0.714723 0.700238 0.705583
8 0.735874 0.645077 0.685608 0.656719 0.674243 0.682866 0.687594 0.000000 0.665461 0.657251 0.660931
9 0.747626 0.654997 0.702802 0.629684 0.696801 0.710590 0.715239 0.665382 0.000000 0.647159 0.638188
10 0.726222 0.668931 0.689352 0.488161 0.679897 0.691776 0.700199 0.657251 0.647120 0.000000 0.524633
11 0.727598 0.662309 0.687463 0.526366 0.673594 0.684840 0.706020 0.661289 0.638148 0.524712 0.000000
