11
1 0.000000 0.608255 0.597352 0.541472 0.597157 0.592290 0.624805 0.582052 0.564252 0.573988 0.556464
2 0.607282 0.000000 0.568341 0.552872 0.555794 0.555599 0.557741 0.351567 0.327556 0.518497 0.546340
3 0.597547 0.568536 0.000000 0.581581 0.538746 0.537967 0.579829 0.575822 0.545171 0.537578 0.583528
4 0.542251 0.553651 0.581776 0.000000 0.459396 0.525998 0.562415 0.523847 0.502824 0.539330 0.523170
5 0.598131 0.557157 0.538551 0.459202 0.000000 0.541577 0.531840 0.507689 0.529893 0.602220 0.595405
6 0.592290 0.555599 0.538357 0.525414 0.541772 0.000000 0.399805 0.529687 0.552288 0.448793 0.298481
7 0.624221 0.557157 0.578660 0.561246 0.531451 0.399416 0.000000 0.511193 0.534177 0.433995 0.398754
8 0.582246 0.351956 0.575433 0.524041 0.507689 0.530271 0.512167 0.000000 0.361300 0.493479 0.529103
9 0.564058 0.328335 0.544587 0.502824 0.529698 0.552678 0.535151 0.360911 0.000000 0.506620 0.545755
10 0.573793 0.518692 0.536994 0.538941 0.601830 0.449182 0.434774 0.492895 0.506231 0.000000 0.458139
11 0.556659 0.547118 0.583333 0.522975 0.594821 0.298676 0.399533 0.528324 0.545171 0.457944 0.000000
