11
1 0.000000 0.065193 0.073789 0.075649 0.078022 0.111784 0.080992 0.075399 0.078918 0.105525 0.143646
2 0.063536 0.000000 0.049009 0.062949 0.054396 0.101322 0.064463 0.064942 0.070088 0.087293 0.134807
3 0.075441 0.051762 0.000000 0.067731 0.058791 0.104075 0.068833 0.064392 0.072137 0.091410 0.143722
4 0.077305 0.064605 0.066630 0.000000 0.064286 0.108480 0.070523 0.061640 0.069536 0.090558 0.138045
5 0.086264 0.060989 0.062088 0.069780 0.000000 0.104945 0.075824 0.063187 0.077473 0.091758 0.146703
6 0.112885 0.102974 0.101872 0.109031 0.100549 0.000000 0.112335 0.108420 0.116740 0.124449 0.174009
7 0.084298 0.068320 0.068833 0.072176 0.071429 0.113436 0.000000 0.064392 0.070523 0.097521 0.145455
8 0.079802 0.070996 0.064942 0.065493 0.061538 0.111172 0.064942 0.000000 0.073748 0.093561 0.146946
9 0.078918 0.071192 0.068833 0.068985 0.070879 0.114537 0.069421 0.069895 0.000000 0.100442 0.146247
10 0.103867 0.085635 0.087004 0.087797 0.083516 0.121696 0.093113 0.086957 0.099338 0.000000 0.159204
11 0.139227 0.131492 0.133811 0.133628 0.135165 0.165198 0.138843 0.135938 0.140177 0.153676 0.000000
