11
1 0.000000 0.364250 0.377104 0.394558 0.391156 0.357983 0.374150 0.386824 0.368243 0.388136 0.389830
2 0.365936 0.000000 0.255892 0.369309 0.338954 0.331092 0.328836 0.344013 0.298482 0.386172 0.338954
3 0.368687 0.252525 0.000000 0.350168 0.367003 0.337815 0.343434 0.353535 0.313131 0.353535 0.335017
4 0.372449 0.347386 0.333333 0.000000 0.340753 0.336134 0.313458 0.363176 0.339527 0.313559 0.344068
5 0.382653 0.322091 0.346801 0.337329 0.000000 0.324370 0.320273 0.293919 0.356419 0.354237 0.286441
6 0.359664 0.326050 0.331092 0.352941 0.331092 0.000000 0.327731 0.312605 0.324370 0.342857 0.319328
7 0.369048 0.322091 0.338384 0.321976 0.318569 0.322689 0.000000 0.347973 0.337838 0.344068 0.310169
8 0.376689 0.330523 0.341751 0.371622 0.297297 0.314286 0.353041 0.000000 0.309122 0.339527 0.312500
9 0.351351 0.298482 0.308081 0.356419 0.371622 0.336134 0.347973 0.314189 0.000000 0.364865 0.326014
10 0.396610 0.369309 0.345118 0.322034 0.367797 0.326050 0.350847 0.332770 0.346284 0.000000 0.328814
11 0.377966 0.323777 0.323232 0.345763 0.289831 0.302521 0.303390 0.312500 0.319257 0.322034 0.000000
