11
1 0.000000 0.277594 0.240903 0.261919 0.298229 0.265914 0.296477 0.284741 0.280654 0.276600 0.265278
2 0.277983 0.000000 0.260946 0.264448 0.270002 0.239245 0.285381 0.266835 0.267808 0.269792 0.238225
3 0.241487 0.261140 0.000000 0.231173 0.266783 0.232536 0.238373 0.193423 0.247714 0.160864 0.238179
4 0.262502 0.265032 0.231173 0.000000 0.238373 0.240514 0.253162 0.225725 0.240319 0.236141 0.241487
5 0.298618 0.270391 0.266394 0.238373 0.000000 0.227175 0.242554 0.253211 0.260023 0.277572 0.243675
6 0.266109 0.239245 0.232146 0.240125 0.226981 0.000000 0.247810 0.244453 0.242118 0.256565 0.228104
7 0.296866 0.285186 0.237984 0.252968 0.242165 0.247810 0.000000 0.237252 0.242701 0.272321 0.231608
8 0.285130 0.267225 0.193228 0.225530 0.253211 0.244648 0.238030 0.000000 0.239004 0.199767 0.235889
9 0.281432 0.268782 0.247714 0.240514 0.260413 0.242701 0.243675 0.239393 0.000000 0.237308 0.225769
10 0.276989 0.270764 0.160864 0.236335 0.277961 0.257148 0.273488 0.200156 0.237308 0.000000 0.246645
11 0.265473 0.238225 0.238568 0.241487 0.243480 0.228494 0.231997 0.236084 0.225574 0.246450 0.000000
