11
1 0.000000 0.215080 0.217088 0.216463 0.212468 0.220998 0.206839 0.217049 0.223039 0.212993 0.208604
2 0.216394 0.000000 0.171822 0.173780 0.173918 0.180133 0.168703 0.171055 0.169578 0.124246 0.164413
3 0.216378 0.170331 0.000000 0.170871 0.176732 0.177975 0.140295 0.173575 0.172914 0.167519 0.171547
4 0.218450 0.175732 0.171900 0.000000 0.162178 0.168742 0.166684 0.156963 0.178180 0.166046 0.155295
5 0.211970 0.172284 0.176554 0.159553 0.000000 0.141755 0.166004 0.124033 0.173908 0.172737 0.122174
6 0.219363 0.178002 0.176268 0.166826 0.141791 0.000000 0.166821 0.145326 0.177210 0.175080 0.143506
7 0.209573 0.168738 0.142319 0.165868 0.167460 0.169519 0.000000 0.165377 0.171282 0.164359 0.160011
8 0.219568 0.172723 0.174533 0.157495 0.126020 0.149798 0.166797 0.000000 0.177550 0.172546 0.124352
9 0.224210 0.171140 0.174405 0.177719 0.174263 0.180192 0.171494 0.176450 0.000000 0.174973 0.177084
10 0.212709 0.124494 0.168051 0.165443 0.175577 0.177032 0.164963 0.171304 0.174973 0.000000 0.161076
11 0.209172 0.164803 0.173357 0.154586 0.123452 0.145884 0.159692 0.124565 0.175558 0.162531 0.000000
