11
1 0.000000 0.095491 0.047745 0.092593 0.068966 0.047745 0.037135 0.092838 0.068966 0.060686 0.044974
2 0.092838 0.000000 0.106101 0.137566 0.127321 0.106101 0.092838 0.137931 0.116711 0.118734 0.105820
3 0.047745 0.106101 0.000000 0.103175 0.074271 0.058355 0.047745 0.103448 0.082228 0.073879 0.060847
4 0.092593 0.137566 0.103175 0.000000 0.124339 0.103175 0.092593 0.124339 0.082011 0.113456 0.100529
5 0.068966 0.127321 0.074271 0.124339 0.000000 0.079576 0.068966 0.092838 0.092838 0.084433 0.074074
6 0.047745 0.103448 0.058355 0.103175 0.079576 0.000000 0.047745 0.103448 0.079576 0.073879 0.058201
7 0.037135 0.095491 0.047745 0.092593 0.068966 0.047745 0.000000 0.092838 0.068966 0.063325 0.047619
8 0.092838 0.137931 0.103448 0.124339 0.092838 0.103448 0.092838 0.000000 0.092838 0.108179 0.095238
9 0.068966 0.116711 0.082228 0.082011 0.092838 0.082228 0.068966 0.092838 0.000000 0.094987 0.082011
10 0.060686 0.118734 0.073879 0.113456 0.087071 0.073879 0.063325 0.108179 0.094987 0.000000 0.060686
11 0.047619 0.105820 0.060847 0.100529 0.074074 0.060847 0.050265 0.095238 0.082011 0.063325 0.000000
