11
1 0.000000 0.097696 0.103037 0.099008 0.102745 0.103918 0.104271 0.098483 0.102887 0.101927 0.101063
2 0.097696 0.000000 0.080448 0.090334 0.083191 0.085987 0.081975 0.082744 0.082180 0.078113 0.088057
3 0.105203 0.081833 0.000000 0.092559 0.087089 0.087622 0.083715 0.088901 0.090357 0.083863 0.091565
4 0.099755 0.090796 0.091565 0.000000 0.091187 0.092609 0.088366 0.089246 0.088627 0.093374 0.088519
5 0.102211 0.083298 0.085704 0.090263 0.000000 0.076327 0.083360 0.075070 0.072414 0.065940 0.089407
6 0.102247 0.084635 0.084283 0.090725 0.075082 0.000000 0.086768 0.069563 0.074021 0.074600 0.091575
7 0.106046 0.083999 0.084035 0.089715 0.085845 0.090283 0.000000 0.091774 0.089928 0.082479 0.090105
8 0.099265 0.083384 0.088084 0.089210 0.076136 0.071944 0.090567 0.000000 0.074431 0.075026 0.090063
9 0.102034 0.081682 0.088119 0.087561 0.071987 0.075160 0.087549 0.073223 0.000000 0.071122 0.092001
10 0.104198 0.080243 0.084395 0.095220 0.068283 0.078042 0.082798 0.075842 0.073855 0.000000 0.091032
11 0.101311 0.089514 0.091280 0.088661 0.090331 0.093529 0.089502 0.090169 0.092605 0.089364 0.000000
