11
1 0.000000 0.247150 0.235033 0.248483 0.245082 0.243024 0.248831 0.238434 0.249681 0.239519 0.241217
2 0.247034 0.000000 0.207156 0.220449 0.214112 0.217821 0.207581 0.205611 0.203292 0.214636 0.201747
3 0.233873 0.206847 0.000000 0.203603 0.213769 0.210443 0.204144 0.167227 0.206695 0.141185 0.196219
4 0.248638 0.219947 0.202520 0.000000 0.184915 0.184935 0.208111 0.205090 0.214427 0.208029 0.201980
5 0.244579 0.213725 0.213112 0.185456 0.000000 0.168934 0.204554 0.204709 0.214427 0.215216 0.205482
6 0.243720 0.218015 0.211796 0.187408 0.169707 0.000000 0.208704 0.208047 0.216124 0.213902 0.203989
7 0.247826 0.206268 0.204337 0.208382 0.204709 0.206462 0.000000 0.201345 0.174765 0.211120 0.191526
8 0.238279 0.205263 0.167691 0.205592 0.204361 0.206617 0.202389 0.000000 0.196413 0.163672 0.198461
9 0.250763 0.203447 0.206850 0.214697 0.215316 0.215429 0.174997 0.196374 0.000000 0.213091 0.203023
10 0.239094 0.215486 0.140605 0.210309 0.215409 0.212202 0.211429 0.163788 0.213091 0.000000 0.211197
11 0.241217 0.201206 0.195717 0.203449 0.205675 0.201206 0.192260 0.197687 0.202907 0.211468 0.000000
