11
1 0.000000 0.493898 0.487477 0.471237 0.457903 0.484032 0.472032 0.476411 0.515716 0.453738 0.474705
2 0.498706 0.000000 0.258932 0.322919 0.283050 0.285213 0.294813 0.290496 0.374635 0.296228 0.273080
3 0.509392 0.276243 0.000000 0.297556 0.262615 0.290424 0.305709 0.295028 0.366411 0.281952 0.249355
4 0.497335 0.346627 0.284139 0.000000 0.290572 0.274398 0.266679 0.259144 0.344664 0.287447 0.248484
5 0.461965 0.297821 0.263904 0.266128 0.000000 0.255677 0.254754 0.256832 0.337902 0.222858 0.209195
6 0.487908 0.297028 0.298711 0.268149 0.273399 0.000000 0.208049 0.213218 0.342836 0.268414 0.221340
7 0.473879 0.291121 0.303131 0.246646 0.258446 0.208049 0.000000 0.176112 0.328034 0.260292 0.219125
8 0.479556 0.292160 0.277901 0.252343 0.259786 0.211556 0.186450 0.000000 0.347953 0.256614 0.209010
9 0.538012 0.403509 0.372807 0.347588 0.349598 0.352705 0.356177 0.359466 0.000000 0.365132 0.320175
10 0.448187 0.282914 0.269613 0.255100 0.218058 0.243124 0.250692 0.247179 0.346674 0.000000 0.223966
11 0.457533 0.278988 0.259484 0.226429 0.211595 0.218940 0.218571 0.209010 0.292763 0.233567 0.000000
