11
1 0.000000 0.311225 0.318338 0.305831 0.293557 0.327106 0.297751 0.286504 0.319108 0.323232 0.306270
2 0.310463 0.000000 0.293310 0.262195 0.295216 0.259958 0.273871 0.276920 0.291103 0.295216 0.253288
3 0.317194 0.291786 0.000000 0.234566 0.278986 0.263258 0.240511 0.252288 0.280244 0.257480 0.253478
4 0.306784 0.262576 0.235709 0.000000 0.262195 0.245808 0.237043 0.252096 0.285769 0.270960 0.245236
5 0.292794 0.295597 0.279176 0.261242 0.000000 0.301106 0.261442 0.194889 0.294913 0.296741 0.271012
6 0.326344 0.259767 0.264403 0.245617 0.301297 0.000000 0.247568 0.271930 0.261764 0.302077 0.267581
7 0.297941 0.273871 0.240893 0.236090 0.261823 0.248522 0.000000 0.256484 0.255477 0.269297 0.248332
8 0.285551 0.276158 0.252860 0.250381 0.194127 0.272311 0.256293 0.000000 0.268432 0.275586 0.254812
9 0.319108 0.291294 0.281196 0.286340 0.295866 0.262717 0.255668 0.268813 0.000000 0.297390 0.265193
10 0.322661 0.297503 0.259005 0.270770 0.297313 0.305889 0.271203 0.275777 0.297771 0.000000 0.273680
11 0.305889 0.254241 0.253669 0.245427 0.271203 0.269106 0.248904 0.254812 0.265003 0.271774 0.000000
