11
1 0.000000 0.840734 0.822302 0.832570 0.845952 0.843721 0.826118 0.843204 0.843582 0.840655 0.826038
2 0.840874 0.000000 0.831223 0.840091 0.852836 0.856221 0.837741 0.778736 0.851621 0.790286 0.830293
3 0.822362 0.831063 0.000000 0.821585 0.815771 0.839785 0.819634 0.835882 0.836659 0.825886 0.818280
4 0.832630 0.840091 0.821605 0.000000 0.844768 0.829868 0.796885 0.840135 0.830349 0.834591 0.822038
5 0.845972 0.852796 0.815930 0.844807 0.000000 0.856039 0.837519 0.855462 0.856836 0.847994 0.838733
6 0.843841 0.856141 0.839845 0.829967 0.856059 0.000000 0.797483 0.855231 0.757314 0.847197 0.839305
7 0.826078 0.837602 0.819614 0.796865 0.837539 0.797403 0.000000 0.838130 0.791608 0.827840 0.815247
8 0.843124 0.778716 0.835802 0.840015 0.855342 0.855191 0.838130 0.000000 0.852980 0.797570 0.829785
9 0.843443 0.851502 0.836539 0.830329 0.856676 0.757115 0.791508 0.852921 0.000000 0.844150 0.838488
10 0.840615 0.790286 0.826165 0.834691 0.848093 0.847277 0.828059 0.797710 0.844309 0.000000 0.825630
11 0.826058 0.830233 0.818220 0.821939 0.838654 0.839305 0.815247 0.829925 0.838588 0.825490 0.000000
