11
1 0.000000 0.286441 0.262712 0.269492 0.274576 0.277966 0.264407 0.266102 0.262712 0.283051 0.269492
2 0.281356 0.000000 0.242735 0.239316 0.251282 0.237201 0.232479 0.222034 0.250853 0.218430 0.239796
3 0.255932 0.242735 0.000000 0.219178 0.174658 0.232082 0.238014 0.232203 0.220137 0.221843 0.236395
4 0.264407 0.234188 0.214041 0.000000 0.228522 0.206485 0.238014 0.230508 0.230375 0.220137 0.263605
5 0.262712 0.249573 0.176370 0.233677 0.000000 0.261092 0.248288 0.237288 0.225256 0.242321 0.238095
6 0.272881 0.247440 0.232082 0.213311 0.266212 0.000000 0.245734 0.250847 0.226962 0.228669 0.251701
7 0.259322 0.229060 0.231164 0.239726 0.253425 0.238908 0.000000 0.223729 0.237201 0.237201 0.224490
8 0.266102 0.228814 0.237288 0.244068 0.250847 0.261017 0.240678 0.000000 0.245763 0.240678 0.223729
9 0.261017 0.252560 0.225256 0.247440 0.226962 0.221843 0.242321 0.237288 0.000000 0.240614 0.231293
10 0.271186 0.206485 0.215017 0.218430 0.237201 0.216724 0.237201 0.222034 0.237201 0.000000 0.200680
11 0.274576 0.239796 0.239796 0.272109 0.244898 0.250000 0.236395 0.220339 0.238095 0.212585 0.000000
