11
1 0.000000 0.638720 0.609796 0.610347 0.610225 0.589375 0.591035 0.649696 0.596569 0.553601 0.615639
2 0.607281 0.000000 0.505779 0.469455 0.486531 0.473249 0.461114 0.606178 0.462217 0.493678 0.470264
3 0.602642 0.511833 0.000000 0.498624 0.467290 0.474408 0.473858 0.539351 0.427628 0.446399 0.514584
4 0.606494 0.468905 0.515135 0.000000 0.547004 0.490919 0.500275 0.610897 0.481563 0.487081 0.478811
5 0.619021 0.484332 0.487081 0.562397 0.000000 0.483782 0.478285 0.479934 0.473887 0.474436 0.536009
6 0.592142 0.471594 0.470556 0.482664 0.488730 0.000000 0.465116 0.515504 0.425249 0.407367 0.492841
7 0.593248 0.455047 0.475509 0.488718 0.476086 0.460133 0.000000 0.559313 0.445736 0.370533 0.497247
8 0.623686 0.611142 0.563016 0.600991 0.461792 0.514396 0.544900 0.000000 0.484496 0.556899 0.637665
9 0.578307 0.464975 0.429279 0.482113 0.450797 0.424142 0.466224 0.503322 0.000000 0.398571 0.514868
10 0.572292 0.507422 0.457394 0.512919 0.488730 0.417812 0.391424 0.579989 0.412314 0.000000 0.517317
11 0.609581 0.476872 0.521189 0.492020 0.542606 0.486233 0.496145 0.634361 0.505507 0.516218 0.000000
