11
1 0.000000 0.276352 0.267714 0.289922 0.283282 0.271973 0.285979 0.283457 0.275958 0.274946 0.280333
2 0.278825 0.000000 0.251078 0.232767 0.243277 0.244315 0.251699 0.248223 0.238566 0.235403 0.207471
3 0.279421 0.253543 0.000000 0.265558 0.269254 0.246466 0.256007 0.211337 0.260937 0.246765 0.255699
4 0.299535 0.229366 0.262477 0.000000 0.253870 0.257222 0.252934 0.265799 0.248455 0.239110 0.242667
5 0.289164 0.243586 0.263093 0.246130 0.000000 0.243085 0.214947 0.272755 0.237948 0.224900 0.248842
6 0.278734 0.247695 0.243085 0.256300 0.250154 0.000000 0.255685 0.255993 0.249846 0.238476 0.244622
7 0.296788 0.256949 0.257856 0.250154 0.219889 0.255071 0.000000 0.263125 0.241816 0.217418 0.249460
8 0.288414 0.252550 0.205792 0.265799 0.272755 0.251998 0.261272 0.000000 0.253708 0.260117 0.266749
9 0.278739 0.239802 0.259396 0.249073 0.235476 0.244929 0.243051 0.257726 0.000000 0.239419 0.240815
10 0.281742 0.238492 0.243376 0.237875 0.223973 0.240934 0.218036 0.260426 0.241582 0.000000 0.230318
11 0.284347 0.209941 0.259396 0.243285 0.255326 0.246159 0.246681 0.266132 0.242667 0.229701 0.000000
