11
1 0.000000 0.789026 0.829899 0.790937 0.865655 0.822842 0.790380 0.820223 0.794262 0.830257 0.823210
2 0.789106 0.000000 0.805249 0.625530 0.862377 0.778348 0.640543 0.851224 0.742474 0.853414 0.848496
3 0.829839 0.805129 0.000000 0.817986 0.892402 0.839943 0.804441 0.869576 0.813690 0.881962 0.873586
4 0.791057 0.625450 0.818006 0.000000 0.868210 0.782509 0.591704 0.850122 0.746476 0.855519 0.851342
5 0.865795 0.862257 0.892322 0.868290 0.000000 0.882207 0.866896 0.906439 0.876424 0.909565 0.907793
6 0.823041 0.778488 0.840082 0.782649 0.882266 0.000000 0.777771 0.869486 0.704471 0.875737 0.877548
7 0.790400 0.640483 0.804601 0.591724 0.866956 0.777532 0.000000 0.855061 0.757347 0.859461 0.856360
8 0.820184 0.851044 0.869676 0.850142 0.906320 0.869386 0.854901 0.000000 0.849805 0.712411 0.665439
9 0.794402 0.742514 0.813849 0.746496 0.876623 0.704451 0.757386 0.849984 0.000000 0.859282 0.861910
10 0.830238 0.853294 0.881942 0.855578 0.909505 0.875597 0.859441 0.712431 0.859043 0.000000 0.717787
11 0.823349 0.848536 0.873765 0.851442 0.907952 0.877568 0.856480 0.665498 0.861870 0.717887 0.000000
