11
1 0.000000 0.115178 0.127149 0.117286 0.111830 0.122039 0.112234 0.119022 0.128381 0.124730 0.106604
2 0.118048 0.000000 0.096705 0.092573 0.090061 0.093290 0.086473 0.103337 0.105131 0.101184 0.082885
3 0.133954 0.098854 0.000000 0.128940 0.107092 0.117837 0.101003 0.124642 0.135029 0.122851 0.102794
4 0.116204 0.087908 0.121777 0.000000 0.093132 0.102656 0.102851 0.103200 0.117562 0.111031 0.105887
5 0.111830 0.088626 0.103510 0.096368 0.000000 0.103374 0.090255 0.089536 0.109673 0.103560 0.081479
6 0.126705 0.092931 0.115330 0.108040 0.105169 0.000000 0.104810 0.100503 0.124910 0.117014 0.096913
7 0.111873 0.081091 0.093123 0.101768 0.086300 0.099785 0.000000 0.096009 0.106744 0.093006 0.089017
8 0.120101 0.103337 0.121777 0.107875 0.089536 0.099785 0.101402 0.000000 0.122977 0.117584 0.092965
9 0.129823 0.101543 0.128940 0.119365 0.107875 0.121321 0.108547 0.119741 0.000000 0.087599 0.119526
10 0.124369 0.098314 0.118195 0.112833 0.102481 0.113783 0.095530 0.112549 0.087960 0.000000 0.106963
11 0.110194 0.082526 0.100287 0.110912 0.083991 0.096913 0.094760 0.094760 0.123475 0.109835 0.000000
