11
1 0.000000 0.113351 0.111074 0.116160 0.121613 0.115664 0.117967 0.122274 0.128553 0.114191 0.114673
2 0.112855 0.000000 0.082894 0.081693 0.098065 0.075728 0.091239 0.082328 0.093931 0.074257 0.085828
3 0.115689 0.088332 0.000000 0.086355 0.106295 0.092782 0.081246 0.103823 0.102340 0.092617 0.096737
4 0.115829 0.080867 0.079763 0.000000 0.100911 0.076224 0.090084 0.098363 0.098377 0.082838 0.095963
5 0.121282 0.098727 0.099374 0.099751 0.000000 0.101521 0.095859 0.113242 0.109639 0.102145 0.101754
6 0.113681 0.075893 0.086849 0.078042 0.103505 0.000000 0.095859 0.093073 0.099868 0.066172 0.086971
7 0.124567 0.098169 0.080916 0.097014 0.101468 0.102458 0.000000 0.111863 0.109058 0.100643 0.096519
8 0.121282 0.081666 0.098220 0.098198 0.113903 0.094396 0.105923 0.000000 0.093404 0.092409 0.084311
9 0.127231 0.092939 0.095089 0.096886 0.108314 0.097553 0.102293 0.091089 0.000000 0.101155 0.084216
10 0.114851 0.075248 0.086849 0.083333 0.102805 0.067492 0.095529 0.094059 0.103630 0.000000 0.092904
11 0.114012 0.084009 0.089815 0.094474 0.101257 0.087302 0.090414 0.083320 0.083885 0.091089 0.000000
