11
1 0.000000 0.207713 0.211019 0.215427 0.225895 0.223140 0.226446 0.232507 0.213774 0.225344 0.210468
2 0.202204 0.000000 0.152870 0.156181 0.145143 0.158389 0.158940 0.169978 0.150110 0.171082 0.151515
3 0.200000 0.150110 0.000000 0.165563 0.156819 0.165837 0.165468 0.163626 0.157546 0.168415 0.158678
4 0.212672 0.162804 0.174945 0.000000 0.160596 0.174945 0.154525 0.179912 0.166667 0.175497 0.147658
5 0.222039 0.151214 0.163998 0.161700 0.000000 0.174489 0.172833 0.179459 0.163446 0.180011 0.160331
6 0.216529 0.160044 0.173024 0.168874 0.172281 0.000000 0.172471 0.170260 0.154782 0.165654 0.164187
7 0.219835 0.161148 0.167128 0.150110 0.170072 0.167496 0.000000 0.180210 0.173024 0.173937 0.141047
8 0.226997 0.174945 0.168601 0.171634 0.171176 0.168601 0.180210 0.000000 0.150359 0.146328 0.177961
9 0.208815 0.151766 0.156993 0.161700 0.159028 0.153676 0.176341 0.151465 0.000000 0.149089 0.163085
10 0.219284 0.169426 0.173385 0.171082 0.173937 0.165102 0.173937 0.147432 0.145224 0.000000 0.175207
11 0.206061 0.156474 0.165289 0.148760 0.155372 0.162534 0.146006 0.179614 0.166391 0.175758 0.000000
