11
1 0.000000 0.220232 0.219470 0.223662 0.250714 0.394170 0.245952 0.220423 0.231854 0.305773 0.489617
2 0.218518 0.000000 0.166222 0.181316 0.172164 0.350810 0.224786 0.160725 0.185891 0.267861 0.477216
3 0.218708 0.166794 0.000000 0.181281 0.194815 0.379146 0.232558 0.173847 0.209493 0.258716 0.480938
4 0.222328 0.181125 0.180518 0.000000 0.186654 0.365942 0.184783 0.157895 0.156369 0.249190 0.476072
5 0.248809 0.171783 0.194053 0.186463 0.000000 0.338990 0.217541 0.175405 0.214681 0.245380 0.484080
6 0.393218 0.351573 0.379146 0.365370 0.340133 0.000000 0.368612 0.347635 0.379291 0.393408 0.568923
7 0.244237 0.224023 0.231224 0.183829 0.216969 0.367849 0.000000 0.191493 0.210185 0.287293 0.490372
8 0.219280 0.160153 0.172703 0.157323 0.175405 0.346873 0.192066 0.000000 0.194736 0.235854 0.473213
9 0.230520 0.184557 0.209112 0.156369 0.214681 0.379863 0.210757 0.194545 0.000000 0.283483 0.479504
10 0.305773 0.268242 0.258525 0.249952 0.246904 0.395123 0.288626 0.236616 0.284626 0.000000 0.524290
11 0.487331 0.475691 0.480366 0.475310 0.482364 0.567970 0.490372 0.470925 0.479314 0.524290 0.000000
