11
1 0.000000 0.126176 0.127011 0.129856 0.126596 0.139381 0.138351 0.125138 0.131898 0.130028 0.122370
2 0.130603 0.000000 0.125623 0.120089 0.126176 0.134956 0.135030 0.088545 0.126932 0.125620 0.117322
3 0.128120 0.122856 0.000000 0.106489 0.117582 0.124447 0.123409 0.114618 0.107064 0.109642 0.107973
4 0.132630 0.118428 0.105935 0.000000 0.124306 0.123894 0.126176 0.112403 0.098786 0.112948 0.099114
5 0.130483 0.123962 0.117027 0.125416 0.000000 0.129425 0.126729 0.122924 0.124724 0.130028 0.117940
6 0.142699 0.134403 0.127212 0.127765 0.131637 0.000000 0.131084 0.131084 0.133002 0.129477 0.122788
7 0.141671 0.134477 0.125623 0.128943 0.129496 0.129978 0.000000 0.127283 0.128035 0.126722 0.126176
8 0.129014 0.087438 0.116279 0.113511 0.122924 0.130531 0.127283 0.000000 0.116998 0.119008 0.112403
9 0.140728 0.130243 0.111479 0.105408 0.130243 0.135210 0.130243 0.121965 0.000000 0.107989 0.115342
10 0.139394 0.128926 0.116253 0.119008 0.136639 0.133333 0.131129 0.125069 0.109091 0.000000 0.116253
11 0.127353 0.117322 0.109081 0.100775 0.117940 0.120022 0.124516 0.112957 0.111479 0.111295 0.000000
