11
1 0.000000 0.284415 0.271662 0.286151 0.282349 0.280323 0.286043 0.274959 0.287871 0.275913 0.277939
2 0.284256 0.000000 0.243196 0.256515 0.249384 0.253954 0.242322 0.240901 0.239630 0.251103 0.236741
3 0.271662 0.243355 0.000000 0.237804 0.248838 0.247328 0.239978 0.201875 0.242362 0.175136 0.230305
4 0.286151 0.256754 0.237804 0.000000 0.219808 0.221000 0.243405 0.240466 0.250000 0.244478 0.237764
5 0.282071 0.249185 0.248639 0.219569 0.000000 0.203306 0.240256 0.239034 0.251430 0.249990 0.241309
6 0.280164 0.253993 0.247169 0.220761 0.203386 0.000000 0.243673 0.242689 0.252424 0.248997 0.238687
7 0.286163 0.242600 0.240137 0.243485 0.240613 0.243951 0.000000 0.237038 0.210497 0.247129 0.227047
8 0.274959 0.241060 0.201875 0.240466 0.239232 0.242848 0.236918 0.000000 0.231802 0.197862 0.233920
9 0.287792 0.239868 0.242362 0.250040 0.251669 0.252583 0.210418 0.231842 0.000000 0.249990 0.238211
10 0.275913 0.251261 0.175136 0.244478 0.250228 0.249156 0.246891 0.197823 0.249911 0.000000 0.247229
11 0.277899 0.236820 0.230225 0.237605 0.241468 0.238807 0.226888 0.233761 0.238091 0.247189 0.000000
