11
1 0.000000 0.080056 0.086097 0.073996 0.069915 0.067606 0.074859 0.064085 0.066104 0.059322 0.068503
2 0.081461 0.000000 0.099719 0.094101 0.091994 0.086376 0.096208 0.074438 0.092697 0.087079 0.101826
3 0.083275 0.097612 0.000000 0.102185 0.107269 0.079577 0.100212 0.091549 0.076653 0.099506 0.094566
4 0.075405 0.096208 0.108527 0.000000 0.083862 0.090141 0.089500 0.080986 0.083685 0.066949 0.085976
5 0.067797 0.090590 0.110797 0.080338 0.000000 0.087324 0.084986 0.075352 0.091421 0.061528 0.078612
6 0.067606 0.086376 0.082394 0.085211 0.085211 0.000000 0.066901 0.067606 0.075246 0.077465 0.077465
7 0.069915 0.089888 0.097389 0.082452 0.081445 0.061972 0.000000 0.071831 0.085795 0.071429 0.091425
8 0.064789 0.072331 0.094366 0.078873 0.076761 0.066197 0.076056 0.000000 0.080872 0.070423 0.080282
9 0.071730 0.100421 0.085091 0.086498 0.098453 0.082278 0.096343 0.087201 0.000000 0.084388 0.085795
10 0.058616 0.085674 0.098800 0.063425 0.062235 0.074648 0.074965 0.068310 0.078059 0.000000 0.077793
11 0.065678 0.102528 0.093860 0.082452 0.077195 0.076056 0.093551 0.080282 0.077356 0.075672 0.000000
