11
1 0.000000 0.038636 0.068182 0.047727 0.027273 0.068182 0.056818 0.047727 0.056818 0.052036 0.063492
2 0.038636 0.000000 0.068182 0.068182 0.047727 0.068182 0.056818 0.040909 0.077273 0.061086 0.088435
3 0.068182 0.068182 0.000000 0.097727 0.077273 0.056818 0.065909 0.090909 0.079545 0.090498 0.097506
4 0.047727 0.068182 0.097727 0.000000 0.056818 0.097727 0.086364 0.077273 0.088636 0.074661 0.097506
5 0.029545 0.047727 0.077273 0.059091 0.000000 0.070455 0.068182 0.050000 0.068182 0.045249 0.070295
6 0.068182 0.068182 0.059091 0.097727 0.070455 0.000000 0.065909 0.072727 0.079545 0.083710 0.079365
7 0.056818 0.056818 0.065909 0.086364 0.065909 0.065909 0.000000 0.079545 0.088636 0.079186 0.106576
8 0.047727 0.043182 0.090909 0.077273 0.050000 0.072727 0.081818 0.000000 0.088636 0.067873 0.077098
9 0.056818 0.077273 0.079545 0.086364 0.068182 0.079545 0.088636 0.086364 0.000000 0.095023 0.088435
10 0.052036 0.061086 0.090498 0.076923 0.045249 0.083710 0.079186 0.067873 0.095023 0.000000 0.092760
11 0.065760 0.088435 0.097506 0.097506 0.070295 0.079365 0.106576 0.079365 0.088435 0.092760 0.000000
