11
1 0.000000 0.901449 0.889855 0.882609 0.891304 0.887600 0.885507 0.893478 0.894928 0.890738 0.885590
2 0.900725 0.000000 0.774638 0.821739 0.813768 0.805797 0.828986 0.836232 0.787681 0.798842 0.782042
3 0.889130 0.777536 0.000000 0.814493 0.809420 0.787681 0.811594 0.827536 0.764493 0.746020 0.804489
4 0.887681 0.820290 0.811594 0.000000 0.780435 0.818116 0.671014 0.816667 0.813043 0.837916 0.777697
5 0.893478 0.814493 0.810145 0.778986 0.000000 0.820290 0.781884 0.819565 0.797826 0.821274 0.787835
6 0.891226 0.805797 0.787681 0.818116 0.818116 0.000000 0.826812 0.820290 0.743478 0.797395 0.787835
7 0.887681 0.828986 0.810145 0.673913 0.781159 0.824638 0.000000 0.826812 0.814493 0.827062 0.787111
8 0.897826 0.843478 0.831884 0.822464 0.819565 0.821014 0.827536 0.000000 0.826087 0.829233 0.800145
9 0.897826 0.789130 0.765217 0.817391 0.797826 0.740580 0.813043 0.823188 0.000000 0.788712 0.778421
10 0.892909 0.799566 0.746744 0.833575 0.821274 0.800289 0.827062 0.831404 0.790159 0.000000 0.809696
11 0.888487 0.782766 0.805938 0.779146 0.788559 0.782042 0.786387 0.797248 0.779146 0.802460 0.000000
