11
1 0.000000 0.725967 0.697739 0.732558 0.744186 0.719823 0.724366 0.733591 0.742525 0.724958 0.722620
2 0.735912 0.000000 0.666851 0.492818 0.677901 0.641436 0.548512 0.619415 0.706630 0.652486 0.663731
3 0.707667 0.680088 0.000000 0.680640 0.659128 0.626034 0.671996 0.675676 0.723111 0.640927 0.711062
4 0.760244 0.482320 0.692223 0.000000 0.688261 0.663344 0.544101 0.690568 0.686633 0.613171 0.709961
5 0.740864 0.671823 0.665196 0.689922 0.000000 0.652824 0.726571 0.674021 0.702104 0.671832 0.635113
6 0.731451 0.676243 0.615554 0.635105 0.668882 0.000000 0.640573 0.554881 0.689369 0.503597 0.668134
7 0.745314 0.531974 0.663727 0.542999 0.710033 0.646637 0.000000 0.648842 0.734840 0.659316 0.706109
8 0.738003 0.606178 0.656922 0.683398 0.682846 0.547159 0.660419 0.000000 0.704909 0.492002 0.673638
9 0.750831 0.712155 0.690568 0.663894 0.702104 0.695460 0.702315 0.692774 0.000000 0.717764 0.694001
10 0.743774 0.667403 0.658025 0.640841 0.693415 0.506918 0.661521 0.497518 0.731599 0.000000 0.694001
11 0.743533 0.643368 0.714364 0.720969 0.630160 0.682994 0.703908 0.674188 0.731976 0.679141 0.000000
