11
1 0.000000 0.878401 0.884839 0.874887 0.882228 0.809922 0.830649 0.868874 0.812382 0.879477 0.879221
2 0.879658 0.000000 0.821391 0.811104 0.854529 0.801916 0.827712 0.818407 0.829126 0.829243 0.770545
3 0.883229 0.820566 0.000000 0.750039 0.836842 0.804713 0.837863 0.769832 0.841438 0.841030 0.829786
4 0.873866 0.810083 0.749804 0.000000 0.842715 0.783958 0.822996 0.743245 0.822485 0.817978 0.813060
5 0.880382 0.852959 0.835546 0.841772 0.000000 0.811651 0.847209 0.827992 0.843907 0.827011 0.835401
6 0.809804 0.801327 0.806049 0.784115 0.811965 0.000000 0.712860 0.785815 0.717496 0.796065 0.795312
7 0.828174 0.826024 0.837431 0.821974 0.845676 0.710818 0.000000 0.821984 0.623452 0.821591 0.821737
8 0.867774 0.818603 0.769871 0.743560 0.828464 0.785933 0.823633 0.000000 0.833255 0.819903 0.806699
9 0.810693 0.826456 0.839788 0.821581 0.843789 0.717103 0.623491 0.831880 0.000000 0.820177 0.834616
10 0.877945 0.828615 0.841227 0.818882 0.827246 0.795358 0.822887 0.819392 0.822298 0.000000 0.816593
11 0.880006 0.769720 0.830258 0.812706 0.835951 0.796019 0.823740 0.806973 0.835951 0.817339 0.000000
