11
1 0.000000 0.178060 0.172399 0.171885 0.166684 0.166957 0.168045 0.170616 0.192133 0.162244 0.163395
2 0.178771 0.000000 0.096475 0.110650 0.103596 0.105686 0.104314 0.104372 0.134621 0.100795 0.097902
3 0.173606 0.096937 0.000000 0.104639 0.098179 0.102226 0.102119 0.102368 0.130905 0.093664 0.091790
4 0.172879 0.111076 0.104604 0.000000 0.096805 0.091019 0.090273 0.090557 0.118033 0.092528 0.082958
5 0.167998 0.104022 0.098073 0.096628 0.000000 0.091739 0.091455 0.094721 0.120882 0.078230 0.081893
6 0.166921 0.105259 0.101445 0.090096 0.091100 0.000000 0.073105 0.068493 0.117474 0.085397 0.078449
7 0.169395 0.104456 0.102616 0.090131 0.090993 0.073780 0.000000 0.071259 0.117012 0.085255 0.078556
8 0.171077 0.103981 0.101338 0.089386 0.093514 0.068280 0.070371 0.000000 0.117793 0.087348 0.079017
9 0.194156 0.134834 0.131047 0.118601 0.120917 0.117935 0.116835 0.118468 0.000000 0.118960 0.110859
10 0.163734 0.101646 0.094302 0.093380 0.078514 0.086852 0.085823 0.089158 0.119315 0.000000 0.080820
11 0.165170 0.098399 0.091967 0.083419 0.082035 0.079479 0.078982 0.080366 0.111569 0.080714 0.000000
