11
1 0.000000 0.103684 0.068743 0.080137 0.097987 0.070262 0.067983 0.087733 0.087353 0.072893 0.076339
2 0.103684 0.000000 0.096884 0.111322 0.126520 0.106763 0.099924 0.120061 0.120061 0.104784 0.112842
3 0.068743 0.096884 0.000000 0.087006 0.095365 0.065350 0.072568 0.090046 0.085486 0.069096 0.070289
4 0.080137 0.111702 0.087386 0.000000 0.104483 0.090426 0.083587 0.097264 0.094605 0.094153 0.096884
5 0.097987 0.126520 0.095365 0.104103 0.000000 0.101824 0.096884 0.091945 0.101064 0.098709 0.105623
6 0.069882 0.106763 0.065350 0.090046 0.101824 0.000000 0.078647 0.094605 0.088526 0.066059 0.070289
7 0.067224 0.099544 0.072188 0.082827 0.096125 0.078267 0.000000 0.085866 0.088906 0.078588 0.082447
8 0.087353 0.120061 0.090426 0.097264 0.091945 0.094605 0.086246 0.000000 0.096505 0.094153 0.101824
9 0.086973 0.120061 0.085486 0.094225 0.100684 0.088526 0.089286 0.096125 0.000000 0.089977 0.098404
10 0.072893 0.104784 0.069096 0.094153 0.098709 0.066059 0.079347 0.094153 0.090357 0.000000 0.075550
11 0.076339 0.112842 0.070289 0.096505 0.105623 0.070289 0.082827 0.101824 0.098784 0.075550 0.000000
