11
1 0.000000 0.676066 0.717332 0.673315 0.724209 0.715956 0.665750 0.716644 0.701513 0.726460 0.714777
2 0.678129 0.000000 0.728336 0.583219 0.741225 0.699931 0.613214 0.724209 0.678596 0.744330 0.734021
3 0.718019 0.734525 0.000000 0.713205 0.777166 0.746905 0.704264 0.760660 0.726272 0.776632 0.767698
4 0.675378 0.583906 0.713893 0.000000 0.753783 0.687070 0.547455 0.738652 0.686382 0.738832 0.731272
5 0.725585 0.741913 0.775103 0.751719 0.000000 0.755678 0.735719 0.785420 0.754301 0.785567 0.776632
6 0.711829 0.697178 0.742779 0.688446 0.756366 0.000000 0.693049 0.752407 0.658637 0.758763 0.749141
7 0.665062 0.614591 0.705640 0.546768 0.737784 0.694425 0.000000 0.743466 0.679284 0.740893 0.739519
8 0.720083 0.726960 0.761348 0.740715 0.784732 0.758597 0.743466 0.000000 0.751032 0.654296 0.612371
9 0.699450 0.676531 0.725585 0.682944 0.757054 0.657261 0.679284 0.746905 0.000000 0.744330 0.756014
10 0.727835 0.745017 0.776632 0.740893 0.786254 0.758763 0.741581 0.654296 0.742955 0.000000 0.651546
11 0.715464 0.733333 0.769072 0.731959 0.780069 0.751890 0.742268 0.616495 0.761512 0.655670 0.000000
