11
1 0.000000 0.245842 0.306838 0.228311 0.314000 0.260143 0.298918 0.219749 0.257338 0.258475 0.264469
2 0.244598 0.000000 0.260236 0.153576 0.268539 0.205008 0.247850 0.158615 0.203749 0.205770 0.210913
3 0.306700 0.260631 0.000000 0.242445 0.328080 0.275727 0.312460 0.237097 0.271705 0.266999 0.273119
4 0.229041 0.155688 0.244063 0.000000 0.248919 0.191378 0.229219 0.135080 0.185298 0.184143 0.194062
5 0.314474 0.269822 0.328831 0.248248 0.000000 0.284772 0.297826 0.245295 0.278492 0.282785 0.289235
6 0.258978 0.205462 0.275609 0.189917 0.283745 0.000000 0.268324 0.186669 0.182730 0.222661 0.227635
7 0.297732 0.247692 0.311670 0.227048 0.296443 0.267593 0.000000 0.222622 0.258727 0.266269 0.270598
8 0.218623 0.159287 0.237018 0.133481 0.244130 0.186451 0.223274 0.000000 0.179906 0.184498 0.189885
9 0.257002 0.204895 0.272061 0.184469 0.277979 0.183284 0.260188 0.180696 0.000000 0.218497 0.224847
10 0.259126 0.207348 0.268400 0.183946 0.283180 0.224200 0.268302 0.186116 0.219385 0.000000 0.187892
11 0.263382 0.211150 0.273020 0.192345 0.288248 0.227714 0.271488 0.189826 0.224334 0.186333 0.000000
