11
1 0.000000 0.603234 0.633081 0.601950 0.599759 0.606333 0.613499 0.598654 0.605977 0.603826 0.598602
2 0.602069 0.000000 0.565364 0.529872 0.530988 0.524266 0.528190 0.381011 0.365309 0.524109 0.522464
3 0.632884 0.566312 0.000000 0.533773 0.531818 0.548068 0.548147 0.547199 0.560862 0.543922 0.553812
4 0.600193 0.529773 0.532332 0.000000 0.420136 0.503094 0.509337 0.522996 0.515998 0.529638 0.505468
5 0.599878 0.532153 0.531206 0.420570 0.000000 0.532588 0.523322 0.531451 0.534247 0.534279 0.536283
6 0.604793 0.524128 0.546666 0.503153 0.531758 0.000000 0.447562 0.519420 0.530859 0.439006 0.345671
7 0.612334 0.528862 0.547673 0.509535 0.522789 0.447701 0.000000 0.522443 0.520147 0.411263 0.422974
8 0.597963 0.381742 0.546331 0.523826 0.531886 0.519855 0.522522 0.000000 0.381366 0.513447 0.524616
9 0.604655 0.365467 0.560013 0.516670 0.534050 0.531353 0.520009 0.380655 0.000000 0.521957 0.519484
10 0.603036 0.525117 0.544080 0.530586 0.534476 0.440072 0.412329 0.513467 0.522629 0.000000 0.441451
11 0.598365 0.523925 0.553595 0.506554 0.537724 0.347270 0.424296 0.525149 0.520451 0.442240 0.000000
