11
1 0.000000 0.119601 0.111296 0.112625 0.120478 0.118106 0.120896 0.122757 0.114618 0.116777 0.119103
2 0.118771 0.000000 0.099285 0.103838 0.105211 0.109596 0.112604 0.091090 0.102675 0.094129 0.109430
3 0.108140 0.095792 0.000000 0.099352 0.104215 0.107095 0.118242 0.108876 0.095032 0.091665 0.099767
4 0.112126 0.105167 0.102675 0.000000 0.098573 0.115302 0.108624 0.110483 0.098355 0.102841 0.088719
5 0.120644 0.107700 0.108364 0.097079 0.000000 0.122801 0.112106 0.112512 0.112015 0.112015 0.109525
6 0.115282 0.108099 0.108761 0.112311 0.119980 0.000000 0.116750 0.117852 0.115800 0.103976 0.115256
7 0.123051 0.114428 0.123217 0.108292 0.112935 0.120398 0.000000 0.111609 0.116750 0.110945 0.116252
8 0.121262 0.090259 0.110705 0.108656 0.111019 0.119016 0.109453 0.000000 0.108822 0.101729 0.119182
9 0.113621 0.101844 0.097192 0.096528 0.110023 0.116465 0.112604 0.107991 0.000000 0.097857 0.093537
10 0.116279 0.094462 0.093662 0.102176 0.111185 0.105972 0.108789 0.102061 0.098687 0.000000 0.098819
11 0.117774 0.105605 0.101765 0.084898 0.107202 0.115423 0.112272 0.118850 0.091876 0.098652 0.000000
