11
1 0.000000 0.339666 0.342705 0.346125 0.386778 0.350171 0.348157 0.350551 0.371439 0.364844 0.350931
2 0.340046 0.000000 0.270137 0.284574 0.286094 0.251424 0.274316 0.285226 0.255982 0.251329 0.309153
3 0.343085 0.269757 0.000000 0.301672 0.318769 0.270414 0.286474 0.276491 0.289024 0.279043 0.311812
4 0.346125 0.284574 0.301292 0.000000 0.319909 0.308773 0.310030 0.327383 0.300038 0.313592 0.304216
5 0.386778 0.285714 0.318389 0.319909 0.000000 0.272693 0.295973 0.283327 0.259780 0.257403 0.336118
6 0.350551 0.251804 0.270414 0.309153 0.273073 0.000000 0.292822 0.224839 0.248766 0.251329 0.314470
7 0.348157 0.274316 0.286094 0.310030 0.295973 0.292442 0.000000 0.306874 0.300418 0.290812 0.333840
8 0.350931 0.284846 0.276491 0.327383 0.283327 0.224459 0.307254 0.000000 0.265477 0.247912 0.319408
9 0.371819 0.255982 0.289024 0.300418 0.260160 0.248386 0.300798 0.265477 0.000000 0.245254 0.315989
10 0.364844 0.251329 0.278664 0.313592 0.257403 0.250569 0.290812 0.247912 0.244875 0.000000 0.331815
11 0.351310 0.308773 0.311812 0.304216 0.336118 0.314470 0.333840 0.319408 0.315989 0.332194 0.000000
