11
1 0.000000 0.611111 0.544974 0.587302 0.566138 0.597884 0.621693 0.626984 0.616402 0.593668 0.542328
2 0.600529 0.000000 0.576720 0.535809 0.570292 0.596817 0.613757 0.580902 0.592593 0.609499 0.560847
3 0.544974 0.582011 0.000000 0.521164 0.529101 0.552910 0.595238 0.597884 0.597884 0.569921 0.515873
4 0.587302 0.543767 0.523810 0.000000 0.496021 0.549072 0.603175 0.564987 0.592593 0.532982 0.436508
5 0.566138 0.572944 0.526455 0.493369 0.000000 0.538462 0.592593 0.541114 0.574074 0.548813 0.441799
6 0.597884 0.612732 0.552910 0.549072 0.538462 0.000000 0.613757 0.612732 0.574074 0.588391 0.529101
7 0.624339 0.621693 0.595238 0.605820 0.592593 0.619048 0.000000 0.624339 0.611111 0.612137 0.595238
8 0.624339 0.583554 0.595238 0.572944 0.549072 0.618037 0.624339 0.000000 0.611111 0.585752 0.560847
9 0.608466 0.597884 0.589947 0.589947 0.571429 0.574074 0.605820 0.611111 0.000000 0.609499 0.558201
10 0.588391 0.620053 0.564644 0.540897 0.548813 0.591029 0.606860 0.583113 0.617414 0.000000 0.530343
11 0.542328 0.563492 0.515873 0.439153 0.444444 0.529101 0.587302 0.560847 0.558201 0.532982 0.000000
