11
1 0.000000 0.514315 0.504007 0.509421 0.515248 0.526890 0.526537 0.496764 0.518009 0.502429 0.518726
2 0.511196 0.000000 0.439250 0.442376 0.441774 0.472285 0.490706 0.420976 0.456641 0.428774 0.384233
3 0.501945 0.443088 0.000000 0.423471 0.442424 0.462622 0.487014 0.428098 0.447552 0.431845 0.439071
4 0.504043 0.445461 0.420585 0.000000 0.446572 0.460489 0.485024 0.435652 0.447792 0.438898 0.453548
5 0.513222 0.447137 0.448718 0.450374 0.000000 0.474741 0.494685 0.416253 0.455243 0.401259 0.441433
6 0.527894 0.469739 0.466136 0.467732 0.478308 0.000000 0.508147 0.452816 0.478524 0.464558 0.474167
7 0.527918 0.498808 0.488430 0.483751 0.499238 0.509581 0.000000 0.477854 0.499023 0.487211 0.494560
8 0.494039 0.426081 0.428080 0.425789 0.409814 0.449643 0.475793 0.000000 0.441736 0.412421 0.424924
9 0.500601 0.451894 0.441904 0.441892 0.451226 0.474795 0.490975 0.438249 0.000000 0.453312 0.451119
10 0.500941 0.434733 0.427990 0.437840 0.401259 0.462640 0.488412 0.406677 0.453366 0.000000 0.433123
11 0.516843 0.387140 0.436023 0.448025 0.439747 0.470421 0.494649 0.424978 0.455030 0.433733 0.000000
