11
1 0.000000 0.394475 0.366213 0.376150 0.371271 0.392489 0.371229 0.391976 0.390217 0.390504 0.373711
2 0.393370 0.000000 0.342289 0.347810 0.336648 0.336524 0.360191 0.352227 0.368886 0.362532 0.356775
3 0.365845 0.343762 0.000000 0.322414 0.334192 0.351859 0.343267 0.324623 0.356381 0.324255 0.361060
4 0.373942 0.347442 0.321678 0.000000 0.343025 0.324255 0.340692 0.304380 0.349761 0.328303 0.348914
5 0.369797 0.336648 0.332720 0.342657 0.000000 0.354566 0.350625 0.257269 0.362266 0.328671 0.339838
6 0.392121 0.337997 0.354067 0.326095 0.355302 0.000000 0.316777 0.326095 0.328430 0.369525 0.354197
7 0.372701 0.362399 0.345107 0.342163 0.353201 0.317881 0.000000 0.346946 0.324752 0.343267 0.347314
8 0.390504 0.352595 0.324255 0.304380 0.256901 0.325727 0.344739 0.000000 0.339095 0.325359 0.350018
9 0.391688 0.371092 0.357852 0.350129 0.365208 0.329165 0.324016 0.339463 0.000000 0.367415 0.353071
10 0.390504 0.363636 0.325359 0.329039 0.330512 0.370261 0.342531 0.325359 0.366311 0.000000 0.354803
11 0.372607 0.357511 0.359220 0.348546 0.340206 0.353093 0.345107 0.350386 0.350864 0.352963 0.000000
