11
1 0.000000 0.114347 0.101635 0.105188 0.098792 0.088131 0.105899 0.097872 0.101635 0.104890 0.108031
2 0.116477 0.000000 0.102273 0.085227 0.093040 0.099432 0.075994 0.098582 0.083097 0.080085 0.067472
3 0.093106 0.093040 0.000000 0.089031 0.033452 0.058405 0.091038 0.060284 0.081851 0.090716 0.082445
4 0.103056 0.076705 0.093305 0.000000 0.083986 0.074786 0.085349 0.075887 0.066904 0.083629 0.079602
5 0.098081 0.084517 0.034875 0.083274 0.000000 0.055516 0.091038 0.060284 0.080427 0.085755 0.076759
6 0.086709 0.095170 0.060541 0.075499 0.055516 0.000000 0.093172 0.058156 0.076157 0.091425 0.084577
7 0.105188 0.073864 0.099573 0.088193 0.098151 0.095306 0.000000 0.099291 0.093172 0.072998 0.072495
8 0.092199 0.090780 0.064539 0.074468 0.060284 0.058865 0.093617 0.000000 0.079433 0.082211 0.081560
9 0.100213 0.075994 0.084698 0.068327 0.079715 0.071886 0.087482 0.080851 0.000000 0.090007 0.073205
10 0.109142 0.080085 0.100638 0.089298 0.090716 0.096386 0.074415 0.091425 0.097094 0.000000 0.068746
11 0.108742 0.066051 0.090263 0.083156 0.082445 0.086709 0.072495 0.086525 0.078891 0.068037 0.000000
