11
1 0.000000 0.098472 0.094755 0.110357 0.094915 0.120339 0.127986 0.106780 0.129252 0.112628 0.089679
2 0.106961 0.000000 0.094755 0.083192 0.100000 0.122034 0.113752 0.061017 0.117148 0.122241 0.086294
3 0.106599 0.094755 0.000000 0.096447 0.094755 0.111675 0.125212 0.099831 0.120135 0.108291 0.089679
4 0.117148 0.079796 0.093063 0.000000 0.100000 0.115254 0.129032 0.089831 0.101868 0.112054 0.086294
5 0.106780 0.100000 0.094755 0.103390 0.000000 0.118644 0.113559 0.096610 0.123729 0.125424 0.089679
6 0.132203 0.123729 0.113367 0.120339 0.120339 0.000000 0.138983 0.123729 0.137288 0.130508 0.116751
7 0.131399 0.106961 0.118443 0.125637 0.110169 0.130508 0.000000 0.103390 0.130952 0.127986 0.118443
8 0.116949 0.061017 0.099831 0.094915 0.098305 0.123729 0.110169 0.000000 0.111864 0.123729 0.094755
9 0.136054 0.115450 0.116751 0.101868 0.120339 0.130508 0.132653 0.108475 0.000000 0.124150 0.109983
10 0.117747 0.117148 0.101523 0.106961 0.116949 0.120339 0.126280 0.115254 0.122449 0.000000 0.113367
11 0.101523 0.087986 0.089679 0.087986 0.089679 0.118443 0.125212 0.096447 0.115059 0.120135 0.000000
