11
1 0.000000 0.114026 0.102272 0.097079 0.106071 0.109354 0.109948 0.103390 0.113467 0.107322 0.104954
2 0.110531 0.000000 0.105268 0.106611 0.106304 0.109444 0.115757 0.103874 0.108749 0.095846 0.112850
3 0.106362 0.113055 0.000000 0.100118 0.095740 0.102451 0.108047 0.096449 0.108928 0.102254 0.103258
4 0.100993 0.114276 0.099185 0.000000 0.099932 0.106001 0.096392 0.099803 0.110776 0.104547 0.081591
5 0.109751 0.113969 0.095364 0.099914 0.000000 0.093739 0.111292 0.089760 0.113126 0.104473 0.105241
6 0.111870 0.116128 0.100728 0.104691 0.092716 0.000000 0.113426 0.096915 0.115535 0.107519 0.111289
7 0.114950 0.124023 0.108208 0.097576 0.112225 0.115596 0.000000 0.110378 0.118644 0.113677 0.100965
8 0.107425 0.111980 0.097148 0.100843 0.090495 0.098745 0.109804 0.000000 0.109362 0.102672 0.105129
9 0.107396 0.106218 0.099203 0.100975 0.103378 0.106605 0.107760 0.098960 0.000000 0.097444 0.104883
10 0.110375 0.102724 0.101177 0.103919 0.103342 0.107843 0.111938 0.101471 0.106945 0.000000 0.108148
11 0.109117 0.120440 0.103510 0.082076 0.105385 0.112904 0.099817 0.104878 0.114949 0.109010 0.000000
