11
1 0.000000 0.191187 0.177936 0.206945 0.202279 0.210826 0.225852 0.240028 0.193732 0.190883 0.199147
2 0.193319 0.000000 0.162758 0.183558 0.180526 0.189765 0.190341 0.182658 0.168444 0.160625 0.170576
3 0.193594 0.162047 0.000000 0.163714 0.170819 0.175801 0.181108 0.153737 0.168683 0.096085 0.174253
4 0.213324 0.188519 0.170092 0.000000 0.178597 0.146704 0.177888 0.185684 0.182140 0.141035 0.194897
5 0.187322 0.176972 0.167972 0.158753 0.000000 0.148148 0.178977 0.170592 0.147143 0.148148 0.139403
6 0.211538 0.189055 0.177224 0.140326 0.153134 0.000000 0.188920 0.185897 0.182336 0.171652 0.175676
7 0.227273 0.190341 0.181818 0.193480 0.182528 0.189631 0.000000 0.214489 0.153409 0.168324 0.160511
8 0.239316 0.179104 0.150890 0.172927 0.189864 0.180199 0.207386 0.000000 0.189864 0.134615 0.183499
9 0.192308 0.164179 0.165836 0.160170 0.167143 0.162393 0.149148 0.189864 0.000000 0.159544 0.152916
10 0.189459 0.157072 0.093238 0.152374 0.165954 0.169516 0.166193 0.136040 0.164530 0.000000 0.163585
11 0.199858 0.168444 0.174253 0.188519 0.159317 0.174253 0.159091 0.191323 0.155050 0.165007 0.000000
