11
1 0.000000 0.119381 0.113293 0.098271 0.119927 0.119199 0.121383 0.100091 0.121565 0.133940 0.116651
2 0.119927 0.000000 0.093472 0.080445 0.104889 0.102335 0.088557 0.074263 0.099599 0.111212 0.081540
3 0.116021 0.096927 0.000000 0.083288 0.107656 0.067467 0.104019 0.084015 0.106383 0.119840 0.088198
4 0.096815 0.078621 0.079651 0.000000 0.090130 0.085751 0.077624 0.065890 0.089400 0.088970 0.084474
5 0.117379 0.104341 0.102200 0.088123 0.000000 0.113910 0.106596 0.086458 0.072837 0.094257 0.102775
6 0.119745 0.101788 0.063466 0.088123 0.113910 0.000000 0.108965 0.090826 0.118839 0.131267 0.095473
7 0.121565 0.089468 0.101109 0.077806 0.110423 0.109876 0.000000 0.058791 0.108783 0.102587 0.098397
8 0.100455 0.076083 0.082742 0.067528 0.090098 0.093011 0.060066 0.000000 0.092100 0.105206 0.086640
9 0.117197 0.097775 0.100927 0.087393 0.071376 0.110989 0.106232 0.087004 0.000000 0.086600 0.096474
10 0.133212 0.111395 0.114566 0.087694 0.095169 0.131632 0.100219 0.101747 0.088423 0.000000 0.104467
11 0.112102 0.078986 0.083106 0.082467 0.101679 0.094195 0.096210 0.083182 0.100128 0.102461 0.000000
