11
1 0.000000 0.115057 0.108665 0.101385 0.109659 0.114879 0.112322 0.108239 0.108807 0.113743 0.110800
2 0.113530 0.000000 0.114292 0.110720 0.110254 0.116584 0.119329 0.109441 0.109623 0.103995 0.116336
3 0.106854 0.114327 0.000000 0.107663 0.097747 0.107173 0.117553 0.101372 0.104224 0.108118 0.109735
4 0.100320 0.110933 0.107877 0.000000 0.102935 0.110227 0.101709 0.104180 0.103478 0.111174 0.085779
5 0.108913 0.109864 0.099133 0.103148 0.000000 0.093182 0.116203 0.092418 0.105716 0.108513 0.107215
6 0.114453 0.117436 0.108345 0.110440 0.093963 0.000000 0.119283 0.103480 0.112038 0.118182 0.117507
7 0.112607 0.120466 0.118370 0.102206 0.116487 0.119105 0.000000 0.114214 0.110263 0.117979 0.102743
8 0.108026 0.109476 0.101905 0.104749 0.092844 0.103196 0.114569 0.000000 0.102199 0.108189 0.109309
9 0.108416 0.110760 0.105431 0.105005 0.106391 0.112642 0.110653 0.102590 0.000000 0.105289 0.107783
10 0.113530 0.103995 0.109326 0.112454 0.108478 0.119176 0.117873 0.107940 0.104721 0.000000 0.114881
11 0.111296 0.118075 0.112361 0.087625 0.108138 0.118572 0.103773 0.110871 0.107747 0.115768 0.000000
