11
1 0.000000 0.427273 0.486364 0.443182 0.498861 0.488636 0.406818 0.495455 0.497727 0.490950 0.469388
2 0.427273 0.000000 0.493182 0.409091 0.495455 0.461364 0.379545 0.490909 0.427273 0.502262 0.473923
3 0.490909 0.495455 0.000000 0.493182 0.527273 0.488636 0.465909 0.515909 0.484091 0.520362 0.505669
4 0.443182 0.411364 0.490909 0.000000 0.522727 0.427273 0.329545 0.509091 0.456818 0.509050 0.462585
5 0.496583 0.493182 0.531818 0.527273 0.000000 0.540909 0.500000 0.538636 0.522727 0.538462 0.528345
6 0.493182 0.461364 0.488636 0.427273 0.538636 0.000000 0.438636 0.513636 0.461364 0.518100 0.485261
7 0.409091 0.381818 0.470455 0.327273 0.500000 0.440909 0.000000 0.500000 0.445455 0.484163 0.471655
8 0.495455 0.495455 0.518182 0.502273 0.538636 0.515909 0.500000 0.000000 0.500000 0.454751 0.433107
9 0.493182 0.427273 0.481818 0.456818 0.520455 0.461364 0.440909 0.495455 0.000000 0.500000 0.496599
10 0.490950 0.502262 0.520362 0.509050 0.540724 0.518100 0.486425 0.454751 0.506787 0.000000 0.445701
11 0.476190 0.480726 0.510204 0.467120 0.530612 0.489796 0.478458 0.435374 0.505669 0.452489 0.000000
