11
1 0.000000 0.828246 0.847682 0.806843 0.846267 0.848786 0.860611 0.826711 0.813466 0.855200 0.810890
2 0.829349 0.000000 0.793306 0.783744 0.806914 0.821993 0.821626 0.784847 0.779698 0.789048 0.742552
3 0.850258 0.791835 0.000000 0.807579 0.835234 0.849890 0.851416 0.811626 0.822296 0.788681 0.763429
4 0.805372 0.783008 0.803532 0.000000 0.807650 0.811626 0.808753 0.773363 0.768212 0.822124 0.768580
5 0.841118 0.806179 0.834130 0.807282 0.000000 0.763516 0.841854 0.809489 0.817212 0.841970 0.809857
6 0.847682 0.822361 0.850258 0.811626 0.763516 0.000000 0.849945 0.819720 0.816409 0.841970 0.813466
7 0.861346 0.817948 0.851416 0.808385 0.844060 0.848106 0.000000 0.830085 0.825303 0.839397 0.816844
8 0.826343 0.785951 0.814937 0.773363 0.811328 0.820456 0.830085 0.000000 0.706034 0.821389 0.790210
9 0.815673 0.779331 0.823400 0.771155 0.816109 0.817881 0.826407 0.704930 0.000000 0.828004 0.763429
10 0.853363 0.791621 0.792356 0.825064 0.843440 0.844542 0.840867 0.824697 0.828372 0.000000 0.777288
11 0.812362 0.741081 0.761589 0.768580 0.809857 0.813834 0.819419 0.788738 0.762325 0.775450 0.000000
