11
1 0.000000 0.313262 0.318338 0.300038 0.289880 0.311475 0.322531 0.305185 0.334857 0.312500 0.295654
2 0.313453 0.000000 0.234566 0.252858 0.245617 0.225229 0.265244 0.236090 0.229905 0.228849 0.258765
3 0.317194 0.233422 0.000000 0.270023 0.249857 0.246283 0.282037 0.261151 0.269524 0.239520 0.265154
4 0.298323 0.252096 0.270023 0.000000 0.255575 0.266107 0.262586 0.281167 0.269714 0.256098 0.256195
5 0.289499 0.245808 0.250619 0.256718 0.000000 0.213836 0.253288 0.228893 0.207238 0.175114 0.266057
6 0.311475 0.225038 0.246855 0.267061 0.214408 0.000000 0.276020 0.191765 0.221714 0.202363 0.265154
7 0.323103 0.265244 0.282990 0.263349 0.253478 0.276210 0.000000 0.304041 0.276571 0.261242 0.282120
8 0.303851 0.236280 0.261342 0.281738 0.228702 0.192718 0.303660 0.000000 0.216000 0.210556 0.259055
9 0.334857 0.230286 0.270857 0.270095 0.207238 0.222286 0.276952 0.216762 0.000000 0.181143 0.263238
10 0.311547 0.228468 0.239710 0.256479 0.175114 0.202363 0.260861 0.210747 0.180381 0.000000 0.272104
11 0.295082 0.258575 0.266107 0.256386 0.266247 0.264392 0.282120 0.259436 0.262667 0.272294 0.000000
