11
1 0.000000 0.195746 0.190814 0.192355 0.188656 0.204686 0.190418 0.193777 0.187731 0.189581 0.199322
2 0.194513 0.000000 0.157050 0.158578 0.187268 0.166357 0.181204 0.155268 0.156742 0.152731 0.179298
3 0.192355 0.159827 0.000000 0.166307 0.181734 0.184202 0.179361 0.155576 0.163221 0.162296 0.182378
4 0.192355 0.157342 0.163838 0.000000 0.182015 0.154869 0.177826 0.159273 0.161370 0.156742 0.184535
5 0.190197 0.186341 0.180191 0.182633 0.000000 0.194685 0.178747 0.179606 0.180500 0.175563 0.149107
6 0.201911 0.164193 0.181425 0.151468 0.190667 0.000000 0.185197 0.169747 0.162913 0.157976 0.192237
7 0.190111 0.183968 0.180283 0.181204 0.179361 0.191032 0.000000 0.176290 0.179361 0.172297 0.185197
8 0.196550 0.158041 0.155884 0.163278 0.180838 0.172520 0.179361 0.000000 0.162662 0.156500 0.175293
9 0.187731 0.158284 0.162913 0.163530 0.182043 0.166615 0.179975 0.160197 0.000000 0.144091 0.177757
10 0.189581 0.154890 0.161987 0.157667 0.175872 0.162913 0.174754 0.156500 0.144708 0.000000 0.177757
11 0.202095 0.186383 0.183611 0.188848 0.151263 0.199014 0.190418 0.174985 0.181146 0.178065 0.000000
