11
1 0.000000 0.259728 0.270015 0.265794 0.263453 0.270193 0.267780 0.262176 0.274272 0.266787 0.262531
2 0.257813 0.000000 0.210562 0.215640 0.211521 0.212409 0.216848 0.206959 0.221713 0.220719 0.207650
3 0.269483 0.210455 0.000000 0.224948 0.227436 0.172941 0.225026 0.221126 0.235967 0.230173 0.210650
4 0.266149 0.216244 0.224841 0.000000 0.218013 0.227383 0.224386 0.224889 0.231886 0.223882 0.226184
5 0.259374 0.210313 0.225552 0.217728 0.000000 0.222866 0.210740 0.210758 0.222005 0.210796 0.217652
6 0.268064 0.211698 0.173119 0.224858 0.223151 0.000000 0.222396 0.218534 0.235028 0.218954 0.211929
7 0.266468 0.215321 0.225808 0.222112 0.211486 0.223391 0.000000 0.160554 0.222858 0.191833 0.219482
8 0.262495 0.207740 0.222723 0.226167 0.213563 0.220131 0.161051 0.000000 0.225031 0.194106 0.220948
9 0.273953 0.220044 0.235683 0.230747 0.220973 0.236202 0.221685 0.223220 0.000000 0.221993 0.230129
10 0.263808 0.216706 0.229391 0.221926 0.210405 0.219132 0.191442 0.190911 0.222384 0.000000 0.215946
11 0.260899 0.206939 0.210330 0.227215 0.218826 0.212925 0.220690 0.220060 0.228565 0.218186 0.000000
