11
1 0.000000 0.611417 0.611417 0.640990 0.647180 0.621733 0.640990 0.611417 0.629986 0.605915 0.645117
2 0.610729 0.000000 0.585282 0.535444 0.572608 0.584308 0.587749 0.591191 0.555403 0.532325 0.513755
3 0.612105 0.586658 0.000000 0.589409 0.610729 0.569464 0.614856 0.515131 0.603164 0.579780 0.605915
4 0.638927 0.536132 0.588033 0.000000 0.578802 0.587061 0.585685 0.593255 0.562973 0.537827 0.567400
5 0.646492 0.571232 0.605227 0.575361 0.000000 0.580867 0.542700 0.615014 0.565427 0.540578 0.599037
6 0.624484 0.584997 0.568088 0.587061 0.580179 0.000000 0.614591 0.574673 0.602202 0.553645 0.594223
7 0.642366 0.587749 0.611417 0.588438 0.544766 0.611838 0.000000 0.614325 0.582645 0.519257 0.599037
8 0.610729 0.591879 0.513755 0.593255 0.615702 0.573985 0.615014 0.000000 0.619835 0.583219 0.608666
9 0.629299 0.552650 0.601788 0.560908 0.566804 0.600826 0.581956 0.617769 0.000000 0.572902 0.583906
10 0.607290 0.531637 0.576341 0.538514 0.542641 0.556396 0.519257 0.587345 0.572215 0.000000 0.541265
11 0.648556 0.515131 0.607978 0.571527 0.603164 0.592847 0.599725 0.610041 0.587345 0.543329 0.000000
