11
1 0.000000 0.136201 0.134781 0.136412 0.142482 0.138682 0.126349 0.140193 0.142518 0.144093 0.127344
2 0.137143 0.000000 0.120743 0.111857 0.115354 0.115407 0.105187 0.111484 0.128158 0.128597 0.107325
3 0.135625 0.120606 0.000000 0.123597 0.124181 0.125795 0.106899 0.123460 0.131622 0.132069 0.114102
4 0.136824 0.111523 0.123048 0.000000 0.114236 0.115335 0.105385 0.110468 0.129685 0.132795 0.105293
5 0.143521 0.115394 0.124161 0.114570 0.000000 0.111647 0.106842 0.107509 0.132498 0.133890 0.113726
6 0.138957 0.114897 0.125304 0.115374 0.111137 0.000000 0.110394 0.100306 0.135120 0.133305 0.113415
7 0.127174 0.105148 0.106683 0.105679 0.106822 0.110884 0.000000 0.103662 0.115400 0.116475 0.101664
8 0.140546 0.110954 0.122910 0.110448 0.106979 0.100228 0.103113 0.000000 0.128409 0.132520 0.108569
9 0.143087 0.127688 0.131210 0.129783 0.131811 0.135415 0.115145 0.128625 0.000000 0.099861 0.125363
10 0.145152 0.128832 0.132206 0.133148 0.133753 0.134011 0.116691 0.133148 0.100214 0.000000 0.121869
11 0.128266 0.107384 0.113847 0.105529 0.113511 0.113866 0.101526 0.109099 0.125795 0.121555 0.000000
