11
1 0.000000 0.216533 0.200104 0.201832 0.220466 0.210966 0.198841 0.209923 0.200104 0.194497 0.194230
2 0.216572 0.000000 0.181672 0.186430 0.200498 0.188381 0.181751 0.188938 0.181214 0.163435 0.173170
3 0.200123 0.181672 0.000000 0.141085 0.182680 0.164994 0.155125 0.166003 0.161397 0.150497 0.147599
4 0.201911 0.186450 0.141085 0.000000 0.190305 0.167642 0.159801 0.170881 0.165077 0.158520 0.153410
5 0.220565 0.200518 0.182759 0.190344 0.000000 0.193749 0.185049 0.196098 0.184053 0.174398 0.174239
6 0.211026 0.188421 0.165074 0.167662 0.193709 0.000000 0.168339 0.174982 0.169892 0.162622 0.157926
7 0.198881 0.181751 0.155125 0.159761 0.184949 0.168299 0.000000 0.156606 0.136867 0.143429 0.146643
8 0.210082 0.189058 0.166122 0.170960 0.196138 0.175042 0.156745 0.000000 0.161961 0.156825 0.162121
9 0.200183 0.181234 0.161437 0.165077 0.184014 0.169872 0.136907 0.161882 0.000000 0.154698 0.152437
10 0.194656 0.163554 0.150616 0.158600 0.174438 0.162681 0.143548 0.156825 0.154777 0.000000 0.147610
11 0.194290 0.173170 0.147619 0.153390 0.174179 0.157906 0.146663 0.162021 0.152397 0.147530 0.000000
