11
1 0.000000 0.648423 0.665339 0.664371 0.683448 0.653498 0.674882 0.681406 0.674377 0.648561 0.658027
2 0.641537 0.000000 0.563202 0.579463 0.624411 0.591074 0.557532 0.626366 0.635707 0.591367 0.578474
3 0.630931 0.537486 0.000000 0.537849 0.566824 0.549076 0.570808 0.610286 0.596314 0.512590 0.531677
4 0.658934 0.579463 0.565737 0.000000 0.614632 0.517779 0.619013 0.641509 0.625587 0.452518 0.585673
5 0.682361 0.633104 0.602680 0.620427 0.000000 0.625498 0.640710 0.592539 0.666787 0.586331 0.625270
6 0.615440 0.559507 0.546903 0.483672 0.587468 0.000000 0.575472 0.613208 0.591977 0.437050 0.551836
7 0.673795 0.583666 0.608113 0.611393 0.635639 0.610668 0.000000 0.668603 0.614745 0.596403 0.599352
8 0.669808 0.639111 0.639623 0.637881 0.580587 0.647678 0.670417 0.000000 0.672208 0.627338 0.649748
9 0.673654 0.643296 0.624142 0.600289 0.644019 0.629563 0.615468 0.682689 0.000000 0.597122 0.646868
10 0.648201 0.602158 0.550719 0.461151 0.590647 0.454676 0.603237 0.643525 0.608273 0.000000 0.587410
11 0.670986 0.588913 0.559035 0.595032 0.629590 0.593233 0.605472 0.663427 0.621310 0.594964 0.000000
