11
1 0.000000 0.630420 0.637302 0.673090 0.633425 0.631108 0.627667 0.653820 0.648314 0.625430 0.605915
2 0.631796 0.000000 0.602891 0.622161 0.588721 0.621473 0.558156 0.622849 0.615967 0.602749 0.592847
3 0.637302 0.603579 0.000000 0.608396 0.574966 0.612526 0.569167 0.607438 0.559917 0.595876 0.584594
4 0.671025 0.621473 0.611149 0.000000 0.611417 0.552650 0.604955 0.581555 0.596696 0.631615 0.583219
5 0.632050 0.587345 0.575653 0.610729 0.000000 0.593535 0.544704 0.614856 0.588721 0.526460 0.569464
6 0.631796 0.620785 0.613902 0.551273 0.594223 0.000000 0.602202 0.580179 0.605644 0.619931 0.561210
7 0.627667 0.557467 0.569855 0.609773 0.546768 0.601514 0.000000 0.625602 0.596008 0.494158 0.554333
8 0.653820 0.619408 0.608127 0.580867 0.615543 0.578802 0.622161 0.000000 0.613636 0.624742 0.566712
9 0.649690 0.612526 0.560606 0.593944 0.589409 0.604955 0.595320 0.616391 0.000000 0.562199 0.577029
10 0.628179 0.605498 0.600000 0.632990 0.527835 0.621306 0.496220 0.625430 0.562887 0.000000 0.603436
11 0.606602 0.595598 0.585282 0.581155 0.572215 0.561898 0.555708 0.568776 0.579092 0.606186 0.000000
