11
1 0.000000 0.472149 0.464191 0.405836 0.427056 0.450928 0.461538 0.435013 0.384615 0.455026 0.407407
2 0.472149 0.000000 0.503979 0.429708 0.450928 0.432361 0.389920 0.294430 0.286472 0.399471 0.441799
3 0.461538 0.503979 0.000000 0.485411 0.405836 0.448276 0.458886 0.466844 0.453581 0.423280 0.505291
4 0.405836 0.432361 0.485411 0.000000 0.376658 0.352785 0.358090 0.347480 0.358090 0.410053 0.370370
5 0.427056 0.453581 0.408488 0.376658 0.000000 0.458886 0.419098 0.363395 0.376658 0.473545 0.481481
6 0.448276 0.424403 0.448276 0.352785 0.456233 0.000000 0.278515 0.429708 0.397878 0.322751 0.208995
7 0.461538 0.389920 0.458886 0.358090 0.419098 0.273210 0.000000 0.387268 0.371353 0.312169 0.312169
8 0.432361 0.294430 0.464191 0.344828 0.360743 0.427056 0.387268 0.000000 0.257294 0.354497 0.441799
9 0.381963 0.286472 0.453581 0.355438 0.376658 0.392573 0.371353 0.257294 0.000000 0.359788 0.380952
10 0.452381 0.396825 0.423280 0.407407 0.470899 0.322751 0.309524 0.354497 0.357143 0.000000 0.328042
11 0.410053 0.444444 0.500000 0.370370 0.478836 0.208995 0.312169 0.444444 0.386243 0.330688 0.000000
