11
1 0.000000 0.563154 0.550210 0.546105 0.531876 0.534233 0.537103 0.542727 0.597987 0.517367 0.522983
2 0.563744 0.000000 0.323704 0.366795 0.345963 0.347975 0.350020 0.345497 0.443645 0.334971 0.323800
3 0.551625 0.324097 0.000000 0.346657 0.333019 0.337735 0.338679 0.336399 0.435051 0.309430 0.305257
4 0.546380 0.367738 0.346736 0.000000 0.321319 0.301234 0.298168 0.295614 0.397021 0.305069 0.270134
5 0.532505 0.346592 0.333451 0.321830 0.000000 0.304064 0.304457 0.312593 0.406061 0.254695 0.269899
6 0.533918 0.347778 0.337067 0.301077 0.302846 0.000000 0.235829 0.219700 0.392027 0.282161 0.254852
7 0.536592 0.349823 0.337971 0.297815 0.303357 0.236301 0.000000 0.224932 0.395880 0.286640 0.255677
8 0.542923 0.345615 0.335770 0.295220 0.312279 0.219779 0.225247 0.000000 0.394543 0.290373 0.257681
9 0.597437 0.443842 0.435247 0.397060 0.405904 0.392224 0.396037 0.394740 0.000000 0.398035 0.368979
10 0.517721 0.335521 0.309784 0.305697 0.254460 0.283104 0.287426 0.290963 0.398507 0.000000 0.262081
11 0.523965 0.324546 0.305217 0.270292 0.269349 0.255598 0.256423 0.258113 0.368508 0.261963 0.000000
