11
1 0.000000 0.622436 0.609500 0.613620 0.581095 0.584744 0.606950 0.624679 0.566197 0.582886 0.632359
2 0.615403 0.000000 0.529526 0.462198 0.522749 0.488651 0.514235 0.576343 0.473776 0.489912 0.489512
3 0.599698 0.519477 0.000000 0.518887 0.513664 0.487338 0.510558 0.564739 0.458872 0.490181 0.547523
4 0.619817 0.462467 0.535527 0.000000 0.526356 0.483262 0.515968 0.572388 0.483871 0.485590 0.497269
5 0.578443 0.527874 0.524541 0.520481 0.000000 0.478022 0.504041 0.484724 0.477753 0.479778 0.547675
6 0.583703 0.485313 0.490158 0.481793 0.472485 0.000000 0.451912 0.531540 0.433821 0.424664 0.495110
7 0.608744 0.514666 0.518864 0.511633 0.505546 0.458711 0.000000 0.558479 0.461868 0.423516 0.528641
8 0.621594 0.570855 0.570083 0.565009 0.483200 0.535252 0.559860 0.000000 0.519810 0.549079 0.596180
9 0.568404 0.473776 0.460684 0.479716 0.475047 0.436370 0.464290 0.521944 0.000000 0.438994 0.501660
10 0.581470 0.488943 0.497731 0.487131 0.477860 0.426063 0.424162 0.548344 0.434995 0.000000 0.497857
11 0.630224 0.490822 0.551919 0.498558 0.545148 0.506558 0.535656 0.600108 0.502593 0.500332 0.000000
