11
1 0.000000 0.964228 0.962471 0.963794 0.968887 0.964820 0.963813 0.964877 0.967939 0.966972 0.965610
2 0.962668 0.000000 0.951531 0.947046 0.944390 0.948771 0.949294 0.941376 0.942927 0.943669 0.942509
3 0.962392 0.953486 0.000000 0.925865 0.953130 0.880397 0.939409 0.951084 0.952459 0.956032 0.953742
4 0.963004 0.948567 0.925253 0.000000 0.956981 0.924924 0.939876 0.947098 0.949041 0.948350 0.947303
5 0.967327 0.944923 0.951946 0.956349 0.000000 0.954915 0.955830 0.905444 0.906833 0.929675 0.926004
6 0.964090 0.949245 0.879667 0.924885 0.955330 0.000000 0.940428 0.947730 0.950513 0.953947 0.951419
7 0.963438 0.950439 0.939350 0.939757 0.957113 0.941613 0.000000 0.953866 0.957034 0.955257 0.955889
8 0.965765 0.943764 0.952466 0.948855 0.907437 0.949723 0.955465 0.000000 0.865763 0.923696 0.922315
9 0.967110 0.943539 0.951492 0.948765 0.907663 0.950374 0.956936 0.864579 0.000000 0.927893 0.923349
10 0.965176 0.944045 0.954433 0.947046 0.930091 0.953750 0.954448 0.922295 0.926925 0.000000 0.875776
11 0.964129 0.942568 0.952498 0.945683 0.926044 0.951083 0.954606 0.920223 0.922737 0.875440 0.000000
