11
1 0.000000 0.222480 0.237088 0.225563 0.224549 0.229795 0.230270 0.226969 0.229645 0.228011 0.221598
2 0.222318 0.000000 0.207954 0.195014 0.197563 0.194784 0.194415 0.144846 0.138290 0.193065 0.189852
3 0.236873 0.209910 0.000000 0.197675 0.191701 0.199214 0.203508 0.205873 0.208277 0.198124 0.203358
4 0.228309 0.195068 0.196043 0.000000 0.158072 0.190013 0.188567 0.197706 0.194152 0.199645 0.188471
5 0.227402 0.199304 0.191414 0.158700 0.000000 0.199340 0.191724 0.201008 0.204669 0.195895 0.200506
6 0.230154 0.195502 0.199304 0.191000 0.199555 0.000000 0.169064 0.196793 0.200273 0.166087 0.131524
7 0.232996 0.194881 0.202701 0.188388 0.192621 0.167827 0.000000 0.197356 0.195975 0.156981 0.156545
8 0.224653 0.142349 0.202429 0.193327 0.196505 0.193762 0.194379 0.000000 0.141954 0.188683 0.193331
9 0.225856 0.135273 0.203541 0.190078 0.199501 0.197206 0.192280 0.141972 0.000000 0.191933 0.188094
10 0.226825 0.194070 0.196814 0.199465 0.194603 0.163881 0.154003 0.191556 0.194825 0.000000 0.165692
11 0.225275 0.191143 0.204003 0.188578 0.200165 0.131632 0.154966 0.197941 0.191825 0.167575 0.000000
