11
1 0.000000 0.103175 0.103175 0.113757 0.071429 0.103175 0.082011 0.082011 0.100529 0.092348 0.095238
2 0.103175 0.000000 0.079365 0.089947 0.089947 0.079365 0.079365 0.058201 0.100529 0.105541 0.074074
3 0.103175 0.079365 0.000000 0.068783 0.068783 0.037037 0.079365 0.058201 0.100529 0.081794 0.058201
4 0.113757 0.089947 0.068783 0.000000 0.079365 0.068783 0.089947 0.068783 0.089947 0.071240 0.089947
5 0.071429 0.089947 0.068783 0.079365 0.000000 0.068783 0.068783 0.068783 0.087302 0.071240 0.089947
6 0.103175 0.079365 0.037037 0.068783 0.068783 0.000000 0.079365 0.058201 0.100529 0.081794 0.058201
7 0.082011 0.079365 0.079365 0.089947 0.068783 0.079365 0.000000 0.058201 0.079365 0.081794 0.079365
8 0.082011 0.058201 0.058201 0.068783 0.068783 0.058201 0.058201 0.000000 0.079365 0.084433 0.058201
9 0.100529 0.100529 0.100529 0.089947 0.087302 0.100529 0.079365 0.079365 0.000000 0.081794 0.100529
10 0.092348 0.102902 0.081794 0.071240 0.071240 0.081794 0.081794 0.081794 0.081794 0.000000 0.100264
11 0.095238 0.076720 0.060847 0.092593 0.092593 0.060847 0.082011 0.060847 0.103175 0.102902 0.000000
