11
1 0.000000 0.207506 0.221773 0.237675 0.221486 0.366446 0.235748 0.210526 0.242369 0.311879 0.473142
2 0.208241 0.000000 0.117323 0.189110 0.169610 0.338852 0.185362 0.164459 0.188672 0.262964 0.454010
3 0.222876 0.118426 0.000000 0.205958 0.179110 0.343141 0.190511 0.173225 0.194189 0.259654 0.453476
4 0.238411 0.189110 0.205590 0.000000 0.200883 0.353201 0.207429 0.172185 0.182788 0.280618 0.462472
5 0.222222 0.169242 0.178374 0.200883 0.000000 0.341795 0.203384 0.168138 0.202648 0.247150 0.439294
6 0.369389 0.338852 0.344244 0.354673 0.340692 0.000000 0.366311 0.324135 0.352703 0.397940 0.542678
7 0.236484 0.185362 0.190511 0.207061 0.203751 0.364840 0.000000 0.183891 0.210371 0.270688 0.452740
8 0.210526 0.163723 0.172490 0.171450 0.167770 0.324503 0.183156 0.000000 0.174329 0.248989 0.439662
9 0.242736 0.189040 0.193821 0.183523 0.203751 0.352335 0.210371 0.175064 0.000000 0.289445 0.466716
10 0.311512 0.262964 0.259286 0.279882 0.246782 0.396469 0.269952 0.249356 0.289077 0.000000 0.496138
11 0.476453 0.453642 0.453843 0.463208 0.440765 0.544150 0.452372 0.442973 0.467083 0.496874 0.000000
