11
1 0.000000 0.603754 0.623228 0.596882 0.589894 0.593270 0.603636 0.600534 0.595431 0.589501 0.592406
2 0.603165 0.000000 0.562709 0.540713 0.538036 0.537060 0.540987 0.381790 0.370770 0.529832 0.525944
3 0.623150 0.563926 0.000000 0.521821 0.528296 0.528617 0.540441 0.559807 0.554094 0.529128 0.546451
4 0.596490 0.540713 0.521075 0.000000 0.424538 0.501317 0.508292 0.526597 0.523985 0.539695 0.500157
5 0.590011 0.538507 0.527314 0.425323 0.000000 0.542238 0.516828 0.530456 0.536037 0.531477 0.551113
6 0.592721 0.536195 0.527163 0.500098 0.540117 0.000000 0.438183 0.545415 0.547421 0.434169 0.336399
7 0.602811 0.540163 0.539223 0.507820 0.516279 0.438654 0.000000 0.531626 0.520766 0.399356 0.408630
8 0.599042 0.381790 0.558550 0.527147 0.529945 0.545769 0.532294 0.000000 0.366766 0.507857 0.541565
9 0.594999 0.371752 0.554055 0.525438 0.536194 0.549541 0.522022 0.367669 0.000000 0.516252 0.524692
10 0.588755 0.528968 0.528342 0.538595 0.530692 0.435663 0.399984 0.508407 0.515545 0.000000 0.442933
11 0.591935 0.525197 0.546333 0.500000 0.550956 0.337342 0.408984 0.541094 0.523082 0.442580 0.000000
