11
1 0.000000 0.689884 0.697990 0.698586 0.685633 0.684242 0.689924 0.700811 0.693420 0.692983 0.676653
2 0.689804 0.000000 0.637668 0.640189 0.608139 0.623723 0.608106 0.650425 0.642054 0.619422 0.609530
3 0.697672 0.637469 0.000000 0.637726 0.646715 0.626505 0.650030 0.647045 0.608036 0.654667 0.624021
4 0.698506 0.640149 0.637884 0.000000 0.636494 0.564174 0.650242 0.615235 0.627156 0.660865 0.605778
5 0.685633 0.607941 0.646755 0.636374 0.000000 0.626465 0.582396 0.645563 0.644438 0.598879 0.611303
6 0.683725 0.623723 0.626664 0.563975 0.626465 0.000000 0.642281 0.582754 0.619750 0.646680 0.593443
7 0.689924 0.608265 0.650109 0.650163 0.582436 0.642201 0.000000 0.656388 0.646414 0.513768 0.627022
8 0.700572 0.650465 0.647124 0.615275 0.645801 0.582714 0.656348 0.000000 0.630966 0.658601 0.613966
9 0.693301 0.642054 0.608354 0.627076 0.644597 0.619630 0.646414 0.630847 0.000000 0.637780 0.614076
10 0.692943 0.619422 0.654945 0.660627 0.599158 0.646998 0.513728 0.658680 0.637819 0.000000 0.621409
11 0.676414 0.609530 0.624021 0.605579 0.611621 0.593562 0.626942 0.613807 0.613917 0.621449 0.000000
