11
1 0.000000 0.544383 0.546494 0.546409 0.557520 0.545817 0.533417 0.545896 0.537352 0.547171 0.541185
2 0.544323 0.000000 0.439093 0.443933 0.503415 0.438817 0.485024 0.449351 0.381836 0.439195 0.455469
3 0.546434 0.439073 0.000000 0.388932 0.510704 0.444075 0.495280 0.443384 0.447062 0.393209 0.456405
4 0.546448 0.443993 0.388912 0.000000 0.510644 0.446801 0.493518 0.448673 0.436426 0.398510 0.460362
5 0.557580 0.503395 0.510723 0.510624 0.000000 0.513611 0.502161 0.509270 0.501723 0.504311 0.506402
6 0.545757 0.438737 0.444035 0.446781 0.513571 0.000000 0.490740 0.456343 0.439614 0.436865 0.457022
7 0.533397 0.484964 0.495201 0.493498 0.502101 0.490740 0.000000 0.492552 0.491058 0.489425 0.486099
8 0.545757 0.449371 0.443285 0.448573 0.509190 0.456304 0.492512 0.000000 0.442442 0.444155 0.461543
9 0.537372 0.381916 0.447102 0.436486 0.501822 0.439713 0.491118 0.442621 0.000000 0.441804 0.458038
10 0.547131 0.439255 0.393209 0.398510 0.504351 0.436825 0.489445 0.444214 0.441705 0.000000 0.460946
11 0.541225 0.455529 0.456465 0.460382 0.506462 0.457162 0.486199 0.461643 0.457978 0.460966 0.000000
