11
1 0.000000 0.809052 0.809760 0.770480 0.797737 0.770863 0.785007 0.778642 0.884724 0.815417 0.812588
2 0.772984 0.000000 0.538952 0.540254 0.556263 0.540751 0.583983 0.549256 0.799433 0.540043 0.615875
3 0.804102 0.594901 0.000000 0.578390 0.533616 0.570822 0.599150 0.604816 0.837819 0.579320 0.638102
4 0.768362 0.596751 0.584040 0.000000 0.606638 0.466808 0.497175 0.465395 0.800847 0.606638 0.576271
5 0.804809 0.610757 0.535032 0.608757 0.000000 0.568294 0.593064 0.582449 0.840057 0.552725 0.656759
6 0.770863 0.588944 0.570113 0.461864 0.561925 0.000000 0.509609 0.450534 0.814235 0.588612 0.549396
7 0.747525 0.632885 0.592776 0.448446 0.539986 0.478292 0.000000 0.457977 0.764245 0.633903 0.574982
8 0.767327 0.577605 0.598442 0.456215 0.573248 0.446263 0.489316 0.000000 0.795000 0.598858 0.550817
9 0.852192 0.791637 0.788952 0.732345 0.791224 0.805694 0.757835 0.812857 0.000000 0.803712 0.778252
10 0.806223 0.581857 0.570113 0.596045 0.537155 0.580783 0.626068 0.594575 0.840114 0.000000 0.615494
11 0.806223 0.665485 0.637394 0.576977 0.651805 0.548685 0.577825 0.555082 0.831556 0.665245 0.000000
