11
1 0.000000 0.565427 0.565038 0.513067 0.550585 0.551961 0.544077 0.537879 0.529938 0.528562 0.557467
2 0.565427 0.000000 0.465244 0.438790 0.481074 0.435650 0.491736 0.464187 0.403992 0.448727 0.481074
3 0.566414 0.465933 0.000000 0.397524 0.494150 0.473503 0.516173 0.449415 0.445286 0.420509 0.452168
4 0.512380 0.439477 0.396149 0.000000 0.475928 0.423659 0.490371 0.427785 0.404402 0.368638 0.436726
5 0.551273 0.481762 0.492774 0.475928 0.000000 0.465933 0.488644 0.487268 0.487956 0.465933 0.492774
6 0.553338 0.437027 0.474880 0.425034 0.465244 0.000000 0.492085 0.470750 0.454921 0.443221 0.458362
7 0.545455 0.491047 0.514797 0.491059 0.487268 0.490021 0.000000 0.497245 0.504474 0.466621 0.483138
8 0.536501 0.466253 0.448727 0.427098 0.485891 0.470062 0.500000 0.000000 0.437027 0.417068 0.462491
9 0.529250 0.403992 0.445286 0.403714 0.485891 0.454921 0.505162 0.437715 0.000000 0.406745 0.441844
10 0.527185 0.448039 0.419133 0.366575 0.465933 0.442533 0.467997 0.415692 0.405368 0.000000 0.420509
11 0.559532 0.483138 0.450103 0.436039 0.492774 0.457674 0.483138 0.463868 0.443221 0.421886 0.000000
