11
1 0.000000 0.066707 0.070141 0.073411 0.070899 0.110953 0.074383 0.068465 0.074260 0.092505 0.148320
2 0.069436 0.000000 0.048949 0.063871 0.055471 0.099706 0.067274 0.061815 0.067522 0.084394 0.140857
3 0.071383 0.047354 0.000000 0.065739 0.060805 0.103472 0.067727 0.065597 0.069218 0.085546 0.143389
4 0.074370 0.061851 0.065491 0.000000 0.064650 0.101686 0.067176 0.060193 0.058558 0.083822 0.144737
5 0.072177 0.053770 0.060734 0.065076 0.000000 0.101999 0.064934 0.060177 0.067348 0.080768 0.138884
6 0.112338 0.098146 0.103152 0.102042 0.101786 0.000000 0.102894 0.100195 0.106054 0.114788 0.173366
7 0.075448 0.065643 0.067762 0.067708 0.065147 0.103533 0.000000 0.062702 0.071046 0.083756 0.144560
8 0.068430 0.059193 0.064568 0.059766 0.059041 0.099024 0.061530 0.000000 0.063853 0.078610 0.139452
9 0.073584 0.064084 0.067478 0.057492 0.065680 0.104953 0.069235 0.063249 0.000000 0.085895 0.145624
10 0.092541 0.081983 0.084446 0.083715 0.079845 0.114149 0.082904 0.078610 0.086606 0.000000 0.157792
11 0.150059 0.139368 0.144099 0.146050 0.139700 0.173330 0.144950 0.141154 0.148036 0.159530 0.000000
