11
1 0.000000 0.277273 0.231818 0.215909 0.243182 0.311364 0.225000 0.256818 0.254545 0.238095 0.243182
2 0.277273 0.000000 0.252273 0.247727 0.265909 0.293850 0.261364 0.227790 0.241458 0.208617 0.277273
3 0.234091 0.252273 0.000000 0.227273 0.218182 0.261364 0.256818 0.186364 0.259091 0.219955 0.227273
4 0.215909 0.250000 0.225000 0.000000 0.256818 0.254545 0.195455 0.236364 0.245455 0.242630 0.227273
5 0.240909 0.265909 0.215909 0.256818 0.000000 0.222727 0.245455 0.202273 0.254545 0.229025 0.238636
6 0.309091 0.296128 0.259091 0.254545 0.220455 0.000000 0.247727 0.211845 0.261959 0.265306 0.281818
7 0.225000 0.263636 0.254545 0.195455 0.245455 0.247727 0.000000 0.227273 0.261364 0.231293 0.227273
8 0.256818 0.227790 0.184091 0.236364 0.202273 0.211845 0.225000 0.000000 0.259681 0.231293 0.247727
9 0.254545 0.243736 0.256818 0.245455 0.252273 0.261959 0.261364 0.261959 0.000000 0.242630 0.272727
10 0.240363 0.208617 0.219955 0.244898 0.229025 0.267574 0.233560 0.231293 0.247166 0.000000 0.260771
11 0.243182 0.279545 0.227273 0.227273 0.238636 0.284091 0.227273 0.247727 0.272727 0.260771 0.000000
