11
1 0.000000 0.068966 0.068966 0.068966 0.068966 0.068966 0.068966 0.068966 0.068966 0.068602 0.066138
2 0.068966 0.000000 0.037135 0.037135 0.037135 0.037135 0.037135 0.037135 0.037135 0.042216 0.037037
3 0.068966 0.037135 0.000000 0.037135 0.037135 0.037135 0.037135 0.037135 0.037135 0.042216 0.037037
4 0.068966 0.037135 0.037135 0.000000 0.037135 0.037135 0.037135 0.037135 0.037135 0.042216 0.037037
5 0.068966 0.037135 0.037135 0.037135 0.000000 0.037135 0.037135 0.037135 0.037135 0.042216 0.037037
6 0.068966 0.037135 0.037135 0.037135 0.037135 0.000000 0.037135 0.037135 0.037135 0.042216 0.037037
7 0.068966 0.037135 0.037135 0.037135 0.037135 0.037135 0.000000 0.037135 0.037135 0.042216 0.037037
8 0.068966 0.037135 0.037135 0.037135 0.037135 0.037135 0.037135 0.000000 0.037135 0.042216 0.037037
9 0.068966 0.037135 0.037135 0.037135 0.037135 0.037135 0.037135 0.037135 0.000000 0.042216 0.037037
10 0.071240 0.042216 0.042216 0.042216 0.042216 0.042216 0.042216 0.042216 0.042216 0.000000 0.036939
11 0.068783 0.039683 0.039683 0.039683 0.039683 0.039683 0.039683 0.039683 0.039683 0.036939 0.000000
