11
1 0.000000 0.819645 0.824214 0.793462 0.791157 0.725196 0.770201 0.793773 0.724762 0.795892 0.829210
2 0.812877 0.000000 0.764225 0.741417 0.783117 0.763201 0.774589 0.761478 0.782553 0.756997 0.732211
3 0.831485 0.763679 0.000000 0.668787 0.764406 0.749318 0.776041 0.721505 0.756590 0.770084 0.774586
4 0.793462 0.745982 0.672605 0.000000 0.771914 0.685354 0.757305 0.693937 0.734843 0.703381 0.740869
5 0.788599 0.782204 0.749500 0.757305 0.000000 0.715695 0.765211 0.742920 0.751873 0.741185 0.770144
6 0.734880 0.763384 0.751863 0.686815 0.718071 0.000000 0.661063 0.737256 0.651928 0.741367 0.764480
7 0.770567 0.772212 0.764588 0.747809 0.767769 0.664170 0.000000 0.756673 0.490494 0.753544 0.765265
8 0.784249 0.764222 0.720596 0.697042 0.734332 0.738352 0.765265 0.000000 0.775786 0.748455 0.743407
9 0.734638 0.784016 0.754408 0.735573 0.764846 0.663804 0.489762 0.787674 0.000000 0.756816 0.784199
10 0.799527 0.758815 0.767357 0.706652 0.748273 0.735551 0.758270 0.753544 0.761178 0.000000 0.758997
11 0.829210 0.718310 0.773496 0.741234 0.761374 0.758816 0.761060 0.751465 0.777615 0.753908 0.000000
