11
1 0.000000 0.195916 0.179980 0.178037 0.199607 0.185038 0.175916 0.186521 0.177284 0.167465 0.173696
2 0.196230 0.000000 0.166071 0.168859 0.177891 0.166503 0.164422 0.173729 0.166856 0.142061 0.154133
3 0.180215 0.165718 0.000000 0.123900 0.159827 0.143138 0.136821 0.141887 0.146874 0.124234 0.129006
4 0.177919 0.168388 0.123272 0.000000 0.165757 0.143962 0.142689 0.151251 0.139855 0.135582 0.130851
5 0.199804 0.177852 0.159709 0.165875 0.000000 0.171530 0.161516 0.174475 0.164422 0.152427 0.150167
6 0.185313 0.166582 0.143334 0.144276 0.171490 0.000000 0.145572 0.153230 0.149892 0.137388 0.137129
7 0.176270 0.163872 0.136703 0.142728 0.161477 0.145376 0.000000 0.135973 0.109222 0.117677 0.128417
8 0.186678 0.173611 0.141219 0.151133 0.174239 0.152837 0.135541 0.000000 0.141152 0.133187 0.141023
9 0.177755 0.166621 0.146953 0.140484 0.164461 0.150010 0.109300 0.141662 0.000000 0.133894 0.136860
10 0.167583 0.142021 0.124509 0.135857 0.152270 0.137388 0.117716 0.133697 0.133697 0.000000 0.131027
11 0.174364 0.154133 0.129006 0.131126 0.150049 0.137208 0.128495 0.141494 0.136978 0.131145 0.000000
