11
1 0.000000 0.709837 0.712115 0.721990 0.725028 0.721610 0.731967 0.719711 0.718192 0.721990 0.700722
2 0.710976 0.000000 0.617167 0.638055 0.619825 0.618541 0.638193 0.623243 0.663374 0.650076 0.614888
3 0.712875 0.616787 0.000000 0.645651 0.655526 0.542727 0.645786 0.649069 0.669578 0.654007 0.613749
4 0.722370 0.638815 0.646031 0.000000 0.646031 0.671857 0.635915 0.651348 0.680972 0.646791 0.658185
5 0.725408 0.620205 0.655906 0.646411 0.000000 0.650968 0.619970 0.606912 0.631599 0.635017 0.627041
6 0.718952 0.618541 0.541967 0.671098 0.649829 0.000000 0.678056 0.646031 0.670973 0.649696 0.628181
7 0.731967 0.638573 0.647304 0.636295 0.620349 0.678056 0.000000 0.490509 0.633637 0.563402 0.645786
8 0.718952 0.622104 0.649069 0.651728 0.606532 0.647550 0.490888 0.000000 0.638815 0.581086 0.636536
9 0.717433 0.662994 0.668439 0.679453 0.630839 0.670593 0.632878 0.638055 0.000000 0.639058 0.670718
10 0.720091 0.648556 0.652488 0.645272 0.633878 0.648176 0.562263 0.579187 0.638298 0.000000 0.639195
11 0.699962 0.615648 0.614508 0.658185 0.628181 0.628940 0.645406 0.635397 0.672617 0.639954 0.000000
