11
1 0.000000 0.194646 0.194355 0.193817 0.198319 0.194966 0.194404 0.196367 0.193217 0.194357 0.192504
2 0.194930 0.000000 0.147666 0.149311 0.167287 0.139657 0.167275 0.154681 0.132261 0.149956 0.157155
3 0.192792 0.147772 0.000000 0.129933 0.175054 0.148106 0.176673 0.146380 0.152494 0.139698 0.149595
4 0.195911 0.150128 0.130572 0.000000 0.171259 0.148602 0.173020 0.151027 0.146650 0.130679 0.153286
5 0.199525 0.168706 0.174841 0.170905 0.000000 0.168635 0.171034 0.172181 0.169344 0.169912 0.175302
6 0.195570 0.139551 0.146509 0.148211 0.168422 0.000000 0.171425 0.152482 0.146651 0.151056 0.149631
7 0.196035 0.168942 0.178730 0.174687 0.173871 0.173020 0.000000 0.175006 0.170999 0.167878 0.170290
8 0.197112 0.155852 0.147373 0.152056 0.172146 0.154433 0.173304 0.000000 0.149182 0.151063 0.155923
9 0.192294 0.131906 0.152423 0.145975 0.168103 0.146402 0.167985 0.147337 0.000000 0.146016 0.155309
10 0.193895 0.149494 0.139272 0.130359 0.170231 0.150559 0.164616 0.149147 0.144454 0.000000 0.154316
11 0.191475 0.157297 0.149950 0.154600 0.174345 0.150447 0.168623 0.155178 0.156871 0.154493 0.000000
