11
1 0.000000 0.291397 0.292702 0.313611 0.296477 0.289222 0.294452 0.303119 0.298466 0.295304 0.296338
2 0.291895 0.000000 0.179646 0.250151 0.185144 0.235472 0.215268 0.236048 0.213811 0.214912 0.237348
3 0.295364 0.180285 0.000000 0.256678 0.189621 0.236571 0.215746 0.236085 0.225224 0.219899 0.239351
4 0.314285 0.252563 0.253308 0.000000 0.256465 0.267248 0.266610 0.242205 0.262779 0.261644 0.268100
5 0.292925 0.184967 0.187030 0.255543 0.000000 0.235152 0.221409 0.236360 0.209876 0.218381 0.243492
6 0.287802 0.235826 0.235330 0.265617 0.236217 0.000000 0.234230 0.250373 0.241609 0.244164 0.242745
7 0.295802 0.214451 0.215604 0.263488 0.221906 0.233946 0.000000 0.242761 0.207531 0.213834 0.249885
8 0.305356 0.236688 0.235234 0.242524 0.237391 0.248953 0.242193 0.000000 0.245577 0.240550 0.259687
9 0.296832 0.212390 0.219864 0.264943 0.211155 0.242177 0.208313 0.246039 0.000000 0.190337 0.245303
10 0.296441 0.213598 0.215462 0.260934 0.216037 0.240048 0.214367 0.240443 0.191794 0.000000 0.252264
11 0.291863 0.238023 0.240700 0.268951 0.245268 0.240368 0.249600 0.260468 0.246404 0.253507 0.000000
