11
1 0.000000 0.654414 0.653333 0.647568 0.640000 0.605405 0.614804 0.662342 0.623063 0.647928 0.618071
2 0.620901 0.000000 0.564335 0.594585 0.543259 0.492063 0.585699 0.614636 0.571171 0.486985 0.617711
3 0.607568 0.546212 0.000000 0.585560 0.483417 0.549784 0.529285 0.627614 0.550217 0.551338 0.584953
4 0.645405 0.598195 0.619856 0.000000 0.620404 0.618687 0.602946 0.534607 0.570397 0.614801 0.542837
5 0.607568 0.539654 0.497116 0.589762 0.000000 0.531002 0.534675 0.599135 0.554434 0.546864 0.590713
6 0.615496 0.521284 0.590548 0.613276 0.541096 0.000000 0.564858 0.623648 0.586941 0.474026 0.584233
7 0.641394 0.595401 0.546892 0.629896 0.568092 0.589651 0.000000 0.634926 0.603665 0.595401 0.606540
8 0.629189 0.607787 0.602019 0.507931 0.596972 0.598053 0.600431 0.000000 0.578587 0.598414 0.515479
9 0.587748 0.555275 0.557442 0.539711 0.553713 0.550505 0.564499 0.577505 0.000000 0.545520 0.574154
10 0.640000 0.506146 0.583876 0.609025 0.570656 0.444084 0.556234 0.624009 0.571893 0.000000 0.609431
11 0.651548 0.589273 0.628150 0.547516 0.622030 0.615551 0.611570 0.546436 0.605112 0.620590 0.000000
