11
1 0.000000 0.204047 0.196277 0.184255 0.194631 0.187817 0.195616 0.206430 0.185811 0.194585 0.196277
2 0.207420 0.000000 0.161889 0.174204 0.172819 0.166948 0.182125 0.182125 0.175379 0.182125 0.180438
3 0.194585 0.155143 0.000000 0.169179 0.179530 0.157895 0.195616 0.186757 0.172297 0.186441 0.161290
4 0.192630 0.177554 0.180905 0.000000 0.167504 0.175879 0.157454 0.189280 0.172529 0.175879 0.167504
5 0.199664 0.176174 0.189597 0.165829 0.000000 0.191275 0.156040 0.169463 0.164430 0.167785 0.149329
6 0.181049 0.155143 0.152801 0.162479 0.172819 0.000000 0.172007 0.158163 0.153716 0.145763 0.142857
7 0.212479 0.180438 0.204047 0.152429 0.156040 0.185497 0.000000 0.165261 0.172007 0.161889 0.166948
8 0.204738 0.170320 0.179966 0.177554 0.152685 0.161565 0.150084 0.000000 0.160473 0.159322 0.166667
9 0.189189 0.170320 0.175676 0.160804 0.156040 0.162162 0.161889 0.168919 0.000000 0.162162 0.180743
10 0.196277 0.175379 0.188136 0.167504 0.156040 0.149153 0.153457 0.166102 0.158784 0.000000 0.138983
11 0.194585 0.173693 0.161290 0.155779 0.135906 0.146259 0.155143 0.170068 0.168919 0.133898 0.000000
