11
1 0.000000 0.093423 0.094438 0.093562 0.096585 0.097422 0.098484 0.095497 0.097756 0.097251 0.097217
2 0.093957 0.000000 0.075010 0.079718 0.073497 0.070080 0.079485 0.055200 0.068347 0.067703 0.070137
3 0.095257 0.075294 0.000000 0.074263 0.078620 0.079040 0.058742 0.075899 0.078660 0.077161 0.078141
4 0.093455 0.079327 0.073693 0.000000 0.081146 0.082453 0.075856 0.077476 0.080972 0.075917 0.080421
5 0.097474 0.073853 0.079153 0.081715 0.000000 0.074951 0.083067 0.073675 0.078553 0.075739 0.075845
6 0.098702 0.070649 0.079644 0.083200 0.075200 0.000000 0.084124 0.073102 0.074204 0.072818 0.072996
7 0.099658 0.079805 0.058706 0.076461 0.082853 0.083698 0.000000 0.079093 0.082536 0.079188 0.080766
8 0.096174 0.055022 0.075437 0.077440 0.072892 0.072213 0.078453 0.000000 0.067281 0.067418 0.067326
9 0.099143 0.069272 0.079585 0.082181 0.078873 0.074631 0.083176 0.068312 0.000000 0.064431 0.063476
10 0.098389 0.068236 0.077659 0.076628 0.075739 0.072747 0.079579 0.068094 0.064289 0.000000 0.062298
11 0.097787 0.069995 0.077892 0.080350 0.074849 0.072036 0.080481 0.067148 0.062516 0.061373 0.000000
