11
1 0.000000 0.109936 0.101096 0.103619 0.101495 0.104546 0.107249 0.100027 0.107558 0.102962 0.109614
2 0.111055 0.000000 0.091877 0.083967 0.093961 0.098090 0.089446 0.087401 0.095157 0.068956 0.087208
3 0.100749 0.090758 0.000000 0.090635 0.059484 0.084691 0.098626 0.075851 0.091948 0.090481 0.091021
4 0.101881 0.081883 0.089400 0.000000 0.084347 0.094642 0.087321 0.080977 0.087140 0.078554 0.081197
5 0.101495 0.092881 0.059484 0.085737 0.000000 0.086548 0.098250 0.077589 0.094929 0.089947 0.092239
6 0.104198 0.096624 0.084614 0.095955 0.086162 0.000000 0.096976 0.083864 0.094990 0.090758 0.091622
7 0.107404 0.088752 0.099089 0.088480 0.097748 0.097980 0.000000 0.093191 0.096011 0.085390 0.083822
8 0.099448 0.086205 0.075465 0.082252 0.077473 0.083903 0.092805 0.000000 0.089476 0.079520 0.087413
9 0.106979 0.093575 0.091485 0.087642 0.094388 0.094719 0.094929 0.089090 0.000000 0.091994 0.090965
10 0.103117 0.068146 0.090828 0.079944 0.090140 0.091376 0.085120 0.080137 0.092689 0.000000 0.087220
11 0.110309 0.086784 0.091948 0.082741 0.092896 0.092741 0.084286 0.088224 0.092239 0.087683 0.000000
