11
1 0.000000 0.282696 0.282464 0.315308 0.279700 0.281095 0.286522 0.308153 0.293229 0.295008 0.285975
2 0.279867 0.000000 0.176852 0.238515 0.174883 0.233997 0.207695 0.235598 0.210753 0.205030 0.232863
3 0.283793 0.179675 0.000000 0.243275 0.175191 0.226202 0.212222 0.238293 0.215400 0.216373 0.235021
4 0.318802 0.238682 0.240452 0.000000 0.246172 0.266833 0.254827 0.237850 0.248092 0.254494 0.272199
5 0.277704 0.177881 0.174195 0.244674 0.000000 0.223383 0.208299 0.233267 0.195320 0.195634 0.242656
6 0.276949 0.244610 0.231012 0.269486 0.228192 0.000000 0.241957 0.254229 0.239967 0.238806 0.240464
7 0.282529 0.208861 0.212222 0.253662 0.207132 0.235489 0.000000 0.250916 0.205443 0.194199 0.256266
8 0.306323 0.238928 0.229990 0.236518 0.231102 0.250580 0.251582 0.000000 0.238301 0.241592 0.259917
9 0.295884 0.217059 0.217889 0.256389 0.198307 0.242289 0.208928 0.241952 0.000000 0.204779 0.252406
10 0.293344 0.207029 0.217038 0.255659 0.195801 0.235821 0.195033 0.242424 0.201128 0.000000 0.261079
11 0.295270 0.234191 0.239004 0.267552 0.247303 0.241625 0.257095 0.258091 0.250747 0.265726 0.000000
