11
1 0.000000 0.587002 0.612657 0.593030 0.580252 0.609798 0.576029 0.592261 0.597294 0.587495 0.553990
2 0.587002 0.000000 0.523537 0.514950 0.508672 0.549076 0.477515 0.497618 0.487135 0.347055 0.480289
3 0.611323 0.523537 0.000000 0.534755 0.524118 0.559009 0.415777 0.518872 0.508862 0.506768 0.489811
4 0.595125 0.517806 0.536469 0.000000 0.461436 0.478385 0.492858 0.444868 0.529804 0.494572 0.472481
5 0.579108 0.508100 0.525453 0.460293 0.000000 0.417922 0.498476 0.319863 0.495331 0.502574 0.352695
6 0.608654 0.549076 0.558437 0.475909 0.418684 0.000000 0.525534 0.451201 0.561654 0.514585 0.436298
7 0.575648 0.477896 0.416730 0.493049 0.498094 0.528392 0.000000 0.478087 0.494665 0.448361 0.479147
8 0.588448 0.497237 0.520015 0.443154 0.319672 0.450820 0.476944 0.000000 0.500858 0.472551 0.356694
9 0.597675 0.486945 0.509243 0.527138 0.496284 0.562417 0.492950 0.500667 0.000000 0.504288 0.495334
10 0.586923 0.346293 0.505624 0.493049 0.500477 0.514585 0.446456 0.470644 0.504288 0.000000 0.464864
11 0.552657 0.480099 0.491716 0.470577 0.353647 0.437250 0.476481 0.356884 0.496667 0.465245 0.000000
