11
1 0.000000 0.023683 0.022293 0.019434 0.022022 0.023374 0.022679 0.024418 0.024804 0.022718 0.024958
2 0.022524 0.000000 0.016503 0.014068 0.016502 0.018545 0.017002 0.018133 0.019476 0.016113 0.017700
3 0.021984 0.017276 0.000000 0.014532 0.016579 0.016459 0.014915 0.015846 0.019437 0.017388 0.017700
4 0.019047 0.014803 0.014532 0.000000 0.014647 0.017000 0.015842 0.017083 0.015728 0.015495 0.015536
5 0.021636 0.017236 0.016540 0.014608 0.000000 0.020090 0.017079 0.019014 0.019283 0.016924 0.019207
6 0.023374 0.019627 0.016806 0.017425 0.020477 0.000000 0.017811 0.021288 0.022949 0.021481 0.020245
7 0.022524 0.018045 0.015108 0.016074 0.017311 0.017695 0.000000 0.018818 0.020093 0.019629 0.018856
8 0.023683 0.018559 0.015460 0.016735 0.018705 0.020593 0.018161 0.000000 0.021563 0.019513 0.018087
9 0.024611 0.020403 0.019592 0.015921 0.019476 0.022756 0.020054 0.022104 0.000000 0.018083 0.020519
10 0.022486 0.017040 0.017504 0.015611 0.017040 0.021211 0.019513 0.019977 0.018006 0.000000 0.020170
11 0.024611 0.018473 0.017778 0.015614 0.019246 0.019936 0.018663 0.018473 0.020326 0.020093 0.000000
