11
1 0.000000 0.017982 0.018815 0.017480 0.018475 0.018312 0.018981 0.017646 0.017816 0.018478 0.017480
2 0.017816 0.000000 0.013986 0.012485 0.012483 0.013318 0.013986 0.011653 0.012654 0.013318 0.013484
3 0.018149 0.013320 0.000000 0.013817 0.013981 0.014650 0.015154 0.012985 0.013320 0.014816 0.013817
4 0.017480 0.012652 0.014483 0.000000 0.013149 0.013817 0.014483 0.011986 0.013318 0.013817 0.013817
5 0.018642 0.012816 0.014980 0.013316 0.000000 0.013981 0.014814 0.012483 0.013815 0.014148 0.014314
6 0.018312 0.013484 0.015315 0.013817 0.013648 0.000000 0.013651 0.012818 0.014150 0.012985 0.013817
7 0.018815 0.013986 0.015654 0.014317 0.014314 0.013484 0.000000 0.013484 0.014486 0.013651 0.014317
8 0.017813 0.011820 0.013817 0.011986 0.012317 0.012985 0.013817 0.000000 0.012485 0.013151 0.013151
9 0.017816 0.012987 0.014153 0.013318 0.013648 0.014150 0.014819 0.012485 0.000000 0.014483 0.013651
10 0.018645 0.013484 0.015482 0.013984 0.013981 0.012985 0.013817 0.012985 0.014317 0.000000 0.013984
11 0.017646 0.013484 0.014317 0.013651 0.013981 0.013651 0.014483 0.012985 0.013318 0.013984 0.000000
