11
1 0.000000 0.612732 0.570292 0.567639 0.580902 0.564987 0.575597 0.570292 0.639257 0.571429 0.568783
2 0.612732 0.000000 0.469496 0.509284 0.453581 0.509284 0.525199 0.472149 0.636605 0.465608 0.489418
3 0.570292 0.469496 0.000000 0.442971 0.411141 0.445623 0.456233 0.435013 0.631300 0.457672 0.462963
4 0.567639 0.509284 0.442971 0.000000 0.466844 0.352785 0.424403 0.379310 0.588859 0.505291 0.386243
5 0.578249 0.456233 0.411141 0.466844 0.000000 0.427056 0.485411 0.413793 0.612732 0.444444 0.468254
6 0.564987 0.509284 0.445623 0.352785 0.427056 0.000000 0.445623 0.320955 0.596817 0.473545 0.378307
7 0.575597 0.525199 0.456233 0.424403 0.488064 0.445623 0.000000 0.442971 0.602122 0.460317 0.417989
8 0.567639 0.472149 0.435013 0.379310 0.413793 0.320955 0.442971 0.000000 0.612732 0.441799 0.378307
9 0.644562 0.636605 0.633952 0.594164 0.612732 0.596817 0.607427 0.615385 0.000000 0.613757 0.613757
10 0.571429 0.465608 0.460317 0.505291 0.441799 0.470899 0.460317 0.441799 0.613757 0.000000 0.465608
11 0.576720 0.494709 0.462963 0.388889 0.468254 0.378307 0.420635 0.380952 0.613757 0.468254 0.000000
