11
1 0.000000 0.142106 0.133541 0.119525 0.130037 0.125754 0.130426 0.134320 0.148336 0.137629 0.138018
2 0.141717 0.000000 0.136709 0.131789 0.134904 0.124002 0.132957 0.130257 0.156317 0.129064 0.151450
3 0.133152 0.136709 0.000000 0.109986 0.123808 0.121861 0.126728 0.132009 0.132178 0.112517 0.128285
4 0.119330 0.132178 0.110376 0.000000 0.108818 0.122640 0.124197 0.124586 0.124002 0.103368 0.114658
5 0.130037 0.135293 0.124197 0.108818 0.000000 0.131594 0.124781 0.134904 0.128285 0.120693 0.132178
6 0.125754 0.124392 0.122250 0.122834 0.131594 0.000000 0.091298 0.111349 0.141912 0.119330 0.129453
7 0.130426 0.133541 0.127117 0.124392 0.124781 0.091298 0.000000 0.126922 0.151256 0.123808 0.138992
8 0.133930 0.130452 0.132009 0.124392 0.134709 0.111154 0.126533 0.000000 0.144832 0.134320 0.138213
9 0.148336 0.156706 0.132373 0.124002 0.128285 0.141717 0.151256 0.145026 0.000000 0.128674 0.140354
10 0.137240 0.129258 0.112712 0.103173 0.120498 0.118941 0.123613 0.134514 0.128480 0.000000 0.130621
11 0.138018 0.151840 0.128674 0.114853 0.132178 0.129453 0.138992 0.138602 0.140354 0.131010 0.000000
