11
1 0.000000 0.517332 0.521772 0.521523 0.522233 0.538027 0.535405 0.501776 0.522056 0.511223 0.523476
2 0.512466 0.000000 0.453463 0.455298 0.444543 0.481811 0.494679 0.432069 0.453534 0.442644 0.385479
3 0.512608 0.453285 0.000000 0.414840 0.449211 0.463499 0.485987 0.430846 0.436344 0.420647 0.441935
4 0.518220 0.453486 0.419103 0.000000 0.444606 0.470881 0.483255 0.428906 0.450147 0.428267 0.462331
5 0.521239 0.444081 0.455431 0.446489 0.000000 0.478582 0.498936 0.416797 0.442529 0.406112 0.436949
6 0.542322 0.495723 0.479717 0.472797 0.476701 0.000000 0.513410 0.454697 0.469709 0.474855 0.478227
7 0.532425 0.498723 0.492124 0.481481 0.499965 0.510040 0.000000 0.475202 0.500284 0.494501 0.503051
8 0.499751 0.434166 0.434436 0.425887 0.413563 0.452958 0.471513 0.000000 0.432872 0.408422 0.430882
9 0.524577 0.454423 0.440149 0.450787 0.437731 0.476594 0.498297 0.433903 0.000000 0.454335 0.452454
10 0.506748 0.438770 0.428358 0.426029 0.405188 0.475175 0.489818 0.403945 0.452097 0.000000 0.426510
11 0.523476 0.392551 0.450685 0.456967 0.437056 0.474678 0.503406 0.430171 0.447333 0.423525 0.000000
