11
1 0.000000 0.694704 0.641745 0.634675 0.656347 0.655280 0.642857 0.637771 0.778816 0.637771 0.636646
2 0.676012 0.000000 0.482866 0.513932 0.473684 0.515528 0.543478 0.482972 0.725000 0.464396 0.493789
3 0.641745 0.495327 0.000000 0.464396 0.411765 0.456522 0.490683 0.455108 0.722741 0.479876 0.468944
4 0.640867 0.523220 0.464396 0.000000 0.461300 0.346749 0.417957 0.377709 0.640867 0.517028 0.393189
5 0.659443 0.492260 0.421053 0.470588 0.000000 0.421053 0.520124 0.427245 0.705882 0.458204 0.479876
6 0.627329 0.527950 0.453416 0.349845 0.424149 0.000000 0.447205 0.309598 0.645963 0.473684 0.363354
7 0.636646 0.555901 0.481366 0.427245 0.517028 0.444099 0.000000 0.439628 0.664596 0.476780 0.425466
8 0.631579 0.504644 0.455108 0.383901 0.433437 0.312694 0.448916 0.000000 0.690402 0.458204 0.374613
9 0.757009 0.728125 0.710280 0.628483 0.687307 0.636646 0.658385 0.671827 0.000000 0.678019 0.677019
10 0.643963 0.473684 0.482972 0.510836 0.445820 0.467492 0.476780 0.452012 0.687307 0.000000 0.473684
11 0.639752 0.506211 0.472050 0.399381 0.486068 0.375776 0.434783 0.380805 0.692547 0.482972 0.000000
