11
1 0.000000 0.226197 0.235003 0.216841 0.219593 0.230600 0.230050 0.234452 0.222345 0.224546 0.227298
2 0.222895 0.000000 0.181416 0.172013 0.189427 0.165376 0.190819 0.182522 0.163717 0.178097 0.189159
3 0.223445 0.175332 0.000000 0.159091 0.186674 0.177679 0.209883 0.180958 0.182121 0.172606 0.180455
4 0.212988 0.170907 0.166851 0.000000 0.183921 0.173503 0.191796 0.184035 0.165188 0.152993 0.174058
5 0.216291 0.184471 0.196035 0.186123 0.000000 0.189427 0.199890 0.195485 0.196586 0.188326 0.197687
6 0.222895 0.165929 0.182121 0.172395 0.183370 0.000000 0.195447 0.189339 0.179345 0.179900 0.180455
7 0.219042 0.189712 0.213215 0.190687 0.194383 0.197113 0.000000 0.204331 0.190450 0.184897 0.194892
8 0.225647 0.178097 0.180401 0.176275 0.188326 0.187118 0.197668 0.000000 0.169906 0.172049 0.181566
9 0.217942 0.160951 0.185453 0.157982 0.193282 0.182121 0.188229 0.175458 0.000000 0.160466 0.178790
10 0.214089 0.171460 0.167595 0.148559 0.177863 0.178790 0.181566 0.175390 0.157135 0.000000 0.174348
11 0.214089 0.188606 0.182676 0.170732 0.191079 0.174348 0.189894 0.186008 0.178234 0.174903 0.000000
