11
1 0.000000 0.876946 0.820737 0.810862 0.789973 0.841626 0.877373 0.868591 0.863705 0.832194 0.802886
2 0.878466 0.000000 0.851120 0.862894 0.862134 0.875807 0.897874 0.897835 0.897115 0.871678 0.858716
3 0.820737 0.851120 0.000000 0.781238 0.752374 0.795670 0.870539 0.848842 0.840167 0.812073 0.793771
4 0.811622 0.863274 0.780858 0.000000 0.695404 0.794911 0.871678 0.840486 0.834472 0.793470 0.627421
5 0.790733 0.863274 0.750475 0.694645 0.000000 0.783517 0.862946 0.813900 0.817008 0.772210 0.695025
6 0.842765 0.874288 0.793771 0.792632 0.783137 0.000000 0.883447 0.859423 0.840167 0.824601 0.790274
7 0.880410 0.899772 0.869021 0.871678 0.861807 0.885345 0.000000 0.888762 0.894837 0.893318 0.865604
8 0.868591 0.895556 0.846563 0.840486 0.813900 0.857523 0.887244 0.000000 0.878891 0.854214 0.825608
9 0.864844 0.897494 0.842445 0.835611 0.818147 0.839408 0.895216 0.880030 0.000000 0.852696 0.838648
10 0.834093 0.871678 0.812073 0.791572 0.772589 0.823842 0.891420 0.855733 0.850418 0.000000 0.791572
11 0.805165 0.860615 0.793771 0.627801 0.695025 0.789894 0.863326 0.828267 0.833713 0.789294 0.000000
