11
1 0.000000 0.930901 0.927377 0.926700 0.934349 0.935194 0.922780 0.926998 0.929667 0.925696 0.934585
2 0.930980 0.000000 0.696030 0.878444 0.885312 0.893753 0.871218 0.890528 0.844342 0.887263 0.896062
3 0.927357 0.696070 0.000000 0.875834 0.880904 0.890258 0.870012 0.877310 0.841926 0.877454 0.886634
4 0.926759 0.878245 0.875635 0.000000 0.876563 0.874092 0.869873 0.869783 0.880857 0.831163 0.876837
5 0.934309 0.885133 0.880884 0.876722 0.000000 0.866825 0.853485 0.854779 0.894683 0.885657 0.818738
6 0.935254 0.893813 0.890059 0.874092 0.866825 0.000000 0.859597 0.834750 0.894897 0.892667 0.866168
7 0.922800 0.871218 0.870032 0.869892 0.853525 0.859637 0.000000 0.844484 0.879052 0.871680 0.859299
8 0.926779 0.890389 0.877151 0.869862 0.854699 0.834790 0.844365 0.000000 0.884700 0.879027 0.849476
9 0.929846 0.844283 0.841826 0.880817 0.894703 0.894818 0.878813 0.884681 0.000000 0.874408 0.885758
10 0.925736 0.887064 0.877414 0.831083 0.885537 0.892647 0.871660 0.879087 0.874428 0.000000 0.883805
11 0.934426 0.895923 0.886594 0.876797 0.818638 0.866128 0.859060 0.849456 0.885678 0.883626 0.000000
