11
1 0.000000 0.828980 0.796152 0.820972 0.828822 0.809152 0.808580 0.813346 0.813727 0.821231 0.808462
2 0.826311 0.000000 0.818823 0.821544 0.838353 0.834890 0.817089 0.760724 0.830315 0.788069 0.793406
3 0.797104 0.822823 0.000000 0.798247 0.811774 0.814441 0.791008 0.813488 0.805106 0.807963 0.797676
4 0.821163 0.822498 0.799009 0.000000 0.829775 0.810296 0.781888 0.828217 0.797140 0.808653 0.810177
5 0.829013 0.840259 0.809297 0.828250 0.000000 0.837209 0.822531 0.841784 0.829394 0.834000 0.825996
6 0.806482 0.834128 0.814250 0.808008 0.838162 0.000000 0.779028 0.824404 0.724309 0.816848 0.815704
7 0.807626 0.817280 0.789674 0.779028 0.821578 0.779409 0.000000 0.820019 0.768732 0.806175 0.798933
8 0.812965 0.761487 0.813298 0.828980 0.841212 0.824214 0.819256 0.000000 0.829743 0.771488 0.805603
9 0.812393 0.830696 0.803963 0.796377 0.828441 0.725262 0.768541 0.828980 0.000000 0.816276 0.814180
10 0.821803 0.787879 0.806058 0.808462 0.833810 0.819135 0.804841 0.771488 0.816085 0.000000 0.791119
11 0.808462 0.795121 0.796914 0.810749 0.828664 0.818563 0.799314 0.806366 0.813989 0.793215 0.000000
