11
1 0.000000 0.042791 0.040981 0.040981 0.059623 0.048402 0.057178 0.049226 0.045610 0.047782 0.046101
2 0.044961 0.000000 0.030078 0.030078 0.046030 0.034109 0.048992 0.034985 0.032248 0.030388 0.032178
3 0.042223 0.028527 0.000000 0.018628 0.046030 0.034130 0.046880 0.036223 0.033819 0.033199 0.034035
4 0.042223 0.028837 0.018628 0.000000 0.045721 0.034130 0.047190 0.036533 0.033509 0.033199 0.034344
5 0.064875 0.050046 0.050973 0.050973 0.000000 0.056534 0.057461 0.055916 0.056534 0.055607 0.053753
6 0.050574 0.033798 0.035061 0.035061 0.052518 0.000000 0.053056 0.034365 0.030096 0.038163 0.033416
7 0.058421 0.047442 0.046880 0.047501 0.052209 0.052436 0.000000 0.053560 0.051505 0.053366 0.052908
8 0.053870 0.036842 0.039628 0.039628 0.054680 0.036842 0.056347 0.000000 0.033437 0.041486 0.030941
9 0.047471 0.031628 0.034440 0.034130 0.052209 0.030096 0.052125 0.030650 0.000000 0.036922 0.028465
10 0.049643 0.029767 0.033819 0.033819 0.050973 0.038163 0.053366 0.039009 0.036922 0.000000 0.036819
11 0.050433 0.034344 0.037438 0.037438 0.051591 0.035891 0.055074 0.030941 0.030941 0.039604 0.000000
