11
1 0.000000 0.911410 0.897945 0.895110 0.902197 0.895110 0.909993 0.895110 0.887314 0.899362 0.914245
2 0.905032 0.000000 0.882941 0.890323 0.895265 0.878853 0.915363 0.906877 0.881935 0.894737 0.716941
3 0.895110 0.882941 0.000000 0.798001 0.731620 0.803712 0.884068 0.829408 0.677098 0.790185 0.882227
4 0.897236 0.884588 0.809422 0.000000 0.794982 0.835842 0.892603 0.775788 0.767425 0.671408 0.891351
5 0.888731 0.875179 0.724483 0.761290 0.000000 0.810036 0.866287 0.797278 0.694168 0.765292 0.882773
6 0.892984 0.876702 0.820842 0.819355 0.832258 0.000000 0.864154 0.853868 0.791607 0.825036 0.890636
7 0.912119 0.906117 0.886202 0.887624 0.881223 0.849929 0.000000 0.896159 0.871977 0.883357 0.911807
8 0.895819 0.902579 0.825839 0.757880 0.799427 0.843123 0.881935 0.000000 0.788762 0.790185 0.906362
9 0.885188 0.871977 0.678521 0.750356 0.697013 0.795875 0.860597 0.795875 0.000000 0.756046 0.880512
10 0.895110 0.873400 0.793030 0.633713 0.764580 0.807255 0.876956 0.759602 0.743954 0.000000 0.876245
11 0.912828 0.710508 0.890079 0.890636 0.902073 0.894210 0.913229 0.911365 0.885491 0.893314 0.000000
