11
1 0.000000 0.626984 0.623342 0.621693 0.612732 0.610080 0.610080 0.612732 0.612732 0.606860 0.626984
2 0.621693 0.000000 0.611111 0.595238 0.587302 0.589947 0.592593 0.410053 0.603175 0.509235 0.605820
3 0.620690 0.611111 0.000000 0.595238 0.591512 0.604775 0.602122 0.615385 0.570292 0.604222 0.621693
4 0.634921 0.595238 0.600529 0.000000 0.296296 0.412698 0.595238 0.605820 0.589947 0.591029 0.568783
5 0.625995 0.584656 0.596817 0.296296 0.000000 0.379310 0.564987 0.586207 0.594164 0.577836 0.555556
6 0.615385 0.589947 0.607427 0.412698 0.379310 0.000000 0.562334 0.578249 0.562334 0.567282 0.563492
7 0.610080 0.589947 0.596817 0.582011 0.562334 0.562334 0.000000 0.599469 0.604775 0.585752 0.568783
8 0.612732 0.410053 0.620690 0.605820 0.586207 0.578249 0.602122 0.000000 0.594164 0.503958 0.600529
9 0.615385 0.603175 0.572944 0.592593 0.594164 0.562334 0.612732 0.599469 0.000000 0.572559 0.608466
10 0.609499 0.509235 0.601583 0.593668 0.577836 0.567282 0.596306 0.503958 0.572559 0.000000 0.601583
11 0.626984 0.603175 0.619048 0.568783 0.558201 0.566138 0.563492 0.600529 0.608466 0.601583 0.000000
