11
1 0.000000 0.384870 0.399779 0.381557 0.408040 0.388183 0.419284 0.366244 0.373970 0.416897 0.374725
2 0.392601 0.000000 0.361326 0.300000 0.363987 0.305525 0.383471 0.225041 0.233388 0.280663 0.258242
3 0.402540 0.359116 0.000000 0.355998 0.339758 0.361173 0.425344 0.350248 0.355848 0.390487 0.367033
4 0.383766 0.302210 0.352128 0.000000 0.351322 0.196794 0.382369 0.276889 0.288852 0.323936 0.308791
5 0.425110 0.365639 0.349670 0.360683 0.000000 0.371145 0.410242 0.350220 0.352554 0.397577 0.368132
6 0.379901 0.295028 0.357301 0.190160 0.361233 0.000000 0.386777 0.280199 0.287205 0.321152 0.301648
7 0.417080 0.390634 0.424793 0.385675 0.408040 0.387879 0.000000 0.381267 0.378364 0.412121 0.395055
8 0.367899 0.220629 0.353006 0.273580 0.341410 0.286817 0.369697 0.000000 0.142779 0.223387 0.202747
9 0.377814 0.237232 0.358594 0.292696 0.358045 0.303130 0.374519 0.151565 0.000000 0.244920 0.216365
10 0.424627 0.280111 0.392699 0.328358 0.391520 0.332226 0.406612 0.218423 0.232290 0.000000 0.219231
11 0.377473 0.251648 0.371429 0.309890 0.359341 0.308242 0.389560 0.205495 0.211971 0.227473 0.000000
