11
1 0.000000 0.806302 0.802827 0.770196 0.781111 0.792748 0.808310 0.809893 0.770716 0.799158 0.769347
2 0.806379 0.000000 0.272594 0.371530 0.450674 0.321073 0.316632 0.326691 0.410379 0.236024 0.372110
3 0.802132 0.273985 0.000000 0.333990 0.418703 0.276061 0.270507 0.286448 0.375319 0.170395 0.333295
4 0.768536 0.371221 0.331401 0.000000 0.221823 0.268488 0.359607 0.376163 0.150591 0.308722 0.013806
5 0.781304 0.451871 0.418356 0.224063 0.000000 0.364338 0.441870 0.452604 0.140932 0.401019 0.221244
6 0.791937 0.322077 0.275906 0.270574 0.362948 0.000000 0.307975 0.321709 0.314735 0.254153 0.269608
7 0.806264 0.316864 0.268150 0.360419 0.438627 0.305541 0.000000 0.250106 0.399568 0.249768 0.360300
8 0.808928 0.326575 0.285521 0.375777 0.451253 0.319584 0.251265 0.000000 0.412812 0.259375 0.375623
9 0.770986 0.412889 0.375087 0.152908 0.140700 0.317129 0.402464 0.414742 0.000000 0.359178 0.150320
10 0.797420 0.235251 0.168811 0.308838 0.398896 0.252260 0.249497 0.258950 0.355163 0.000000 0.308210
11 0.768149 0.371028 0.330822 0.014270 0.218657 0.268295 0.360107 0.376434 0.148544 0.308790 0.000000
