11
1 0.000000 0.935819 0.912189 0.936982 0.925148 0.932998 0.934359 0.932110 0.940868 0.941558 0.914320
2 0.934675 0.000000 0.881908 0.909902 0.894303 0.905421 0.910814 0.904037 0.890917 0.892095 0.886469
3 0.910039 0.881592 0.000000 0.876218 0.850174 0.875730 0.883466 0.869767 0.899183 0.901350 0.504692
4 0.936114 0.910060 0.877698 0.000000 0.720271 0.904849 0.908816 0.901492 0.921260 0.921899 0.882059
5 0.924832 0.894875 0.850923 0.720212 0.000000 0.887043 0.893178 0.883453 0.907993 0.908309 0.855934
6 0.933018 0.906388 0.877525 0.905204 0.887753 0.000000 0.870384 0.619377 0.920336 0.921559 0.882378
7 0.932939 0.910636 0.883801 0.908264 0.893021 0.869220 0.000000 0.865012 0.921260 0.924656 0.885934
8 0.932229 0.905141 0.871424 0.901847 0.884143 0.620206 0.866571 0.000000 0.917926 0.920767 0.877718
9 0.940690 0.891844 0.900860 0.922484 0.907895 0.919882 0.922681 0.917985 0.000000 0.630746 0.902478
10 0.939724 0.892055 0.901744 0.921504 0.907106 0.920731 0.924695 0.919583 0.630292 0.000000 0.902968
11 0.911775 0.884613 0.504277 0.880126 0.854218 0.880031 0.884710 0.875449 0.900308 0.902001 0.000000
