11
1 0.000000 0.950067 0.949867 0.949695 0.951582 0.943195 0.948913 0.947198 0.945673 0.942634 0.946456
2 0.951020 0.000000 0.892319 0.913491 0.821994 0.878788 0.890795 0.681342 0.697541 0.881837 0.925114
3 0.948532 0.892319 0.000000 0.908727 0.881915 0.862319 0.858642 0.872235 0.874523 0.872117 0.923209
4 0.950648 0.913681 0.909680 0.000000 0.905488 0.881288 0.911585 0.909489 0.906822 0.893864 0.893102
5 0.949867 0.817610 0.882106 0.902249 0.000000 0.862510 0.886090 0.797101 0.790046 0.878597 0.927020
6 0.941479 0.878597 0.863082 0.879192 0.863463 0.000000 0.854882 0.864035 0.847445 0.735468 0.914825
7 0.948723 0.889079 0.859405 0.911776 0.885518 0.853547 0.000000 0.877765 0.869947 0.875357 0.923209
8 0.946435 0.679055 0.871472 0.906631 0.798246 0.862700 0.877956 0.000000 0.624714 0.870212 0.923018
9 0.943957 0.696589 0.873188 0.903011 0.791571 0.845538 0.869375 0.624523 0.000000 0.861826 0.920160
10 0.942824 0.880503 0.869830 0.892721 0.880122 0.736230 0.874023 0.872308 0.864113 0.000000 0.914062
11 0.946456 0.924733 0.923971 0.891959 0.927591 0.914444 0.924162 0.924733 0.922256 0.916159 0.000000
