11
1 0.000000 0.223145 0.235070 0.172508 0.154739 0.190160 0.239002 0.177682 0.165627 0.176826 0.157202
2 0.223066 0.000000 0.272619 0.220752 0.204252 0.238604 0.276557 0.158432 0.208544 0.217158 0.203696
3 0.235229 0.272857 0.000000 0.227600 0.211110 0.245440 0.133111 0.235547 0.203520 0.234235 0.201653
4 0.172508 0.220871 0.227441 0.000000 0.139996 0.170124 0.232316 0.176005 0.158752 0.174005 0.151480
5 0.154858 0.204451 0.211070 0.140115 0.000000 0.159507 0.215617 0.159229 0.138168 0.155805 0.133320
6 0.190081 0.238644 0.245202 0.170045 0.159309 0.000000 0.250487 0.196519 0.176634 0.189979 0.169442
7 0.239041 0.276636 0.132952 0.232316 0.215537 0.250566 0.000000 0.238048 0.207828 0.237781 0.206040
8 0.177483 0.158313 0.235189 0.175807 0.158911 0.196399 0.237849 0.000000 0.164594 0.172137 0.158911
9 0.165746 0.208703 0.203441 0.158832 0.138128 0.176793 0.207948 0.164912 0.000000 0.166137 0.128989
10 0.176905 0.217317 0.234196 0.174084 0.155805 0.190137 0.237861 0.172455 0.166137 0.000000 0.157355
11 0.157282 0.203815 0.201494 0.151520 0.133241 0.169561 0.206080 0.159150 0.128909 0.157315 0.000000
