11
1 0.000000 0.934391 0.941240 0.947425 0.939798 0.940880 0.954218 0.947425 0.957462 0.964672 0.940159
2 0.932228 0.000000 0.904040 0.931221 0.913781 0.910173 0.916667 0.921138 0.928211 0.954906 0.908730
3 0.944124 0.908009 0.000000 0.936622 0.783911 0.926997 0.936393 0.940943 0.947958 0.959523 0.661727
4 0.954987 0.937342 0.941664 0.000000 0.942384 0.939143 0.954627 0.945985 0.958948 0.953907 0.943824
5 0.937275 0.911616 0.781385 0.935542 0.000000 0.925685 0.933261 0.933381 0.946248 0.957792 0.796898
6 0.937275 0.898990 0.915793 0.930501 0.917388 0.000000 0.942836 0.939863 0.945731 0.957308 0.921491
7 0.950973 0.920635 0.931695 0.946345 0.932179 0.943198 0.000000 0.864602 0.874004 0.967777 0.935192
8 0.950666 0.929420 0.939143 0.941304 0.936982 0.947785 0.867843 0.000000 0.786100 0.964350 0.937703
9 0.949171 0.924964 0.938200 0.941664 0.932900 0.944645 0.876539 0.774937 0.000000 0.959058 0.934106
10 0.959265 0.942641 0.944705 0.943104 0.949134 0.951158 0.960898 0.953907 0.964130 0.000000 0.951484
11 0.940519 0.909091 0.656668 0.933741 0.792929 0.926917 0.933020 0.931581 0.941709 0.960898 0.000000
