11
1 0.000000 0.037191 0.035397 0.034902 0.049336 0.040490 0.049342 0.039025 0.038743 0.040475 0.038355
2 0.038329 0.000000 0.019982 0.019840 0.039218 0.025147 0.038038 0.022960 0.022962 0.025387 0.023360
3 0.036108 0.019378 0.000000 0.009570 0.036784 0.024116 0.036154 0.022036 0.021931 0.024328 0.022127
4 0.035721 0.019342 0.009605 0.000000 0.036610 0.024081 0.036154 0.022107 0.021717 0.023937 0.021632
5 0.048375 0.036871 0.035112 0.034689 0.000000 0.040632 0.037291 0.039060 0.039063 0.040831 0.038746
6 0.042728 0.026070 0.025715 0.025537 0.043935 0.000000 0.042763 0.019854 0.018292 0.028876 0.020174
7 0.050622 0.038144 0.036865 0.036687 0.039673 0.041946 0.000000 0.040340 0.040165 0.042481 0.040526
8 0.040766 0.023386 0.023031 0.023067 0.041868 0.019357 0.040660 0.000000 0.017167 0.026265 0.017344
9 0.040200 0.023317 0.022855 0.022499 0.041693 0.017723 0.040449 0.017060 0.000000 0.026303 0.017630
10 0.041435 0.025067 0.024541 0.024186 0.042787 0.027562 0.042126 0.025554 0.025521 0.000000 0.025537
11 0.039031 0.022862 0.021914 0.021418 0.040347 0.018505 0.039708 0.016243 0.016564 0.025253 0.000000
