11
1 0.000000 0.898637 0.884770 0.889902 0.889543 0.896538 0.891460 0.894636 0.900186 0.884561 0.895813
2 0.898519 0.000000 0.838979 0.867859 0.840668 0.875436 0.843985 0.860053 0.587995 0.835731 0.873899
3 0.884476 0.840058 0.000000 0.846698 0.817310 0.851768 0.824238 0.827544 0.840176 0.624907 0.848963
4 0.889196 0.868114 0.846934 0.000000 0.854916 0.863878 0.857810 0.861054 0.870095 0.845297 0.865819
5 0.889523 0.841786 0.817761 0.854798 0.000000 0.861516 0.810550 0.845807 0.842316 0.815462 0.864105
6 0.895950 0.874652 0.850395 0.863819 0.861203 0.000000 0.862790 0.863549 0.874868 0.851119 0.845875
7 0.892068 0.845083 0.825630 0.858574 0.810805 0.864163 0.000000 0.850260 0.845240 0.821735 0.862908
8 0.893910 0.860131 0.827289 0.861897 0.845787 0.864334 0.850652 0.000000 0.862034 0.825185 0.865566
9 0.899245 0.587014 0.839725 0.869722 0.841708 0.875535 0.844789 0.861583 0.000000 0.835692 0.875331
10 0.884561 0.836711 0.624515 0.845239 0.816031 0.852197 0.821480 0.825479 0.836378 0.000000 0.849492
11 0.895342 0.873761 0.848453 0.865839 0.863438 0.847012 0.862045 0.864919 0.875822 0.848375 0.000000
