11
1 0.000000 0.376251 0.371886 0.343956 0.350806 0.363617 0.380119 0.380545 0.343246 0.363582 0.339420
2 0.374335 0.000000 0.089909 0.123132 0.149931 0.107053 0.103929 0.108224 0.135591 0.078231 0.122394
3 0.370999 0.087282 0.000000 0.108716 0.136927 0.091223 0.088622 0.092758 0.121826 0.057722 0.108212
4 0.338562 0.122209 0.110136 0.000000 0.072441 0.088827 0.117666 0.123846 0.052316 0.100050 0.007978
5 0.350983 0.149256 0.139093 0.072725 0.000000 0.119669 0.146337 0.152303 0.048791 0.130358 0.072295
6 0.363298 0.105633 0.092360 0.088507 0.118852 0.000000 0.100846 0.107078 0.102646 0.083937 0.088285
7 0.374512 0.103894 0.090505 0.118021 0.146231 0.102303 0.000000 0.085246 0.131842 0.083618 0.117820
8 0.375506 0.106449 0.093576 0.123668 0.150598 0.106687 0.084322 0.000000 0.136565 0.085287 0.123316
9 0.340478 0.134348 0.123566 0.052422 0.048720 0.103214 0.131593 0.137418 0.000000 0.114331 0.052120
10 0.366846 0.077734 0.059285 0.100511 0.130429 0.084861 0.083120 0.085855 0.114544 0.000000 0.100305
11 0.339136 0.122713 0.111332 0.009644 0.073110 0.090590 0.119238 0.125514 0.053255 0.101759 0.000000
