11
1 0.000000 0.330761 0.335171 0.301544 0.307056 0.336825 0.316979 0.338479 0.315385 0.329658 0.326351
2 0.334068 0.000000 0.099502 0.222161 0.159822 0.284368 0.237542 0.184035 0.229121 0.266926 0.152909
3 0.326902 0.100608 0.000000 0.227674 0.169154 0.280818 0.236595 0.189055 0.228571 0.275290 0.161415
4 0.302646 0.224917 0.232635 0.000000 0.210033 0.270121 0.165380 0.229327 0.174725 0.254135 0.228776
5 0.306505 0.151498 0.165285 0.201764 0.000000 0.261641 0.212625 0.167960 0.210440 0.248613 0.152909
6 0.330761 0.286585 0.288004 0.271224 0.267738 0.000000 0.280731 0.291020 0.277473 0.204545 0.283102
7 0.314223 0.238095 0.242676 0.163727 0.217054 0.274640 0.000000 0.227021 0.143407 0.257475 0.230897
8 0.334068 0.180155 0.184632 0.226571 0.170177 0.291020 0.230897 0.000000 0.230220 0.272727 0.173961
9 0.315934 0.239011 0.243407 0.175824 0.222527 0.281319 0.152198 0.235165 0.000000 0.262637 0.238462
10 0.325799 0.260821 0.272526 0.251378 0.246948 0.199557 0.249169 0.269956 0.252747 0.000000 0.266482
11 0.321389 0.155125 0.159204 0.224366 0.154017 0.278116 0.230897 0.173961 0.227473 0.265374 0.000000
