11
1 0.000000 0.863810 0.861309 0.877666 0.855558 0.859435 0.877849 0.876572 0.874202 0.859799 0.869827
2 0.859982 0.000000 0.827046 0.851282 0.817719 0.810272 0.845971 0.838139 0.838278 0.825492 0.831812
3 0.862038 0.828868 0.000000 0.855841 0.807531 0.791507 0.783670 0.832331 0.774558 0.733917 0.776016
4 0.875296 0.848168 0.852925 0.000000 0.831181 0.836959 0.865921 0.861861 0.857562 0.853209 0.860299
5 0.859378 0.824268 0.811352 0.838639 0.000000 0.758414 0.823904 0.839367 0.813171 0.806986 0.820993
6 0.853783 0.804789 0.788044 0.833851 0.750955 0.000000 0.812100 0.807482 0.803692 0.788476 0.810080
7 0.868915 0.835714 0.776016 0.857667 0.809351 0.807713 0.000000 0.855292 0.483043 0.798140 0.811359
8 0.877302 0.838321 0.834336 0.864964 0.836638 0.815693 0.863321 0.000000 0.855110 0.838257 0.848540
9 0.872379 0.839011 0.772918 0.858112 0.806440 0.806434 0.485060 0.854927 0.000000 0.794493 0.809898
10 0.861805 0.830051 0.735921 0.856674 0.806076 0.793034 0.809628 0.840627 0.799234 0.000000 0.720277
11 0.865269 0.832725 0.775469 0.859386 0.818810 0.809898 0.818846 0.844708 0.809167 0.720095 0.000000
