11
1 0.000000 0.881524 0.897162 0.892285 0.893273 0.893707 0.899729 0.885651 0.891021 0.881267 0.879154
2 0.879431 0.000000 0.852722 0.847715 0.848846 0.850387 0.863506 0.513962 0.837428 0.672885 0.828593
3 0.896866 0.854559 0.000000 0.868204 0.869113 0.868698 0.882995 0.859555 0.764312 0.853532 0.853631
4 0.891594 0.848663 0.867197 0.000000 0.415297 0.520307 0.835266 0.856251 0.858125 0.850698 0.786087
5 0.892364 0.850407 0.868343 0.415534 0.000000 0.528109 0.837725 0.856392 0.859132 0.851513 0.788536
6 0.892660 0.851948 0.868125 0.520958 0.528188 0.000000 0.836797 0.858723 0.858401 0.852106 0.787252
7 0.898900 0.864198 0.881534 0.835029 0.837350 0.836007 0.000000 0.869390 0.871633 0.862767 0.791874
8 0.884880 0.514595 0.858449 0.855836 0.855444 0.858170 0.869252 0.000000 0.846710 0.687872 0.836375
9 0.890330 0.839304 0.763818 0.858500 0.859468 0.858480 0.872956 0.847697 0.000000 0.838336 0.844004
10 0.880438 0.673340 0.852841 0.850125 0.850683 0.851019 0.863775 0.687714 0.837290 0.000000 0.830627
11 0.878897 0.830213 0.853947 0.785949 0.788378 0.787193 0.792763 0.837027 0.843313 0.831496 0.000000
