11
1 0.000000 0.577273 0.579545 0.581818 0.581818 0.577273 0.575000 0.571429 0.573696 0.576923 0.573696
2 0.577273 0.000000 0.572727 0.577273 0.570455 0.561364 0.572727 0.564626 0.562358 0.567873 0.562358
3 0.579545 0.570455 0.000000 0.570455 0.572727 0.565909 0.568182 0.566893 0.578231 0.576923 0.551020
4 0.579545 0.579545 0.568182 0.000000 0.550000 0.575000 0.527273 0.546485 0.578231 0.579186 0.562358
5 0.579545 0.570455 0.570455 0.543182 0.000000 0.561364 0.545455 0.548753 0.571429 0.574661 0.544218
6 0.575000 0.561364 0.565909 0.570455 0.568182 0.000000 0.570455 0.562358 0.571429 0.563348 0.560091
7 0.577273 0.570455 0.568182 0.529545 0.543182 0.572727 0.000000 0.560091 0.573696 0.576923 0.560091
8 0.571429 0.569161 0.566893 0.557823 0.553288 0.564626 0.562358 0.000000 0.573696 0.574661 0.532880
9 0.575964 0.564626 0.575964 0.575964 0.575964 0.573696 0.578231 0.571429 0.000000 0.576923 0.571429
10 0.572398 0.565611 0.574661 0.579186 0.574661 0.563348 0.576923 0.570136 0.572398 0.000000 0.570136
11 0.575964 0.566893 0.553288 0.564626 0.553288 0.566893 0.562358 0.532880 0.571429 0.570136 0.000000
