11
1 0.000000 0.653439 0.655172 0.650794 0.653439 0.644562 0.649867 0.645503 0.650794 0.656992 0.658730
2 0.650794 0.000000 0.656085 0.653439 0.576720 0.648148 0.661376 0.650794 0.642857 0.614776 0.653439
3 0.660477 0.658730 0.000000 0.661376 0.661376 0.647215 0.663130 0.624339 0.650794 0.664908 0.661376
4 0.656085 0.656085 0.658730 0.000000 0.650794 0.648148 0.650794 0.648148 0.637566 0.654354 0.648148
5 0.658730 0.592593 0.658730 0.642857 0.000000 0.645503 0.664021 0.650794 0.642857 0.630607 0.658730
6 0.644562 0.648148 0.644562 0.648148 0.645503 0.000000 0.644562 0.645503 0.645503 0.651715 0.637566
7 0.660477 0.658730 0.652520 0.653439 0.666667 0.641910 0.000000 0.648148 0.656085 0.659631 0.656085
8 0.645503 0.656085 0.621693 0.650794 0.650794 0.650794 0.648148 0.000000 0.650794 0.656992 0.656085
9 0.653439 0.642857 0.653439 0.640212 0.645503 0.650794 0.661376 0.653439 0.000000 0.649077 0.653439
10 0.662269 0.620053 0.664908 0.656992 0.633245 0.651715 0.662269 0.656992 0.651715 0.000000 0.654354
11 0.666667 0.658730 0.658730 0.653439 0.661376 0.640212 0.656085 0.658730 0.650794 0.651715 0.000000
