11
1 0.000000 0.963987 0.967296 0.966323 0.968075 0.969243 0.968853 0.968269 0.968269 0.970806 0.964765
2 0.963403 0.000000 0.944326 0.956192 0.954059 0.937317 0.955607 0.951333 0.935566 0.959907 0.952298
3 0.967296 0.944131 0.000000 0.946856 0.944520 0.949387 0.950165 0.938486 0.959704 0.966135 0.934398
4 0.966907 0.956192 0.946856 0.000000 0.892739 0.953280 0.843458 0.937317 0.967296 0.964967 0.940810
5 0.967491 0.953085 0.944909 0.891766 0.000000 0.947829 0.890598 0.930894 0.959509 0.966135 0.920771
6 0.968853 0.936733 0.950555 0.953475 0.949971 0.000000 0.961456 0.945883 0.960483 0.956014 0.949581
7 0.968269 0.955997 0.950555 0.844042 0.890598 0.960483 0.000000 0.931283 0.965349 0.969833 0.942952
8 0.969048 0.951528 0.939070 0.937707 0.933035 0.945688 0.931867 0.000000 0.961651 0.964383 0.916488
9 0.968659 0.935176 0.961261 0.967296 0.960288 0.960872 0.965933 0.961845 0.000000 0.966135 0.963013
10 0.970027 0.960490 0.966524 0.965551 0.966913 0.955819 0.969054 0.964383 0.966135 0.000000 0.964772
11 0.965155 0.951519 0.935176 0.941199 0.922718 0.948997 0.944120 0.916683 0.963208 0.963994 0.000000
