11
1 0.000000 0.974758 0.972912 0.972873 0.972167 0.968830 0.976210 0.971185 0.972598 0.973344 0.973423
2 0.973227 0.000000 0.945893 0.947503 0.952607 0.954217 0.866342 0.960107 0.951547 0.949040 0.948327
3 0.969183 0.944047 0.000000 0.913725 0.946498 0.950920 0.949544 0.956450 0.946812 0.908837 0.860999
4 0.969615 0.945736 0.914078 0.000000 0.945337 0.949107 0.952366 0.953073 0.945258 0.774685 0.914392
5 0.969262 0.951469 0.947402 0.946476 0.000000 0.950701 0.953608 0.956686 0.881015 0.944839 0.946930
6 0.964551 0.952018 0.951037 0.948086 0.949798 0.000000 0.956653 0.884508 0.949091 0.946763 0.952579
7 0.971578 0.864300 0.950252 0.951266 0.951330 0.957832 0.000000 0.959709 0.953451 0.949943 0.950811
8 0.971224 0.961245 0.959827 0.955979 0.958924 0.887139 0.963519 0.000000 0.959356 0.954968 0.958139
9 0.972088 0.951940 0.950466 0.946711 0.882351 0.952115 0.956122 0.958296 0.000000 0.948333 0.948266
10 0.972284 0.949040 0.911704 0.775549 0.947234 0.949982 0.952731 0.954065 0.948255 0.000000 0.915551
11 0.968948 0.945579 0.860527 0.913921 0.945320 0.951243 0.950183 0.954094 0.945595 0.912881 0.000000
