11
1 0.000000 0.856061 0.849966 0.853508 0.857536 0.854095 0.856848 0.857536 0.856749 0.853608 0.859601
2 0.858127 0.000000 0.817619 0.830812 0.776325 0.796284 0.812801 0.640055 0.675620 0.809622 0.848589
3 0.847213 0.816242 0.000000 0.827373 0.819683 0.799037 0.803166 0.805231 0.807983 0.810997 0.845836
4 0.852820 0.833563 0.827373 0.000000 0.835626 0.821871 0.843879 0.822558 0.822558 0.830241 0.823934
5 0.858913 0.778390 0.819683 0.834938 0.000000 0.816930 0.814178 0.751549 0.754990 0.817869 0.848589
6 0.855471 0.797660 0.800413 0.821183 0.814866 0.000000 0.794907 0.784584 0.794219 0.712027 0.841019
7 0.857536 0.814866 0.804542 0.844567 0.813489 0.793531 0.000000 0.796284 0.803854 0.807560 0.847901
8 0.856848 0.642120 0.805231 0.820495 0.750172 0.785272 0.798348 0.000000 0.631108 0.797251 0.843772
9 0.855372 0.679752 0.805919 0.821183 0.756366 0.794219 0.801101 0.629732 0.000000 0.796564 0.845148
10 0.853608 0.809622 0.813746 0.831615 0.819244 0.712715 0.810997 0.797251 0.799313 0.000000 0.841237
11 0.859601 0.849277 0.847901 0.822558 0.850654 0.843772 0.849277 0.845836 0.848589 0.841237 0.000000
