11
1 0.000000 0.878725 0.852291 0.854258 0.864836 0.874293 0.874059 0.851017 0.852449 0.874749 0.874554
2 0.878884 0.000000 0.843371 0.843225 0.861331 0.818589 0.817222 0.841639 0.845717 0.867281 0.862249
3 0.852311 0.843311 0.000000 0.709220 0.819360 0.830669 0.834073 0.702053 0.604038 0.820794 0.810699
4 0.854278 0.843125 0.709140 0.000000 0.819170 0.834024 0.837754 0.606528 0.722801 0.825285 0.815476
5 0.864836 0.861351 0.819261 0.819150 0.000000 0.854679 0.855777 0.815367 0.823691 0.855473 0.848908
6 0.874452 0.818709 0.830788 0.834143 0.854679 0.000000 0.761740 0.830041 0.833211 0.860670 0.856614
7 0.874298 0.817262 0.834093 0.837934 0.855937 0.761700 0.000000 0.831302 0.837973 0.862542 0.857769
8 0.850937 0.841758 0.702033 0.606409 0.815327 0.830061 0.831421 0.000000 0.719714 0.821482 0.809940
9 0.852488 0.845697 0.604078 0.722841 0.823910 0.833270 0.838073 0.719774 0.000000 0.824329 0.815575
10 0.874649 0.867242 0.820833 0.825206 0.855433 0.860551 0.862602 0.821482 0.824310 0.000000 0.740029
11 0.874774 0.862169 0.810779 0.815495 0.848928 0.856534 0.857729 0.809701 0.815416 0.739890 0.000000
