11
1 0.000000 0.957999 0.960261 0.959824 0.961222 0.959747 0.958115 0.957042 0.960896 0.960300 0.960499
2 0.957800 0.000000 0.914329 0.847373 0.909969 0.910514 0.870063 0.560478 0.906262 0.911984 0.910792
3 0.960340 0.914408 0.000000 0.911540 0.860503 0.849082 0.913911 0.909618 0.855207 0.844063 0.844096
4 0.959983 0.847691 0.911461 0.000000 0.909690 0.911547 0.869893 0.838142 0.907050 0.907010 0.911222
5 0.961341 0.910286 0.860384 0.910048 0.000000 0.861615 0.911399 0.905201 0.759983 0.862410 0.857483
6 0.959787 0.910594 0.848764 0.911667 0.861735 0.000000 0.911746 0.905786 0.860765 0.828340 0.776206
7 0.958154 0.869745 0.913673 0.870013 0.911280 0.911667 0.000000 0.863792 0.908188 0.912415 0.911735
8 0.956923 0.560478 0.909340 0.837983 0.905082 0.905746 0.863911 0.000000 0.903060 0.904705 0.906251
9 0.961095 0.906620 0.855246 0.907050 0.759983 0.860288 0.908068 0.903259 0.000000 0.863376 0.849620
10 0.960340 0.912183 0.843626 0.906811 0.862013 0.828499 0.912613 0.904824 0.863297 0.000000 0.826180
11 0.960300 0.910713 0.844136 0.911302 0.857245 0.775848 0.912014 0.906211 0.849779 0.826220 0.000000
