11
1 0.000000 0.946979 0.958042 0.959552 0.945111 0.961253 0.952146 0.958161 0.955217 0.961497 0.962209
2 0.946860 0.000000 0.826168 0.854577 0.365143 0.824147 0.843601 0.828989 0.867083 0.861207 0.862627
3 0.957923 0.826287 0.000000 0.903528 0.819135 0.879291 0.900906 0.539137 0.910561 0.902297 0.902456
4 0.959671 0.854418 0.903568 0.000000 0.846074 0.903091 0.908574 0.901701 0.917832 0.919461 0.918627
5 0.945111 0.365064 0.819374 0.845955 0.000000 0.811986 0.836765 0.820685 0.859414 0.853300 0.856189
6 0.961094 0.823988 0.879251 0.903210 0.811906 0.000000 0.900330 0.878775 0.909123 0.902094 0.904629
7 0.951789 0.843641 0.900826 0.908813 0.836765 0.900568 0.000000 0.898760 0.766709 0.913220 0.914604
8 0.958002 0.829069 0.539058 0.901621 0.821082 0.878655 0.898721 0.000000 0.912627 0.906588 0.906031
9 0.955456 0.867083 0.910760 0.917792 0.859612 0.908964 0.766590 0.912866 0.000000 0.917670 0.918819
10 0.961775 0.861406 0.902495 0.919580 0.853300 0.902332 0.913577 0.907303 0.917948 0.000000 0.606508
11 0.962170 0.862507 0.902456 0.918706 0.856308 0.904629 0.914604 0.906071 0.919216 0.606389 0.000000
