11
1 0.000000 0.908502 0.905452 0.921655 0.913458 0.902592 0.905261 0.901830 0.906214 0.905696 0.911395
2 0.909264 0.000000 0.891536 0.904099 0.900477 0.886559 0.885033 0.884652 0.840229 0.891408 0.903582
3 0.904117 0.892299 0.000000 0.858178 0.893824 0.780976 0.876096 0.803279 0.876668 0.885502 0.807927
4 0.920511 0.904671 0.856653 0.000000 0.905779 0.846843 0.892830 0.848999 0.891474 0.895409 0.889863
5 0.913267 0.901049 0.893633 0.905398 0.000000 0.878695 0.884630 0.892278 0.892809 0.894837 0.903011
6 0.900305 0.885605 0.779832 0.848560 0.879458 0.000000 0.865942 0.775214 0.871257 0.873500 0.828697
7 0.905261 0.885224 0.874952 0.893783 0.885011 0.866514 0.000000 0.864824 0.867086 0.656887 0.894436
8 0.903546 0.884652 0.803088 0.850715 0.892660 0.776549 0.867302 0.000000 0.868637 0.873119 0.842607
9 0.906977 0.841563 0.875524 0.892237 0.893572 0.871066 0.867277 0.866730 0.000000 0.874262 0.895008
10 0.907220 0.892360 0.885883 0.898457 0.895218 0.874833 0.655744 0.872738 0.874643 0.000000 0.900362
11 0.912538 0.905107 0.810785 0.890816 0.905869 0.830983 0.895579 0.842607 0.897866 0.902458 0.000000
