11
1 0.000000 0.928163 0.926258 0.913234 0.922637 0.908467 0.939394 0.941659 0.910183 0.934083 0.935176
2 0.931021 0.000000 0.909489 0.918826 0.751524 0.880526 0.939406 0.939977 0.883384 0.930844 0.941692
3 0.927020 0.908727 0.000000 0.915587 0.906822 0.873476 0.940739 0.939406 0.875000 0.923604 0.935976
4 0.913997 0.918445 0.913300 0.000000 0.914444 0.886918 0.935582 0.930791 0.890118 0.927605 0.926787
5 0.923971 0.751524 0.907012 0.912919 0.000000 0.877668 0.938262 0.941120 0.880716 0.928558 0.937309
6 0.909039 0.879192 0.874619 0.887490 0.876715 0.000000 0.927006 0.934032 0.253814 0.894075 0.922784
7 0.938250 0.939596 0.940358 0.936154 0.937500 0.928149 0.000000 0.951401 0.927768 0.936559 0.946255
8 0.940705 0.937881 0.939977 0.930410 0.940930 0.935558 0.951020 0.000000 0.935748 0.947419 0.935748
9 0.909420 0.880526 0.874428 0.889928 0.878430 0.253432 0.927197 0.934414 0.000000 0.893122 0.921068
10 0.933130 0.930082 0.924367 0.926462 0.927605 0.894266 0.936940 0.948371 0.895409 0.000000 0.942846
11 0.936511 0.943026 0.935404 0.926978 0.937309 0.923928 0.946827 0.934795 0.923165 0.942656 0.000000
