11
1 0.000000 0.187810 0.167257 0.136782 0.099929 0.141743 0.189227 0.130404 0.111977 0.137491 0.103473
2 0.181432 0.000000 0.216867 0.195296 0.161817 0.200426 0.237722 0.159461 0.170455 0.201705 0.166904
3 0.170092 0.224663 0.000000 0.193480 0.151665 0.192771 0.092842 0.167257 0.150957 0.194189 0.150957
4 0.131113 0.197434 0.186393 0.000000 0.107878 0.145700 0.202847 0.143161 0.127841 0.153409 0.119743
5 0.097803 0.167495 0.146704 0.112846 0.000000 0.117814 0.164656 0.114103 0.095103 0.116395 0.080199
6 0.135365 0.194741 0.185684 0.146411 0.113556 0.000000 0.204691 0.143870 0.129972 0.158381 0.122957
7 0.184975 0.239146 0.085755 0.202135 0.163236 0.206112 0.000000 0.181432 0.168324 0.202415 0.162278
8 0.133948 0.168675 0.166549 0.150248 0.116938 0.152374 0.188519 0.000000 0.124026 0.152374 0.126152
9 0.109851 0.174006 0.147413 0.131392 0.093683 0.134233 0.171165 0.119773 0.000000 0.135653 0.092330
10 0.133239 0.203835 0.186393 0.154119 0.112846 0.159091 0.203835 0.147413 0.132812 0.000000 0.122869
11 0.095677 0.166191 0.141035 0.118318 0.074521 0.121535 0.159431 0.116938 0.087358 0.119318 0.000000
