11
1 0.000000 0.899858 0.890313 0.912795 0.898860 0.906429 0.892958 0.904932 0.918513 0.911159 0.881851
2 0.904119 0.000000 0.824574 0.865057 0.849432 0.854403 0.864084 0.856534 0.841619 0.852983 0.825284
3 0.885328 0.842330 0.000000 0.852564 0.799145 0.805556 0.833099 0.792023 0.863248 0.859275 0.501779
4 0.922087 0.861506 0.839031 0.000000 0.673789 0.882143 0.886620 0.881174 0.890558 0.892679 0.849110
5 0.908832 0.866477 0.798433 0.676638 0.000000 0.827635 0.859859 0.823362 0.890313 0.898365 0.824911
6 0.903571 0.868608 0.827635 0.877143 0.848291 0.000000 0.837324 0.615000 0.896429 0.898365 0.820641
7 0.909859 0.873944 0.845775 0.893662 0.864789 0.853521 0.000000 0.823944 0.903521 0.907746 0.856338
8 0.894925 0.830966 0.786325 0.851110 0.811966 0.560714 0.796479 0.000000 0.865522 0.867093 0.798577
9 0.910650 0.855114 0.863248 0.890558 0.880342 0.895714 0.883803 0.892704 0.000000 0.619048 0.851246
10 0.911869 0.869318 0.864961 0.899076 0.887704 0.904762 0.885211 0.901208 0.591329 0.000000 0.857143
11 0.879715 0.810369 0.469751 0.840569 0.817082 0.821352 0.861268 0.800000 0.834875 0.858564 0.000000
