11
1 0.000000 0.436364 0.459091 0.468182 0.438636 0.477273 0.472727 0.461364 0.460317 0.470588 0.481818
2 0.431818 0.000000 0.422727 0.400000 0.259091 0.427273 0.418182 0.340909 0.412698 0.429864 0.425000
3 0.456818 0.422727 0.000000 0.445455 0.414579 0.353075 0.440909 0.436364 0.442177 0.436652 0.429545
4 0.468182 0.404545 0.445455 0.000000 0.420455 0.459091 0.336364 0.427273 0.380952 0.416290 0.463636
5 0.436364 0.259091 0.414579 0.420455 0.000000 0.423690 0.429545 0.343182 0.421769 0.420814 0.434091
6 0.472727 0.425000 0.348519 0.456818 0.421412 0.000000 0.461364 0.454545 0.467120 0.466063 0.468182
7 0.470455 0.420455 0.443182 0.336364 0.434091 0.461364 0.000000 0.434091 0.380952 0.407240 0.431818
8 0.461364 0.338636 0.436364 0.422727 0.340909 0.452273 0.431818 0.000000 0.396825 0.432127 0.443182
9 0.458050 0.412698 0.442177 0.383220 0.417234 0.462585 0.383220 0.401361 0.000000 0.373303 0.430839
10 0.468326 0.432127 0.438914 0.418552 0.423077 0.463801 0.411765 0.434389 0.373303 0.000000 0.432127
11 0.486364 0.429545 0.431818 0.463636 0.434091 0.472727 0.429545 0.450000 0.430839 0.432127 0.000000
