11
1 0.000000 0.945254 0.943263 0.955224 0.948253 0.940482 0.952300 0.946089 0.945235 0.951673 0.956902
2 0.945354 0.000000 0.827640 0.893375 0.859552 0.741619 0.865743 0.870859 0.790353 0.873746 0.896281
3 0.943183 0.827540 0.000000 0.890519 0.855590 0.801135 0.757620 0.863783 0.832640 0.870032 0.897957
4 0.955344 0.893454 0.890838 0.000000 0.848172 0.881401 0.912106 0.907661 0.898961 0.865732 0.681313
5 0.948392 0.859611 0.855709 0.847914 0.000000 0.840876 0.887201 0.880916 0.869945 0.819811 0.854574
6 0.940542 0.741619 0.801314 0.881480 0.841035 0.000000 0.844757 0.849383 0.661310 0.856292 0.886559
7 0.952420 0.865882 0.757660 0.912086 0.887281 0.844777 0.000000 0.891919 0.870060 0.896259 0.916426
8 0.945969 0.870799 0.863843 0.907402 0.880717 0.849243 0.891720 0.000000 0.875814 0.891617 0.913766
9 0.945375 0.790412 0.832779 0.898881 0.869985 0.661370 0.869901 0.875993 0.000000 0.878116 0.903117
10 0.951772 0.873825 0.870151 0.865633 0.819910 0.856432 0.896100 0.891836 0.878096 0.000000 0.870530
11 0.956902 0.896480 0.897897 0.681253 0.854694 0.886400 0.916247 0.913885 0.902997 0.870430 0.000000
