11
1 0.000000 0.561128 0.595611 0.598746 0.557994 0.623824 0.608150 0.614420 0.586420 0.592593 0.645768
2 0.567398 0.000000 0.511041 0.515723 0.296530 0.526814 0.596215 0.432602 0.530864 0.561728 0.570978
3 0.570533 0.514196 0.000000 0.559748 0.514196 0.406940 0.558360 0.539185 0.549383 0.555556 0.545741
4 0.620690 0.550314 0.581761 0.000000 0.588050 0.610063 0.446541 0.605016 0.496914 0.537037 0.619497
5 0.573668 0.309148 0.517350 0.534591 0.000000 0.523659 0.561514 0.426332 0.527778 0.527778 0.536278
6 0.598746 0.561514 0.410095 0.569182 0.526814 0.000000 0.636076 0.564263 0.564815 0.598765 0.607595
7 0.592476 0.539432 0.555205 0.402516 0.542587 0.594937 0.000000 0.567398 0.466049 0.506173 0.544304
8 0.611285 0.426332 0.551724 0.557994 0.426332 0.561128 0.576802 0.000000 0.506173 0.564815 0.573668
9 0.598765 0.537037 0.577160 0.543210 0.543210 0.598765 0.496914 0.527778 0.000000 0.435185 0.552469
10 0.595679 0.561728 0.574074 0.527778 0.543210 0.608025 0.530864 0.561728 0.432099 0.000000 0.561728
11 0.620690 0.561514 0.586751 0.569182 0.533123 0.617089 0.563291 0.561128 0.527778 0.537037 0.000000
