11
1 0.000000 0.928220 0.924221 0.932679 0.929329 0.954188 0.925743 0.934136 0.929986 0.938254 0.940629
2 0.941590 0.000000 0.866995 0.899018 0.874032 0.858550 0.893737 0.870514 0.862773 0.867699 0.883181
3 0.942635 0.881070 0.000000 0.915849 0.910954 0.922096 0.910184 0.874646 0.815417 0.915722 0.873229
4 0.959327 0.901823 0.915849 0.000000 0.913745 0.939691 0.917251 0.915147 0.916550 0.929173 0.919355
5 0.939929 0.873329 0.898940 0.913043 0.000000 0.916608 0.877032 0.879859 0.881272 0.907421 0.886926
6 0.944166 0.863476 0.892351 0.917251 0.891166 0.000000 0.896747 0.894476 0.885431 0.843151 0.881974
7 0.943423 0.883181 0.897454 0.906031 0.886926 0.920085 0.000000 0.896747 0.898868 0.905941 0.885431
8 0.946884 0.885996 0.859773 0.915849 0.899647 0.915014 0.886139 0.000000 0.841584 0.900850 0.867564
9 0.932108 0.852217 0.768741 0.899719 0.879152 0.887553 0.891796 0.821075 0.000000 0.884724 0.842291
10 0.943932 0.859958 0.905099 0.915849 0.914488 0.853087 0.909477 0.893768 0.893918 0.000000 0.887864
11 0.945637 0.853624 0.834986 0.895512 0.872792 0.879113 0.869873 0.835694 0.833805 0.864443 0.000000
