11
1 0.000000 0.804402 0.798080 0.806190 0.791625 0.781529 0.807183 0.808342 0.792287 0.800728 0.778567
2 0.805395 0.000000 0.665729 0.659606 0.578024 0.607314 0.605990 0.626510 0.661261 0.587788 0.381770
3 0.793942 0.655966 0.000000 0.377215 0.641187 0.671246 0.666113 0.651337 0.393990 0.660637 0.621367
4 0.806190 0.655800 0.384170 0.000000 0.645968 0.678696 0.661368 0.690512 0.193741 0.655407 0.616909
5 0.802383 0.586298 0.649312 0.652591 0.000000 0.493130 0.491958 0.640358 0.664732 0.489139 0.543758
6 0.799073 0.604998 0.665949 0.675716 0.515478 0.000000 0.502897 0.635325 0.671578 0.534680 0.599240
7 0.805694 0.608804 0.674083 0.677430 0.497098 0.498924 0.000000 0.638492 0.675025 0.537836 0.591149
8 0.807845 0.648850 0.679562 0.702765 0.635550 0.641119 0.633843 0.000000 0.681169 0.639894 0.620376
9 0.804038 0.656131 0.392994 0.188276 0.640690 0.660818 0.654766 0.669545 0.000000 0.652506 0.621202
10 0.798742 0.614430 0.666777 0.661699 0.504560 0.529383 0.533355 0.650017 0.665948 0.000000 0.569848
11 0.793593 0.388210 0.646797 0.627477 0.551849 0.579425 0.570674 0.621697 0.634908 0.567701 0.000000
