11
1 0.000000 0.893304 0.891096 0.891872 0.898087 0.894040 0.896247 0.894446 0.897832 0.892568 0.897351
2 0.892568 0.000000 0.699043 0.716808 0.716703 0.674761 0.867182 0.759838 0.860345 0.738411 0.711553
3 0.888889 0.699411 0.000000 0.665318 0.707138 0.689846 0.860927 0.733726 0.848218 0.733628 0.694628
4 0.893711 0.719750 0.667525 0.000000 0.724163 0.709452 0.864288 0.744759 0.857773 0.730048 0.716072
5 0.898823 0.716703 0.705666 0.722692 0.000000 0.698676 0.871597 0.757264 0.865491 0.752759 0.689110
6 0.891464 0.673289 0.690213 0.709820 0.697572 0.000000 0.858300 0.753586 0.852260 0.743194 0.707030
7 0.897351 0.866446 0.859088 0.860978 0.868653 0.858300 0.000000 0.864656 0.726571 0.860191 0.860876
8 0.897757 0.758735 0.737036 0.744024 0.758367 0.753218 0.868334 0.000000 0.850790 0.734093 0.751379
9 0.899669 0.862551 0.850790 0.854465 0.864756 0.857773 0.728041 0.851525 0.000000 0.857038 0.859610
10 0.891464 0.736203 0.732156 0.730416 0.751656 0.743194 0.856880 0.732255 0.855568 0.000000 0.747976
11 0.896247 0.710449 0.693157 0.714601 0.693525 0.706662 0.863084 0.748805 0.856670 0.746873 0.000000
