11
1 0.000000 0.936679 0.935219 0.930110 0.927946 0.927920 0.934414 0.934307 0.935778 0.934791 0.934489
2 0.938321 0.000000 0.928571 0.919803 0.918643 0.926014 0.843141 0.934417 0.925561 0.923133 0.928754
3 0.935584 0.925466 0.000000 0.887833 0.913535 0.925439 0.922390 0.931847 0.919175 0.885428 0.808101
4 0.930657 0.918159 0.888016 0.000000 0.907880 0.921447 0.918747 0.923639 0.914249 0.727140 0.878151
5 0.930317 0.919372 0.917731 0.911164 0.000000 0.922474 0.915285 0.929223 0.860088 0.911840 0.912988
6 0.928285 0.924918 0.927266 0.921995 0.920832 0.000000 0.925305 0.860406 0.919540 0.919854 0.925256
7 0.934232 0.842412 0.924030 0.919475 0.912735 0.923848 0.000000 0.931317 0.921297 0.919672 0.923301
8 0.931204 0.930581 0.930568 0.922543 0.925392 0.857117 0.928767 0.000000 0.928663 0.923497 0.929107
9 0.933954 0.924284 0.920817 0.913337 0.858811 0.917898 0.919111 0.930487 0.000000 0.912386 0.919723
10 0.936976 0.924408 0.890164 0.740073 0.912386 0.923315 0.922404 0.929690 0.916576 0.000000 0.876321
11 0.930110 0.926197 0.808651 0.880892 0.906968 0.923063 0.920022 0.930568 0.918993 0.869945 0.000000
