11
1 0.000000 0.875079 0.850204 0.756558 0.849866 0.735922 0.878927 0.862198 0.852380 0.916038 0.850338
2 0.873233 0.000000 0.802694 0.828231 0.801486 0.818228 0.899466 0.822276 0.809425 0.902374 0.887478
3 0.849223 0.803872 0.000000 0.798492 0.551044 0.787812 0.883265 0.654508 0.155371 0.843333 0.867559
4 0.754595 0.828585 0.796922 0.000000 0.793532 0.437682 0.847647 0.816914 0.800016 0.900381 0.713247
5 0.846489 0.800542 0.548885 0.792785 0.000000 0.779588 0.881394 0.620253 0.556176 0.832691 0.864887
6 0.735569 0.819328 0.788440 0.438585 0.782494 0.000000 0.837509 0.807194 0.789837 0.894487 0.730778
7 0.877788 0.899191 0.883383 0.848236 0.883358 0.837430 0.000000 0.891294 0.884026 0.930581 0.891687
8 0.859566 0.822434 0.651563 0.815813 0.619546 0.804170 0.890351 0.000000 0.662591 0.841143 0.877742
9 0.849866 0.808324 0.153526 0.799859 0.556844 0.787638 0.882572 0.663220 0.000000 0.843120 0.868491
10 0.912975 0.900252 0.841095 0.899084 0.832573 0.892249 0.928302 0.839767 0.842962 0.000000 0.926852
11 0.847785 0.888107 0.865007 0.713129 0.864415 0.728383 0.890233 0.877703 0.868255 0.927206 0.000000
