11
1 0.000000 0.774443 0.771790 0.762621 0.754296 0.794994 0.767484 0.781544 0.776439 0.774824 0.772821
2 0.774522 0.000000 0.301492 0.626008 0.464008 0.718376 0.626932 0.502907 0.645353 0.684988 0.451589
3 0.771810 0.301531 0.000000 0.625485 0.468866 0.717739 0.624410 0.505626 0.642486 0.684967 0.442858
4 0.762641 0.625988 0.625485 0.000000 0.590334 0.710989 0.504202 0.640632 0.530238 0.676272 0.624861
5 0.754376 0.464008 0.468926 0.590275 0.000000 0.695180 0.586292 0.491109 0.607977 0.657221 0.467990
6 0.795014 0.718515 0.717679 0.710989 0.695160 0.000000 0.710551 0.726321 0.722040 0.562232 0.717341
7 0.767484 0.626852 0.624410 0.504202 0.586332 0.710431 0.000000 0.638721 0.416496 0.674765 0.623168
8 0.781524 0.502868 0.505486 0.640593 0.491009 0.726321 0.638621 0.000000 0.656485 0.695097 0.506910
9 0.776579 0.645413 0.642526 0.530218 0.607798 0.722040 0.416536 0.656544 0.000000 0.690376 0.640754
10 0.774963 0.684869 0.684967 0.676332 0.657221 0.562252 0.674805 0.695137 0.690456 0.000000 0.683886
11 0.772821 0.451529 0.442778 0.624821 0.467930 0.717460 0.623088 0.506930 0.640734 0.683826 0.000000
