11
1 0.000000 0.953015 0.952419 0.965135 0.949431 0.943671 0.958991 0.961738 0.958343 0.955597 0.959572
2 0.954760 0.000000 0.929719 0.949211 0.919325 0.904845 0.935739 0.944465 0.936817 0.932738 0.939641
3 0.954166 0.930385 0.000000 0.944316 0.912962 0.890812 0.897441 0.941314 0.898364 0.861693 0.881365
4 0.962721 0.946289 0.941137 0.000000 0.925846 0.920466 0.949573 0.953027 0.949001 0.943869 0.950196
5 0.948803 0.917659 0.910391 0.926160 0.000000 0.863471 0.920020 0.931110 0.919467 0.916098 0.927697
6 0.945377 0.905453 0.890302 0.924464 0.866822 0.000000 0.906256 0.921073 0.905805 0.900161 0.913606
7 0.957990 0.933464 0.894930 0.950417 0.920628 0.903042 0.000000 0.945963 0.599431 0.903742 0.915849
8 0.962896 0.944406 0.939038 0.954734 0.932365 0.920309 0.947081 0.000000 0.947081 0.943653 0.948313
9 0.959030 0.935935 0.896186 0.950514 0.921018 0.904492 0.600039 0.946983 0.000000 0.904821 0.917595
10 0.956147 0.932621 0.859634 0.945634 0.918059 0.899436 0.904997 0.942830 0.904330 0.000000 0.799463
11 0.960789 0.939720 0.880247 0.952668 0.928325 0.912410 0.917085 0.948960 0.918341 0.798815 0.000000
