11
1 0.000000 0.673740 0.669312 0.673740 0.663130 0.669312 0.673740 0.673740 0.669312 0.667546 0.661376
2 0.671088 0.000000 0.666667 0.673740 0.673740 0.671958 0.671088 0.660477 0.661376 0.659631 0.671958
3 0.669312 0.671958 0.000000 0.669312 0.671958 0.661376 0.648148 0.664021 0.510582 0.643799 0.669312
4 0.671088 0.671088 0.669312 0.000000 0.660477 0.664021 0.671088 0.663130 0.666667 0.670185 0.664021
5 0.663130 0.673740 0.671958 0.660477 0.000000 0.669312 0.673740 0.673740 0.671958 0.670185 0.666667
6 0.669312 0.671958 0.658730 0.664021 0.669312 0.000000 0.658730 0.666667 0.661376 0.659631 0.664021
7 0.668435 0.671088 0.640212 0.671088 0.673740 0.658730 0.000000 0.663130 0.637566 0.622691 0.671958
8 0.673740 0.657825 0.658730 0.665783 0.673740 0.666667 0.663130 0.000000 0.653439 0.651715 0.669312
9 0.666667 0.661376 0.513228 0.666667 0.669312 0.656085 0.642857 0.648148 0.000000 0.606860 0.664021
10 0.667546 0.659631 0.635884 0.670185 0.670185 0.662269 0.630607 0.651715 0.598945 0.000000 0.659631
11 0.661376 0.671958 0.669312 0.661376 0.666667 0.664021 0.669312 0.669312 0.664021 0.662269 0.000000
