11
1 0.000000 0.884498 0.868161 0.881079 0.864844 0.864793 0.848082 0.876140 0.856383 0.874383 0.901253
2 0.886778 0.000000 0.849544 0.875380 0.875475 0.798709 0.850361 0.760258 0.831687 0.864137 0.903152
3 0.869681 0.851064 0.000000 0.857143 0.832954 0.791113 0.818838 0.805471 0.671353 0.850474 0.902772
4 0.884878 0.877660 0.858283 0.000000 0.861807 0.853019 0.845423 0.857523 0.856003 0.866414 0.876187
5 0.868261 0.874336 0.832194 0.861807 0.000000 0.836750 0.763478 0.848519 0.827639 0.769260 0.900532
6 0.867072 0.798709 0.791493 0.851500 0.836371 0.000000 0.810482 0.748576 0.767565 0.838330 0.888720
7 0.851120 0.850361 0.819218 0.844664 0.762339 0.810482 0.000000 0.816179 0.791493 0.766983 0.873908
8 0.874620 0.762158 0.804711 0.852964 0.850038 0.747436 0.816939 0.000000 0.794073 0.848577 0.895556
9 0.856383 0.830547 0.671353 0.854103 0.825361 0.769464 0.789973 0.793693 0.000000 0.829222 0.886441
10 0.876281 0.866793 0.850474 0.869070 0.768121 0.842125 0.770778 0.851233 0.834915 0.000000 0.912713
11 0.903912 0.903912 0.902772 0.876187 0.900911 0.887201 0.872769 0.898215 0.888340 0.911195 0.000000
