11
1 0.000000 0.945728 0.949140 0.949280 0.948813 0.947844 0.953423 0.947122 0.951165 0.945996 0.946329
2 0.949791 0.000000 0.736846 0.754930 0.747081 0.700107 0.917074 0.783013 0.914629 0.774493 0.741678
3 0.950957 0.735998 0.000000 0.730656 0.751328 0.730538 0.913661 0.779058 0.912831 0.774467 0.736856
4 0.950307 0.752958 0.730656 0.000000 0.766526 0.743576 0.914460 0.790817 0.912860 0.782307 0.752004
5 0.948912 0.744458 0.749788 0.765697 0.000000 0.732952 0.918105 0.791567 0.916230 0.785013 0.729553
6 0.947982 0.698095 0.728761 0.742766 0.732755 0.000000 0.912713 0.767970 0.912076 0.757358 0.733640
7 0.954174 0.914451 0.913029 0.913946 0.919053 0.914135 0.000000 0.913206 0.730020 0.911942 0.914458
8 0.949628 0.782677 0.779236 0.791094 0.793402 0.769943 0.914784 0.000000 0.914212 0.762780 0.783044
9 0.950968 0.911237 0.910699 0.911161 0.916250 0.911721 0.728993 0.912633 0.000000 0.912333 0.910963
10 0.947044 0.772166 0.773697 0.782386 0.785111 0.757971 0.911883 0.761419 0.912649 0.000000 0.771415
11 0.948146 0.740968 0.737468 0.752162 0.730816 0.734884 0.914419 0.782314 0.912484 0.772541 0.000000
