11
1 0.000000 0.061586 0.064706 0.047824 0.042457 0.052865 0.065180 0.049374 0.045443 0.048852 0.043028
2 0.062935 0.000000 0.076058 0.062828 0.056691 0.067014 0.077941 0.043628 0.060061 0.060132 0.056833
3 0.066515 0.076094 0.000000 0.064990 0.059066 0.068537 0.038064 0.064803 0.058392 0.064742 0.056440
4 0.047397 0.060735 0.063039 0.000000 0.037593 0.046652 0.063475 0.048062 0.043670 0.047540 0.041323
5 0.043379 0.056230 0.058604 0.038907 0.000000 0.044125 0.059922 0.043202 0.039297 0.042715 0.036315
6 0.053753 0.066376 0.067899 0.048108 0.043947 0.000000 0.069126 0.053985 0.050415 0.052755 0.047146
7 0.065783 0.076877 0.036823 0.064434 0.059318 0.068451 0.000000 0.065193 0.057436 0.065101 0.056589
8 0.051077 0.043876 0.064839 0.050154 0.043805 0.054907 0.066364 0.000000 0.047068 0.047210 0.044266
9 0.045372 0.058323 0.056440 0.043883 0.037842 0.049066 0.056797 0.045366 0.000000 0.045056 0.034862
10 0.050059 0.060096 0.064174 0.049065 0.042857 0.053322 0.065988 0.047068 0.046830 0.000000 0.043424
11 0.043560 0.056088 0.055234 0.042460 0.035818 0.046826 0.056447 0.043238 0.035750 0.042750 0.000000
