11
1 0.000000 0.892080 0.900819 0.911323 0.888402 0.914438 0.897646 0.904197 0.908044 0.908227 0.909491
2 0.899945 0.000000 0.749773 0.788184 0.325662 0.752881 0.773034 0.753102 0.798903 0.794333 0.792208
3 0.910464 0.762329 0.000000 0.842402 0.753412 0.814013 0.848044 0.464240 0.856779 0.836033 0.841492
4 0.909674 0.774282 0.828935 0.000000 0.772785 0.840917 0.852764 0.824453 0.866728 0.858684 0.859971
5 0.895525 0.306849 0.754868 0.790868 0.000000 0.734794 0.764641 0.754380 0.800000 0.787032 0.786484
6 0.914071 0.748491 0.814013 0.842569 0.727854 0.000000 0.839628 0.796898 0.855393 0.840219 0.844575
7 0.903485 0.775588 0.840946 0.862799 0.767561 0.844736 0.000000 0.839993 0.699690 0.853311 0.861522
8 0.907482 0.754015 0.459509 0.835219 0.752737 0.801095 0.839263 0.000000 0.854380 0.834489 0.843431
9 0.909872 0.802925 0.849682 0.874040 0.798904 0.856124 0.693122 0.850730 0.000000 0.855576 0.862157
10 0.912980 0.785192 0.829299 0.859963 0.775708 0.841499 0.850757 0.829562 0.858501 0.000000 0.519561
11 0.908025 0.784891 0.829845 0.861070 0.777169 0.836694 0.852582 0.833394 0.860512 0.507130 0.000000
