11
1 0.000000 0.475017 0.464640 0.425041 0.472995 0.482028 0.483571 0.434119 0.465601 0.463479 0.447640
2 0.472019 0.000000 0.359881 0.335158 0.363817 0.434322 0.431962 0.328410 0.183544 0.368194 0.366689
3 0.473397 0.367317 0.000000 0.324851 0.356742 0.436219 0.430106 0.333774 0.355420 0.362360 0.349967
4 0.438972 0.347098 0.330635 0.000000 0.336978 0.399039 0.401824 0.303814 0.337148 0.238972 0.225539
5 0.471670 0.364645 0.357237 0.330517 0.000000 0.427530 0.438370 0.319582 0.349404 0.372763 0.360669
6 0.486831 0.435813 0.427462 0.382143 0.419579 0.000000 0.170283 0.388438 0.425377 0.415272 0.422230
7 0.487554 0.437106 0.421183 0.389386 0.428926 0.169289 0.000000 0.396117 0.423664 0.420179 0.419847
8 0.438765 0.324427 0.331956 0.303151 0.317594 0.406162 0.402423 0.000000 0.323432 0.332725 0.333555
9 0.462435 0.184710 0.347984 0.329851 0.346090 0.424714 0.420345 0.321440 0.000000 0.365538 0.355219
10 0.467297 0.369854 0.355915 0.233831 0.375083 0.417757 0.426153 0.332891 0.370850 0.000000 0.264940
11 0.453790 0.373836 0.353602 0.223549 0.357190 0.423058 0.415035 0.329572 0.361370 0.268758 0.000000
