11
1 0.000000 0.880689 0.846062 0.855768 0.848723 0.847105 0.826616 0.859891 0.836633 0.853562 0.897785
2 0.883123 0.000000 0.833127 0.865775 0.859709 0.776756 0.841132 0.757137 0.821034 0.868751 0.903794
3 0.847995 0.832007 0.000000 0.825847 0.813010 0.776262 0.784534 0.796886 0.638775 0.824755 0.882437
4 0.857739 0.865737 0.825267 0.000000 0.819464 0.833037 0.795498 0.843126 0.813090 0.830022 0.862069
5 0.850462 0.859864 0.812082 0.819194 0.000000 0.814060 0.696742 0.827867 0.798439 0.731960 0.877015
6 0.850004 0.776292 0.776648 0.833114 0.814215 0.000000 0.786426 0.724534 0.758909 0.830486 0.881348
7 0.830090 0.842483 0.786117 0.796348 0.697359 0.788356 0.000000 0.805112 0.770751 0.725234 0.861941
8 0.862479 0.758643 0.797311 0.844246 0.829065 0.725345 0.804417 0.000000 0.782980 0.841117 0.893615
9 0.837445 0.820763 0.638118 0.811427 0.797781 0.758909 0.768589 0.782130 0.000000 0.810881 0.873661
10 0.855612 0.867128 0.823982 0.828746 0.730646 0.830177 0.723728 0.839186 0.810340 0.000000 0.879847
11 0.899370 0.902906 0.882476 0.861219 0.876937 0.880768 0.860049 0.892417 0.873971 0.879963 0.000000
