11
1 0.000000 0.768769 0.785560 0.806681 0.793547 0.783536 0.753434 0.778212 0.773810 0.778957 0.765255
2 0.773774 0.000000 0.570434 0.665399 0.603865 0.520553 0.580879 0.552705 0.546630 0.519338 0.519514
3 0.785098 0.573525 0.000000 0.687789 0.636868 0.614332 0.610785 0.511405 0.417342 0.614341 0.498100
4 0.808704 0.666288 0.688038 0.000000 0.691181 0.706004 0.666738 0.685568 0.670577 0.698654 0.655172
5 0.780483 0.599815 0.637294 0.690861 0.000000 0.637614 0.629083 0.615647 0.606228 0.648187 0.602010
6 0.794363 0.518919 0.614616 0.700921 0.638005 0.000000 0.621157 0.612876 0.588739 0.451255 0.568735
7 0.749530 0.581057 0.610110 0.663041 0.627910 0.619415 0.000000 0.593157 0.596104 0.626700 0.572925
8 0.764084 0.551320 0.511973 0.673346 0.615967 0.607369 0.588929 0.000000 0.478150 0.595873 0.487766
9 0.758156 0.537926 0.412365 0.670826 0.605623 0.585398 0.587750 0.474703 0.000000 0.581632 0.471927
10 0.786873 0.529034 0.623291 0.698583 0.636787 0.458181 0.623184 0.606705 0.589551 0.000000 0.572002
11 0.758156 0.513406 0.499308 0.647644 0.594197 0.575091 0.575162 0.495614 0.475514 0.569942 0.000000
