11
1 0.000000 0.914546 0.889480 0.890999 0.905811 0.907330 0.913787 0.886821 0.893657 0.895596 0.897455
2 0.912647 0.000000 0.886062 0.894797 0.908090 0.870110 0.869730 0.892138 0.885682 0.900532 0.890619
3 0.888720 0.886441 0.000000 0.775456 0.855298 0.879939 0.870441 0.761398 0.640714 0.849279 0.846563
4 0.887201 0.892518 0.772036 0.000000 0.867072 0.877993 0.880319 0.666413 0.774782 0.859529 0.853399
5 0.908469 0.907330 0.854918 0.869351 0.000000 0.900114 0.895177 0.860615 0.863654 0.890281 0.884163
6 0.908090 0.872769 0.882599 0.879133 0.900494 0.000000 0.823328 0.881459 0.883023 0.894457 0.889480
7 0.913027 0.868211 0.871581 0.881459 0.895556 0.824088 0.000000 0.875380 0.881504 0.889522 0.892138
8 0.885682 0.893657 0.759498 0.666793 0.860995 0.880699 0.876520 0.000000 0.766806 0.852696 0.841626
9 0.892898 0.888720 0.640714 0.777060 0.862894 0.884542 0.881884 0.768705 0.000000 0.859150 0.854918
10 0.894837 0.902809 0.848519 0.861048 0.889522 0.892559 0.889522 0.851557 0.857631 0.000000 0.792331
11 0.900114 0.891379 0.847322 0.855298 0.884542 0.890239 0.891758 0.841626 0.854159 0.793850 0.000000
