11
1 0.000000 0.788925 0.794036 0.787129 0.793065 0.793065 0.790198 0.794036 0.790954 0.795141 0.786067
2 0.788377 0.000000 0.642544 0.786732 0.767544 0.787829 0.785636 0.796053 0.790022 0.785088 0.781250
3 0.783545 0.656250 0.000000 0.784929 0.775454 0.786461 0.779736 0.789678 0.788748 0.784649 0.775096
4 0.783278 0.782346 0.787129 0.000000 0.784378 0.784929 0.783278 0.789879 0.491749 0.789329 0.779484
5 0.784260 0.773026 0.774904 0.783828 0.000000 0.787562 0.790314 0.791965 0.787562 0.787562 0.776742
6 0.790314 0.777412 0.794717 0.788229 0.788663 0.000000 0.787562 0.794717 0.793616 0.785911 0.788810
7 0.789097 0.781250 0.784692 0.787679 0.786461 0.788663 0.000000 0.694934 0.789097 0.791300 0.784421
8 0.780784 0.779057 0.782464 0.777228 0.778756 0.780958 0.680617 0.000000 0.784887 0.782441 0.781130
9 0.783232 0.780702 0.789851 0.501650 0.782609 0.782058 0.783040 0.792057 0.000000 0.787093 0.782227
10 0.780784 0.779057 0.785202 0.777778 0.780958 0.780958 0.780837 0.789067 0.781026 0.000000 0.780581
11 0.791552 0.779057 0.783873 0.785518 0.778936 0.788261 0.794844 0.797038 0.792101 0.789907 0.000000
