11
1 0.000000 0.058251 0.060865 0.043248 0.038704 0.051511 0.061065 0.046686 0.041254 0.047018 0.039647
2 0.060654 0.000000 0.074463 0.058860 0.054323 0.065442 0.076257 0.042720 0.057013 0.061586 0.055166
3 0.062910 0.073889 0.000000 0.060506 0.055554 0.067030 0.036677 0.064149 0.055266 0.065512 0.054208
4 0.044774 0.057838 0.059968 0.000000 0.035170 0.046218 0.061255 0.046318 0.040394 0.047826 0.038535
5 0.040768 0.053911 0.055518 0.035708 0.000000 0.044011 0.057581 0.042580 0.035816 0.043944 0.033878
6 0.053753 0.065299 0.067210 0.046936 0.044334 0.000000 0.069345 0.055063 0.049447 0.056086 0.047241
7 0.061461 0.074033 0.034900 0.060124 0.055823 0.067335 0.000000 0.063583 0.054383 0.064031 0.054024
8 0.048087 0.041679 0.063413 0.046156 0.041934 0.054112 0.064696 0.000000 0.044029 0.048751 0.042429
9 0.042422 0.055812 0.054441 0.040070 0.034865 0.048209 0.055245 0.043849 0.000000 0.045529 0.033007
10 0.046838 0.058932 0.063287 0.046102 0.041683 0.053807 0.063492 0.047099 0.044164 0.000000 0.042447
11 0.041424 0.054502 0.053831 0.038750 0.033555 0.046810 0.055550 0.042896 0.033743 0.044440 0.000000
