11
1 0.000000 0.814447 0.805258 0.807745 0.805842 0.816005 0.814642 0.816783 0.812342 0.802724 0.813084
2 0.814836 0.000000 0.777259 0.793929 0.769860 0.798287 0.784852 0.790304 0.570956 0.773152 0.794198
3 0.805453 0.776674 0.000000 0.784394 0.760662 0.784073 0.767718 0.769081 0.769126 0.593580 0.784073
4 0.808718 0.794513 0.784783 0.000000 0.795485 0.793150 0.804047 0.793150 0.795096 0.782685 0.794707
5 0.805453 0.769860 0.760662 0.793345 0.000000 0.791472 0.766355 0.776869 0.769126 0.759922 0.785826
6 0.815810 0.798481 0.784852 0.792761 0.791667 0.000000 0.804517 0.799065 0.797353 0.781323 0.765771
7 0.815031 0.784657 0.767913 0.803853 0.766355 0.804128 0.000000 0.789720 0.774577 0.767704 0.800623
8 0.816589 0.789720 0.769665 0.792372 0.776285 0.799260 0.789720 0.000000 0.786841 0.766732 0.798676
9 0.812536 0.571345 0.768931 0.793929 0.769710 0.797547 0.774771 0.787619 0.000000 0.763619 0.796574
10 0.803307 0.772763 0.594358 0.782296 0.760700 0.781907 0.768093 0.767704 0.763619 0.000000 0.786187
11 0.813279 0.792835 0.783294 0.793540 0.784268 0.765382 0.800428 0.797118 0.795406 0.785019 0.000000
