11
1 0.000000 0.826852 0.838452 0.842957 0.838451 0.840617 0.836672 0.836947 0.832980 0.837240 0.837233
2 0.826577 0.000000 0.740102 0.737458 0.741695 0.753995 0.736437 0.729583 0.734198 0.732045 0.736495
3 0.838531 0.739042 0.000000 0.771877 0.390442 0.771940 0.755852 0.765947 0.757659 0.766757 0.448610
4 0.842878 0.737065 0.772113 0.000000 0.773659 0.783092 0.764147 0.532663 0.761678 0.459025 0.765154
5 0.838687 0.742048 0.390481 0.773973 0.000000 0.775670 0.756774 0.768083 0.760190 0.768563 0.453596
6 0.841677 0.755252 0.773432 0.784584 0.776574 0.000000 0.691719 0.776377 0.649115 0.776338 0.768216
7 0.835769 0.736240 0.755577 0.764657 0.756420 0.691719 0.000000 0.757945 0.669862 0.759728 0.751453
8 0.838361 0.730683 0.766928 0.532741 0.768554 0.775474 0.758063 0.000000 0.756570 0.526407 0.760050
9 0.830976 0.734119 0.757698 0.760657 0.758462 0.648722 0.669076 0.755470 0.000000 0.757372 0.751335
10 0.838654 0.733223 0.768877 0.459654 0.770016 0.775985 0.761338 0.526996 0.759846 0.000000 0.761267
11 0.838764 0.736848 0.448846 0.766371 0.454146 0.767470 0.752041 0.760168 0.753258 0.760796 0.000000
