11
1 0.000000 0.763939 0.794352 0.790731 0.792904 0.791455 0.784214 0.795800 0.782042 0.795076 0.791455
2 0.764663 0.000000 0.685507 0.702174 0.694928 0.730630 0.702390 0.718841 0.700941 0.719768 0.689356
3 0.792180 0.685507 0.000000 0.723188 0.380435 0.755250 0.734251 0.732609 0.729906 0.717596 0.453295
4 0.788559 0.702174 0.725362 0.000000 0.727536 0.734251 0.729906 0.521015 0.700217 0.443157 0.733526
5 0.792180 0.694928 0.381884 0.727536 0.000000 0.769008 0.736423 0.734783 0.741492 0.718320 0.446054
6 0.788559 0.731354 0.752353 0.733526 0.763939 0.000000 0.669080 0.742216 0.650253 0.716148 0.752353
7 0.784938 0.701665 0.736423 0.727009 0.740768 0.671977 0.000000 0.737871 0.658219 0.732802 0.745112
8 0.795800 0.718841 0.733333 0.520290 0.738406 0.744388 0.736423 0.000000 0.730630 0.530051 0.737147
9 0.782766 0.702390 0.732078 0.700217 0.740043 0.645185 0.657495 0.732802 0.000000 0.717596 0.724837
10 0.789283 0.719768 0.721216 0.443157 0.721216 0.716148 0.731354 0.530051 0.714700 0.000000 0.733526
11 0.787835 0.687907 0.453295 0.734251 0.445329 0.754526 0.745112 0.735699 0.721941 0.734251 0.000000
