11
1 0.000000 0.653439 0.613757 0.608466 0.629630 0.645503 0.640212 0.616402 0.619048 0.625330 0.634921
2 0.642857 0.000000 0.615385 0.625995 0.636605 0.604775 0.602122 0.599469 0.618037 0.622691 0.619048
3 0.613757 0.623342 0.000000 0.527851 0.580902 0.610080 0.602122 0.488064 0.450928 0.593668 0.595238
4 0.603175 0.623342 0.525199 0.000000 0.591512 0.618037 0.610080 0.437666 0.551724 0.604222 0.605820
5 0.626984 0.631300 0.578249 0.591512 0.000000 0.623342 0.618037 0.591512 0.602122 0.598945 0.611111
6 0.634921 0.604775 0.610080 0.618037 0.631300 0.000000 0.506631 0.602122 0.602122 0.617414 0.626984
7 0.632275 0.599469 0.596817 0.612732 0.620690 0.503979 0.000000 0.596817 0.594164 0.612137 0.611111
8 0.605820 0.604775 0.488064 0.435013 0.591512 0.607427 0.599469 0.000000 0.527851 0.583113 0.587302
9 0.619048 0.631300 0.450928 0.554377 0.615385 0.599469 0.591512 0.527851 0.000000 0.585752 0.584656
10 0.625330 0.630607 0.591029 0.606860 0.609499 0.617414 0.612137 0.588391 0.585752 0.000000 0.525066
11 0.629630 0.626984 0.592593 0.608466 0.616402 0.629630 0.613757 0.589947 0.584656 0.527704 0.000000
