11
1 0.000000 0.874728 0.866763 0.887762 0.877625 0.874728 0.877625 0.871832 0.884866 0.884226 0.863143
2 0.873280 0.000000 0.845652 0.864493 0.858696 0.860145 0.871739 0.857350 0.847826 0.856729 0.848551
3 0.866039 0.846377 0.000000 0.852899 0.825362 0.821739 0.859420 0.818248 0.853623 0.849494 0.534058
4 0.886314 0.863043 0.849275 0.000000 0.695652 0.862319 0.874638 0.859522 0.875362 0.879161 0.851449
5 0.877625 0.858696 0.823913 0.701449 0.000000 0.846377 0.855072 0.839971 0.871739 0.879161 0.821739
6 0.876177 0.860870 0.818841 0.860870 0.844928 0.000000 0.835507 0.637944 0.871739 0.871925 0.816667
7 0.876177 0.873913 0.857971 0.871014 0.853623 0.834058 0.000000 0.818972 0.872464 0.876990 0.860145
8 0.871832 0.857350 0.818248 0.860246 0.842143 0.638668 0.822592 0.000000 0.868936 0.869754 0.818972
9 0.884142 0.846377 0.851449 0.872464 0.871014 0.871739 0.876087 0.869660 0.000000 0.656295 0.846377
10 0.880608 0.855282 0.846599 0.876266 0.874819 0.868307 0.879161 0.863965 0.653401 0.000000 0.845152
11 0.860246 0.844203 0.534783 0.854348 0.823913 0.814493 0.857971 0.817524 0.846377 0.846599 0.000000
