11
1 0.000000 0.390909 0.390909 0.395455 0.380952 0.388636 0.402273 0.404545 0.397727 0.382353 0.396825
2 0.388636 0.000000 0.379545 0.400000 0.394558 0.386364 0.406818 0.393182 0.384091 0.384615 0.401361
3 0.390909 0.384091 0.000000 0.402273 0.392290 0.393182 0.409091 0.406818 0.388636 0.395928 0.410431
4 0.397727 0.404545 0.404545 0.000000 0.405896 0.390909 0.418182 0.409091 0.388636 0.398190 0.392290
5 0.383220 0.396825 0.392290 0.408163 0.000000 0.403628 0.367347 0.387755 0.408163 0.398190 0.408163
6 0.386364 0.390909 0.393182 0.388636 0.403628 0.000000 0.418182 0.404545 0.390909 0.380091 0.365079
7 0.402273 0.409091 0.409091 0.420455 0.365079 0.418182 0.000000 0.377273 0.413636 0.409502 0.399093
8 0.400000 0.393182 0.404545 0.409091 0.383220 0.402273 0.377273 0.000000 0.397727 0.400452 0.399093
9 0.395455 0.384091 0.386364 0.386364 0.403628 0.388636 0.411364 0.395455 0.000000 0.391403 0.401361
10 0.380091 0.386878 0.393665 0.395928 0.395928 0.377828 0.407240 0.398190 0.391403 0.000000 0.391403
11 0.394558 0.408163 0.412698 0.392290 0.408163 0.365079 0.403628 0.405896 0.405896 0.391403 0.000000
