11
1 0.000000 0.526073 0.516585 0.529512 0.552256 0.492729 0.528978 0.527437 0.512044 0.512877 0.550457
2 0.524769 0.000000 0.432594 0.503065 0.427755 0.459575 0.444985 0.335158 0.480096 0.483686 0.424562
3 0.517276 0.434746 0.000000 0.491688 0.465408 0.453068 0.183620 0.438082 0.468923 0.471904 0.460847
4 0.528998 0.503619 0.490562 0.000000 0.531685 0.359855 0.504497 0.502639 0.252422 0.245734 0.527056
5 0.551900 0.429475 0.464441 0.531823 0.000000 0.493638 0.476984 0.432361 0.510456 0.513114 0.241848
6 0.493085 0.460839 0.451903 0.360488 0.493559 0.000000 0.464692 0.463112 0.323421 0.325920 0.490891
7 0.528860 0.445953 0.182732 0.504833 0.476826 0.464712 0.000000 0.449234 0.481629 0.484002 0.471955
8 0.526923 0.336463 0.436779 0.502441 0.432084 0.462894 0.449135 0.000000 0.482003 0.483647 0.427823
9 0.511253 0.480610 0.466948 0.251908 0.509448 0.322690 0.480799 0.481133 0.000000 0.217866 0.505573
10 0.514240 0.485938 0.471865 0.247116 0.513786 0.327145 0.485009 0.484891 0.219802 0.000000 0.509559
11 0.550576 0.426203 0.459623 0.527531 0.241828 0.490990 0.472114 0.427902 0.506641 0.509006 0.000000
