11
1 0.000000 0.958066 0.956070 0.955162 0.956639 0.950925 0.958175 0.955030 0.956179 0.956791 0.955284
2 0.960462 0.000000 0.928792 0.929595 0.936229 0.934940 0.840960 0.942590 0.935572 0.931012 0.929297
3 0.957190 0.927054 0.000000 0.891283 0.930763 0.933781 0.933197 0.940427 0.931613 0.888726 0.835772
4 0.957054 0.929672 0.892828 0.000000 0.930058 0.931310 0.934384 0.937087 0.929286 0.742865 0.893540
5 0.956485 0.933369 0.929526 0.928127 0.000000 0.933743 0.935446 0.940040 0.858364 0.929157 0.929529
6 0.953512 0.935441 0.934052 0.930963 0.935210 0.000000 0.940538 0.861655 0.934129 0.931426 0.934129
7 0.960688 0.839762 0.933545 0.933727 0.936877 0.940229 0.000000 0.943788 0.938462 0.934297 0.933892
8 0.956228 0.942126 0.940697 0.936276 0.941238 0.860999 0.943942 0.000000 0.941470 0.938109 0.937753
9 0.957648 0.933872 0.929874 0.927818 0.859563 0.932507 0.937263 0.940736 0.000000 0.929814 0.929181
10 0.957718 0.929968 0.888146 0.742131 0.929582 0.929727 0.933292 0.937143 0.929930 0.000000 0.892420
11 0.956790 0.929335 0.836159 0.893192 0.930880 0.933125 0.933236 0.937522 0.929297 0.893656 0.000000
