11
1 0.000000 0.946478 0.951218 0.949882 0.951139 0.950746 0.948193 0.945965 0.951082 0.950511 0.950196
2 0.947891 0.000000 0.903636 0.837470 0.899827 0.901084 0.860206 0.551480 0.895253 0.900613 0.899238
3 0.949764 0.901908 0.000000 0.900008 0.849104 0.838547 0.903427 0.897781 0.844215 0.833929 0.833883
4 0.949450 0.837116 0.899969 0.000000 0.898829 0.900833 0.860993 0.828706 0.895764 0.895882 0.899364
5 0.950707 0.898335 0.849183 0.898593 0.000000 0.851933 0.900346 0.893579 0.751129 0.851265 0.847239
6 0.949647 0.898296 0.838312 0.899261 0.851344 0.000000 0.900802 0.893894 0.848926 0.817739 0.767421
7 0.947211 0.858910 0.902799 0.859815 0.899914 0.900684 0.000000 0.853132 0.896431 0.900971 0.899953
8 0.946908 0.550734 0.898527 0.829452 0.894758 0.896564 0.854820 0.000000 0.890817 0.894129 0.895347
9 0.952770 0.895253 0.846296 0.897530 0.752032 0.852263 0.898865 0.892034 0.000000 0.853363 0.840289
10 0.950157 0.898649 0.834676 0.895057 0.851540 0.818485 0.901167 0.892794 0.852067 0.000000 0.815657
11 0.950707 0.898688 0.834983 0.899599 0.847592 0.768206 0.901092 0.894640 0.839425 0.817228 0.000000
