11
1 0.000000 0.901702 0.896815 0.896163 0.894741 0.888182 0.902189 0.901320 0.893410 0.896479 0.905389
2 0.902926 0.000000 0.859208 0.861123 0.854607 0.847893 0.874807 0.868884 0.854892 0.861953 0.701434
3 0.896401 0.858220 0.000000 0.778722 0.736336 0.821523 0.862289 0.803739 0.688304 0.782118 0.865056
4 0.895630 0.860847 0.778939 0.000000 0.761442 0.822820 0.863805 0.754664 0.765656 0.660739 0.866275
5 0.893101 0.852415 0.735387 0.760888 0.000000 0.811562 0.857516 0.793200 0.710535 0.762122 0.859393
6 0.886937 0.845899 0.820575 0.821496 0.811482 0.000000 0.826529 0.835747 0.809425 0.822249 0.854907
7 0.901873 0.873623 0.861736 0.863627 0.858405 0.827991 0.000000 0.871902 0.857913 0.864058 0.879432
8 0.899937 0.867699 0.803264 0.753656 0.794307 0.836577 0.871823 0.000000 0.793493 0.759000 0.872656
9 0.893706 0.854557 0.689272 0.766722 0.713358 0.811380 0.858920 0.794302 0.000000 0.769999 0.861723
10 0.895749 0.860788 0.782632 0.660245 0.763248 0.823059 0.864276 0.759830 0.769249 0.000000 0.865501
11 0.903947 0.699617 0.864285 0.865228 0.860303 0.855204 0.878859 0.872280 0.860341 0.865125 0.000000
