11
1 0.000000 0.859420 0.833454 0.841304 0.813768 0.838523 0.823188 0.840580 0.814627 0.818379 0.867391
2 0.855797 0.000000 0.827661 0.846991 0.825362 0.784938 0.827411 0.765217 0.808834 0.855282 0.864493
3 0.834178 0.826937 0.000000 0.834178 0.789283 0.751629 0.781318 0.766111 0.670529 0.808972 0.863143
4 0.840580 0.847716 0.827661 0.000000 0.815217 0.827661 0.810732 0.831159 0.821868 0.818379 0.856522
5 0.814493 0.826087 0.789283 0.813043 0.000000 0.803041 0.720290 0.815217 0.786387 0.738061 0.854348
6 0.842143 0.785663 0.755974 0.832006 0.804489 0.000000 0.783490 0.723389 0.742940 0.819103 0.854453
7 0.821014 0.828136 0.778421 0.807107 0.715217 0.781318 0.000000 0.788406 0.778421 0.766281 0.840580
8 0.840580 0.769565 0.766111 0.829710 0.813043 0.723389 0.790580 0.000000 0.782766 0.818379 0.864493
9 0.812455 0.810282 0.671253 0.824765 0.786387 0.745836 0.779146 0.782766 0.000000 0.793777 0.863143
10 0.825615 0.853111 0.807525 0.816932 0.738061 0.816208 0.767728 0.815485 0.794501 0.000000 0.850217
11 0.869565 0.864493 0.866039 0.853623 0.851449 0.853005 0.844928 0.865217 0.860970 0.848770 0.000000
