11
1 0.000000 0.086705 0.087428 0.086674 0.149566 0.104408 0.133526 0.117775 0.105853 0.100180 0.099350
2 0.086705 0.000000 0.041200 0.041170 0.111714 0.053829 0.106821 0.063630 0.055676 0.047568 0.052042
3 0.088150 0.044091 0.000000 0.010112 0.108421 0.061777 0.101768 0.073003 0.063245 0.060901 0.059270
4 0.088118 0.044420 0.010834 0.000000 0.107981 0.061755 0.101047 0.073312 0.063561 0.060541 0.059588
5 0.145954 0.109544 0.098301 0.097869 0.000000 0.123555 0.121617 0.132513 0.123823 0.122523 0.121793
6 0.105853 0.054913 0.058526 0.057783 0.127168 0.000000 0.121978 0.063584 0.049855 0.070991 0.054191
7 0.134969 0.108264 0.097077 0.095994 0.125947 0.121978 0.000000 0.132443 0.125947 0.123243 0.123060
8 0.114162 0.060738 0.064691 0.063922 0.131789 0.058887 0.127752 0.000000 0.053623 0.079279 0.045537
9 0.103324 0.053145 0.055295 0.055977 0.123461 0.046243 0.121617 0.053623 0.000000 0.069910 0.042284
10 0.098739 0.049369 0.060541 0.059459 0.120721 0.069910 0.115676 0.081802 0.073153 0.000000 0.068468
11 0.100434 0.052765 0.055656 0.055616 0.125407 0.054191 0.121617 0.049151 0.045537 0.068468 0.000000
