11
1 0.000000 0.408710 0.424704 0.421320 0.441624 0.417936 0.416244 0.412860 0.410084 0.448393 0.429780
2 0.418760 0.000000 0.381910 0.405360 0.390285 0.370184 0.405360 0.395310 0.333333 0.410385 0.393635
3 0.424704 0.380235 0.000000 0.367174 0.393220 0.297800 0.353638 0.320339 0.381513 0.388136 0.291032
4 0.436548 0.395310 0.365482 0.000000 0.402707 0.362098 0.387479 0.355330 0.374790 0.414552 0.384095
5 0.429780 0.391960 0.384746 0.389171 0.000000 0.373942 0.360406 0.385399 0.361345 0.389456 0.389171
6 0.421320 0.350084 0.299492 0.355330 0.384095 0.000000 0.370558 0.311337 0.349580 0.385787 0.319797
7 0.416244 0.388610 0.357022 0.384095 0.385787 0.362098 0.000000 0.357022 0.352941 0.213198 0.384095
8 0.407783 0.373534 0.315254 0.353638 0.373514 0.304569 0.360406 0.000000 0.361345 0.371817 0.329949
9 0.405042 0.336683 0.381513 0.383193 0.368067 0.363025 0.368067 0.371429 0.000000 0.400000 0.391597
10 0.434856 0.390285 0.388136 0.411168 0.386054 0.377327 0.208122 0.371817 0.391597 0.000000 0.402707
11 0.438240 0.400335 0.311337 0.390863 0.392555 0.318105 0.387479 0.346870 0.386555 0.412860 0.000000
