11
1 0.000000 0.761695 0.777105 0.781508 0.773253 0.772152 0.785360 0.774904 0.774353 0.782058 0.776555
2 0.758943 0.000000 0.737424 0.756772 0.727775 0.643646 0.759116 0.718076 0.665378 0.757442 0.716418
3 0.777105 0.727474 0.000000 0.732449 0.719492 0.741436 0.717680 0.678828 0.765323 0.769570 0.597015
4 0.775454 0.757325 0.734660 0.000000 0.541138 0.751934 0.458011 0.619679 0.768636 0.774531 0.666482
5 0.776555 0.749862 0.725566 0.522916 0.000000 0.729983 0.487024 0.596356 0.768084 0.776185 0.581999
6 0.776004 0.624862 0.730387 0.748619 0.726118 0.000000 0.737569 0.712155 0.738818 0.738148 0.697238
7 0.778756 0.749171 0.712707 0.470718 0.512976 0.745856 0.000000 0.624862 0.768084 0.773429 0.602762
8 0.773253 0.740188 0.679381 0.613599 0.568194 0.724309 0.608840 0.000000 0.760353 0.760750 0.487009
9 0.768850 0.686361 0.769188 0.772501 0.753175 0.746549 0.769740 0.756488 0.000000 0.777839 0.759801
10 0.776004 0.773429 0.773429 0.776185 0.777288 0.739250 0.783352 0.771224 0.781147 0.000000 0.776185
11 0.771602 0.694859 0.604201 0.618916 0.606847 0.689503 0.592818 0.480929 0.754832 0.769570 0.000000
