11
1 0.000000 0.477864 0.476728 0.463380 0.521862 0.435269 0.483075 0.485935 0.464085 0.446704 0.521008
2 0.438510 0.000000 0.370344 0.401265 0.340829 0.370889 0.366831 0.286015 0.395643 0.374474 0.338235
3 0.477433 0.408292 0.000000 0.447887 0.436133 0.419874 0.146789 0.426160 0.440845 0.417251 0.413866
4 0.466901 0.440618 0.447887 0.000000 0.478873 0.293212 0.455634 0.460619 0.219014 0.199860 0.469188
5 0.523272 0.378074 0.436133 0.448592 0.000000 0.442967 0.442090 0.381857 0.450704 0.417952 0.168768
6 0.437369 0.421274 0.426172 0.295311 0.452064 0.000000 0.419174 0.420574 0.274318 0.242127 0.438069
7 0.480254 0.404779 0.144672 0.452817 0.440678 0.410777 0.000000 0.420534 0.447183 0.412342 0.413165
8 0.485935 0.319044 0.421941 0.452883 0.379044 0.412876 0.422644 0.000000 0.436006 0.422160 0.368347
9 0.463380 0.434294 0.440141 0.216197 0.450704 0.268719 0.450000 0.441631 0.000000 0.178121 0.449580
10 0.446704 0.418654 0.420056 0.201964 0.449509 0.240728 0.420757 0.424965 0.180926 0.000000 0.434174
11 0.530812 0.378151 0.422269 0.448179 0.177171 0.439468 0.425070 0.380252 0.455882 0.410364 0.000000
