11
1 0.000000 0.780649 0.772402 0.782848 0.784497 0.777350 0.782298 0.781198 0.783947 0.774052 0.777350
2 0.768554 0.000000 0.704520 0.775318 0.772727 0.726223 0.760509 0.747783 0.718958 0.750825 0.742257
3 0.780649 0.710584 0.000000 0.780044 0.774531 0.739967 0.741455 0.765711 0.725469 0.749725 0.716648
4 0.778450 0.780299 0.772326 0.000000 0.505257 0.772402 0.779314 0.778085 0.784726 0.775028 0.773783
5 0.775151 0.776608 0.766262 0.517432 0.000000 0.763057 0.777102 0.776360 0.779134 0.770627 0.767699
6 0.778450 0.733920 0.746564 0.781748 0.772952 0.000000 0.709181 0.742166 0.751512 0.729522 0.700935
7 0.777900 0.758850 0.739802 0.771571 0.776549 0.711930 0.000000 0.733407 0.755531 0.751375 0.710177
8 0.778999 0.754435 0.764057 0.779745 0.783574 0.716328 0.741150 0.000000 0.771365 0.542904 0.676438
9 0.779549 0.732262 0.719405 0.779192 0.783019 0.728972 0.754978 0.771920 0.000000 0.764576 0.743363
10 0.781198 0.768427 0.766227 0.789879 0.789329 0.733370 0.755226 0.556106 0.773377 0.000000 0.716172
11 0.762507 0.752765 0.722161 0.764934 0.769912 0.700385 0.698009 0.657633 0.762721 0.688669 0.000000
