11
1 0.000000 0.816239 0.808981 0.759404 0.772630 0.813970 0.814683 0.821098 0.757812 0.809220 0.764077
2 0.784188 0.000000 0.255698 0.368346 0.437322 0.324786 0.299858 0.306980 0.391335 0.208511 0.375356
3 0.771917 0.274929 0.000000 0.331441 0.393853 0.270193 0.289286 0.285919 0.337358 0.175887 0.337616
4 0.757984 0.395316 0.339957 0.000000 0.235628 0.315827 0.399574 0.412349 0.145493 0.328369 0.026969
5 0.737705 0.462963 0.399571 0.227821 0.000000 0.392985 0.466429 0.451682 0.125710 0.400709 0.220557
6 0.804704 0.346866 0.300929 0.309439 0.421618 0.000000 0.330000 0.355762 0.354403 0.290071 0.313348
7 0.781183 0.292023 0.264286 0.358410 0.437143 0.301429 0.000000 0.248571 0.386364 0.233333 0.366881
8 0.780470 0.302707 0.265904 0.363378 0.436650 0.320687 0.242857 0.000000 0.398438 0.241135 0.369022
9 0.757812 0.428267 0.375710 0.144074 0.133523 0.358665 0.430398 0.450284 0.000000 0.355319 0.151278
10 0.773759 0.208511 0.172340 0.297163 0.380142 0.266667 0.239007 0.251773 0.324823 0.000000 0.305674
11 0.756949 0.395299 0.339757 0.021292 0.234118 0.313348 0.399001 0.411849 0.147727 0.331915 0.000000
