11
1 0.000000 0.612648 0.631617 0.619099 0.628592 0.642883 0.597421 0.638919 0.615135 0.625225 0.633514
2 0.617679 0.000000 0.380525 0.455623 0.458333 0.492275 0.184456 0.362558 0.452030 0.521739 0.370464
3 0.626575 0.374057 0.000000 0.460209 0.464440 0.481815 0.349212 0.310767 0.460209 0.522506 0.354699
4 0.647928 0.484010 0.490817 0.000000 0.471624 0.364948 0.468123 0.465561 0.462315 0.551028 0.502705
5 0.627874 0.457256 0.470905 0.452227 0.000000 0.471624 0.436605 0.461207 0.459052 0.519756 0.484914
6 0.645766 0.503773 0.483255 0.341147 0.466954 0.000000 0.468840 0.482124 0.464931 0.569780 0.490968
7 0.601003 0.182307 0.355659 0.449499 0.438754 0.455946 0.000000 0.333811 0.433381 0.517550 0.347063
8 0.632072 0.360402 0.310407 0.457988 0.457256 0.481040 0.331662 0.000000 0.444204 0.512802 0.321777
9 0.641081 0.459576 0.471372 0.430220 0.449353 0.475054 0.442335 0.462261 0.000000 0.527948 0.477601
10 0.643964 0.545095 0.550954 0.547422 0.539871 0.569419 0.535458 0.538045 0.547782 0.000000 0.572304
11 0.622342 0.361840 0.349298 0.467364 0.473779 0.488078 0.337751 0.319610 0.462789 0.544537 0.000000
