11
1 0.000000 0.986638 0.992155 0.994344 0.994344 0.989785 0.994365 0.993249 0.991796 0.995319 0.991496
2 0.986758 0.000000 0.980028 0.987415 0.984667 0.965611 0.986221 0.977896 0.956988 0.987335 0.980067
3 0.992194 0.979909 0.000000 0.981263 0.977340 0.979391 0.980964 0.967384 0.987595 0.991259 0.967982
4 0.994344 0.987315 0.981203 0.000000 0.930795 0.984587 0.891002 0.963001 0.991756 0.993308 0.963854
5 0.994284 0.984488 0.977201 0.930855 0.000000 0.983154 0.920352 0.956967 0.989606 0.993149 0.955529
6 0.989805 0.965611 0.979371 0.984528 0.983114 0.000000 0.985186 0.977797 0.982895 0.974532 0.979968
7 0.994425 0.986002 0.980845 0.891081 0.920372 0.985106 0.000000 0.958922 0.990462 0.993668 0.966349
8 0.993349 0.977976 0.967285 0.963140 0.957146 0.977857 0.959041 0.000000 0.987375 0.991218 0.935122
9 0.991975 0.956988 0.987635 0.991935 0.989645 0.982935 0.990701 0.987515 0.000000 0.992792 0.988749
10 0.995220 0.987156 0.991199 0.993388 0.993129 0.974472 0.993588 0.991158 0.992692 0.000000 0.991038
11 0.991456 0.980007 0.968001 0.963914 0.955589 0.980008 0.966329 0.935082 0.988650 0.991018 0.000000
