11
1 0.000000 0.799510 0.778393 0.785757 0.787463 0.731019 0.780463 0.787783 0.766959 0.755380 0.839913
2 0.779787 0.000000 0.534633 0.614846 0.405210 0.476485 0.509400 0.269394 0.288786 0.508984 0.678220
3 0.786878 0.538396 0.000000 0.614584 0.524550 0.478721 0.459829 0.503923 0.503248 0.506621 0.677743
4 0.805089 0.628711 0.623247 0.000000 0.619384 0.546197 0.603120 0.605852 0.597939 0.575172 0.553375
5 0.789311 0.408196 0.521852 0.615368 0.000000 0.472261 0.503785 0.376742 0.369989 0.504190 0.674296
6 0.744791 0.479111 0.473680 0.559010 0.477585 0.000000 0.456323 0.455897 0.447663 0.341249 0.624712
7 0.782915 0.522693 0.461462 0.602658 0.505775 0.454123 0.000000 0.488254 0.476277 0.484447 0.664925
8 0.778828 0.269180 0.500621 0.600910 0.375142 0.453697 0.483385 0.000000 0.242154 0.488282 0.664214
9 0.771828 0.290812 0.500195 0.600782 0.368496 0.448621 0.475992 0.242438 0.000000 0.479760 0.664759
10 0.759854 0.511434 0.501651 0.582700 0.512819 0.342527 0.487465 0.491229 0.485193 0.000000 0.637952
11 0.822075 0.688991 0.673909 0.557143 0.677886 0.622866 0.664214 0.660232 0.667176 0.639301 0.000000
