11
1 0.000000 0.249448 0.234705 0.248203 0.259116 0.256396 0.268401 0.233593 0.266888 0.254978 0.274683
2 0.251656 0.000000 0.193709 0.210265 0.106512 0.221854 0.123620 0.195364 0.168874 0.214128 0.224490
3 0.230256 0.187638 0.000000 0.127142 0.198895 0.147386 0.206419 0.056174 0.201550 0.143805 0.199117
4 0.242676 0.205850 0.133223 0.000000 0.207735 0.164179 0.223881 0.129353 0.216694 0.154782 0.212355
5 0.261326 0.106512 0.205525 0.218785 0.000000 0.233149 0.135359 0.208287 0.194475 0.222652 0.247656
6 0.243048 0.211369 0.143493 0.157546 0.219890 0.000000 0.233536 0.139755 0.224806 0.126106 0.221732
7 0.265634 0.116998 0.206973 0.221669 0.132597 0.239624 0.000000 0.207526 0.181516 0.227323 0.237176
8 0.227475 0.187086 0.053949 0.123273 0.194475 0.138641 0.203099 0.000000 0.195460 0.137168 0.197463
9 0.265227 0.168874 0.204319 0.219458 0.182320 0.234773 0.179303 0.203765 0.000000 0.225111 0.240485
10 0.253872 0.211921 0.149889 0.156993 0.217680 0.136615 0.230089 0.146571 0.232854 0.000000 0.222284
11 0.268616 0.225593 0.204082 0.217871 0.236624 0.232212 0.238279 0.205736 0.241037 0.225593 0.000000
