11
1 0.000000 0.864325 0.864325 0.860977 0.865702 0.865107 0.864418 0.865702 0.865014 0.861168 0.859601
2 0.863636 0.000000 0.847107 0.845836 0.845730 0.852030 0.780454 0.852617 0.845730 0.843299 0.842395
3 0.862259 0.847796 0.000000 0.816242 0.842287 0.843083 0.846524 0.847107 0.833333 0.804124 0.793531
4 0.860977 0.847901 0.818307 0.000000 0.848589 0.845836 0.848589 0.847213 0.840330 0.701031 0.826566
5 0.865014 0.848485 0.844353 0.847213 0.000000 0.851342 0.843083 0.850551 0.794766 0.841924 0.838266
6 0.861666 0.851342 0.847213 0.846524 0.852030 0.000000 0.845836 0.792842 0.851342 0.839863 0.852030
7 0.863730 0.777701 0.847213 0.847213 0.841707 0.846524 0.000000 0.854095 0.841707 0.842612 0.843772
8 0.863636 0.849174 0.845730 0.843772 0.853306 0.794219 0.854095 0.000000 0.849174 0.846048 0.850654
9 0.862259 0.845041 0.832645 0.837577 0.792011 0.852719 0.841707 0.851240 0.000000 0.838488 0.842395
10 0.861168 0.842612 0.810997 0.701031 0.842612 0.842612 0.843986 0.846048 0.843299 0.000000 0.815120
11 0.858913 0.843083 0.794219 0.823813 0.839642 0.850654 0.842395 0.852030 0.841019 0.813746 0.000000
