11
1 0.000000 0.924881 0.923942 0.917508 0.908831 0.919588 0.906405 0.918398 0.924471 0.910650 0.925276
2 0.925262 0.000000 0.861037 0.921318 0.912869 0.923590 0.920892 0.910963 0.926025 0.919794 0.859512
3 0.925467 0.862753 0.000000 0.918080 0.914792 0.923399 0.920702 0.916127 0.928136 0.919223 0.801944
4 0.919413 0.922461 0.918651 0.000000 0.884168 0.910650 0.907411 0.890646 0.912364 0.909126 0.916556
5 0.909403 0.912679 0.914220 0.882073 0.000000 0.915396 0.899352 0.825739 0.916460 0.895790 0.914602
6 0.922256 0.923971 0.923781 0.910459 0.915015 0.000000 0.916921 0.915968 0.821646 0.916175 0.921875
7 0.906405 0.920892 0.921845 0.905887 0.900114 0.913872 0.000000 0.907358 0.918033 0.871976 0.921464
8 0.917826 0.910391 0.914602 0.890646 0.826120 0.914634 0.907930 0.000000 0.917255 0.907792 0.911933
9 0.924471 0.925453 0.928517 0.913698 0.917223 0.821646 0.919367 0.918589 0.000000 0.921890 0.927373
10 0.910269 0.920175 0.918842 0.910078 0.896361 0.915031 0.872928 0.907792 0.920937 0.000000 0.921128
11 0.926039 0.859703 0.801944 0.916556 0.914220 0.921684 0.920892 0.912124 0.929089 0.921128 0.000000
