11
1 0.000000 0.967774 0.968435 0.964402 0.970057 0.968270 0.970406 0.968732 0.967827 0.967891 0.965305
2 0.968587 0.000000 0.941236 0.968355 0.971952 0.962165 0.950211 0.953383 0.931022 0.942280 0.968902
3 0.967119 0.939998 0.000000 0.963943 0.970294 0.948651 0.915802 0.937193 0.697123 0.884624 0.966156
4 0.963860 0.967233 0.963439 0.000000 0.943700 0.966490 0.966797 0.967107 0.963142 0.964366 0.933395
5 0.968779 0.969361 0.969830 0.944707 0.000000 0.969702 0.971369 0.970551 0.968640 0.970098 0.962404
6 0.969083 0.961971 0.949116 0.967844 0.970746 0.000000 0.957977 0.958790 0.942151 0.951051 0.967897
7 0.968198 0.947967 0.915337 0.966720 0.970671 0.956352 0.000000 0.948918 0.889465 0.840538 0.968283
8 0.968925 0.953074 0.937889 0.969158 0.971363 0.959680 0.951511 0.000000 0.927093 0.942920 0.968013
9 0.967478 0.929514 0.698324 0.963684 0.969685 0.942035 0.890820 0.926203 0.000000 0.845484 0.964957
10 0.968317 0.941042 0.885786 0.965915 0.972306 0.950431 0.841777 0.942495 0.844787 0.000000 0.966272
11 0.965421 0.969212 0.968051 0.936412 0.964416 0.968825 0.970024 0.968206 0.967162 0.967665 0.000000
