11
1 0.000000 0.579365 0.633952 0.623342 0.588859 0.610080 0.631300 0.608466 0.610080 0.635884 0.621693
2 0.579365 0.000000 0.574074 0.597884 0.515873 0.582011 0.605820 0.579365 0.439153 0.620053 0.579365
3 0.631300 0.574074 0.000000 0.618037 0.575597 0.466844 0.623342 0.616402 0.586207 0.622691 0.595238
4 0.625995 0.597884 0.620690 0.000000 0.575597 0.620690 0.644562 0.613757 0.620690 0.641161 0.634921
5 0.583554 0.513228 0.578249 0.570292 0.000000 0.594164 0.607427 0.571429 0.562334 0.633245 0.613757
6 0.615385 0.579365 0.466844 0.620690 0.596817 0.000000 0.623342 0.619048 0.599469 0.630607 0.592593
7 0.625995 0.600529 0.623342 0.633952 0.610080 0.620690 0.000000 0.629630 0.620690 0.604222 0.624339
8 0.608466 0.579365 0.624339 0.605820 0.571429 0.616402 0.626984 0.000000 0.592593 0.627968 0.619048
9 0.615385 0.439153 0.596817 0.620690 0.564987 0.599469 0.631300 0.597884 0.000000 0.627968 0.613757
10 0.635884 0.620053 0.633245 0.646438 0.638522 0.627968 0.609499 0.627968 0.627968 0.000000 0.617414
11 0.624339 0.582011 0.603175 0.632275 0.616402 0.589947 0.624339 0.621693 0.613757 0.617414 0.000000
