11
1 0.000000 0.898633 0.908125 0.880790 0.898633 0.899393 0.904328 0.891040 0.888762 0.899431 0.886484
2 0.895976 0.000000 0.852204 0.822568 0.843204 0.887201 0.888678 0.820805 0.592325 0.850854 0.840866
3 0.906606 0.849924 0.000000 0.813070 0.851936 0.875427 0.887538 0.823083 0.852584 0.839089 0.842005
4 0.876993 0.821809 0.814970 0.000000 0.824222 0.862514 0.863222 0.783219 0.820289 0.654269 0.668819
5 0.897115 0.845862 0.851177 0.824981 0.000000 0.892179 0.894457 0.817768 0.834472 0.847438 0.844723
6 0.898633 0.887201 0.876187 0.863654 0.890281 0.000000 0.580706 0.870159 0.890619 0.888425 0.884163
7 0.903569 0.889058 0.886778 0.865502 0.896735 0.580327 0.000000 0.873576 0.893237 0.887287 0.885682
8 0.888383 0.820046 0.821944 0.785497 0.818907 0.869780 0.871298 0.000000 0.812453 0.803795 0.801443
9 0.884207 0.592325 0.856003 0.821049 0.834093 0.895177 0.892097 0.814351 0.000000 0.837192 0.839727
10 0.893738 0.851233 0.840987 0.655028 0.849715 0.888425 0.887666 0.804934 0.835674 0.000000 0.725617
11 0.885725 0.840866 0.840486 0.669199 0.842445 0.884922 0.887201 0.803341 0.840486 0.726376 0.000000
