11
1 0.000000 0.835578 0.859986 0.850036 0.840199 0.852168 0.867093 0.839121 0.841507 0.829217 0.828003
2 0.839830 0.000000 0.783841 0.790928 0.785259 0.798016 0.803685 0.430900 0.765415 0.598447 0.759745
3 0.867093 0.808646 0.000000 0.838571 0.840909 0.839146 0.832857 0.815025 0.734708 0.814397 0.822902
4 0.868515 0.817151 0.851429 0.000000 0.377841 0.507473 0.827019 0.838412 0.830725 0.824277 0.769559
5 0.844460 0.810064 0.836648 0.380682 0.000000 0.503551 0.794744 0.834160 0.820312 0.820042 0.763494
6 0.876333 0.820695 0.851246 0.510320 0.502841 0.000000 0.831317 0.845500 0.830014 0.825688 0.775960
7 0.856432 0.788802 0.824286 0.799142 0.787642 0.792171 0.000000 0.814316 0.819346 0.801694 0.735420
8 0.863218 0.475549 0.838412 0.850461 0.840539 0.857548 0.859674 0.000000 0.815025 0.658433 0.805103
9 0.862829 0.798016 0.761024 0.837127 0.824574 0.827169 0.856330 0.815025 0.000000 0.820748 0.806543
10 0.856034 0.643613 0.834862 0.836274 0.829217 0.832745 0.846154 0.659845 0.817925 0.000000 0.796754
11 0.856432 0.790220 0.827169 0.780228 0.770597 0.786629 0.783784 0.805103 0.812233 0.804517 0.000000
