11
1 0.000000 0.925175 0.946996 0.943463 0.939929 0.934599 0.936664 0.944876 0.953357 0.934507 0.941343
2 0.941259 0.000000 0.883217 0.879021 0.856643 0.853147 0.842657 0.859441 0.886014 0.880420 0.860839
3 0.941343 0.860140 0.000000 0.861288 0.664074 0.831927 0.840957 0.851878 0.878551 0.859155 0.850567
4 0.939223 0.869930 0.891012 0.000000 0.876945 0.765823 0.795215 0.802548 0.899505 0.882394 0.808209
5 0.934276 0.820280 0.669731 0.849364 0.000000 0.822082 0.830401 0.833098 0.879774 0.850704 0.841584
6 0.933193 0.849650 0.861463 0.730661 0.853727 0.000000 0.565401 0.573136 0.864276 0.848101 0.613924
7 0.940183 0.831469 0.871217 0.796622 0.859254 0.613221 0.000000 0.372273 0.875440 0.857847 0.529909
8 0.934982 0.835664 0.872431 0.795471 0.854314 0.599859 0.367347 0.000000 0.880935 0.850704 0.518414
9 0.947703 0.876923 0.904830 0.898089 0.900283 0.880450 0.876144 0.889440 0.000000 0.786620 0.882436
10 0.942254 0.862937 0.878873 0.876056 0.861972 0.856540 0.838142 0.842958 0.768310 0.000000 0.860563
11 0.938516 0.839161 0.873229 0.800425 0.867751 0.644866 0.516538 0.522663 0.878895 0.864789 0.000000
