11
1 0.000000 0.435811 0.459596 0.483108 0.449324 0.464527 0.474662 0.444257 0.474662 0.441077 0.471284
2 0.432432 0.000000 0.378788 0.416244 0.376271 0.401024 0.405405 0.361158 0.391823 0.361953 0.382253
3 0.456229 0.398990 0.000000 0.390572 0.190236 0.434343 0.441077 0.240741 0.437710 0.276094 0.430976
4 0.476351 0.404399 0.380471 0.000000 0.382403 0.455161 0.444257 0.377327 0.458545 0.370370 0.445008
5 0.439189 0.394915 0.180135 0.382403 0.000000 0.438983 0.435811 0.249153 0.427119 0.267677 0.428814
6 0.454392 0.412969 0.432660 0.461929 0.430508 0.000000 0.233108 0.422487 0.424191 0.429293 0.411263
7 0.478041 0.415541 0.430976 0.451014 0.444257 0.236486 0.000000 0.415541 0.434122 0.446128 0.430743
8 0.439189 0.361158 0.230640 0.377327 0.250847 0.420784 0.408784 0.000000 0.427598 0.289562 0.396934
9 0.471284 0.388416 0.422559 0.450085 0.420339 0.425894 0.439189 0.412266 0.000000 0.417508 0.429302
10 0.441077 0.375421 0.264310 0.363636 0.265993 0.430976 0.439394 0.284512 0.425926 0.000000 0.419192
11 0.454392 0.372014 0.410774 0.443316 0.400000 0.404437 0.422297 0.381601 0.424191 0.405724 0.000000
