11
1 0.000000 0.799876 0.821905 0.830189 0.818182 0.813601 0.813194 0.814746 0.830195 0.822839 0.819273
2 0.808240 0.000000 0.613693 0.601918 0.574040 0.572179 0.563502 0.565056 0.651127 0.647839 0.570197
3 0.831834 0.618030 0.000000 0.597897 0.358362 0.591963 0.584464 0.583024 0.692806 0.659259 0.587131
4 0.823075 0.600062 0.583978 0.000000 0.570368 0.424420 0.425709 0.432725 0.637234 0.615432 0.447968
5 0.812907 0.578067 0.353087 0.564801 0.000000 0.546213 0.542232 0.542441 0.651744 0.612963 0.556650
6 0.825657 0.595981 0.593818 0.434621 0.552087 0.000000 0.263564 0.266770 0.641865 0.610494 0.288793
7 0.815351 0.563502 0.576757 0.431258 0.552404 0.263564 0.000000 0.163687 0.643342 0.610049 0.224446
8 0.816914 0.574969 0.583333 0.425611 0.549566 0.264606 0.159063 0.000000 0.644643 0.589198 0.235222
9 0.832356 0.643717 0.676443 0.653597 0.673047 0.634146 0.639642 0.645261 0.000000 0.411420 0.636392
10 0.822839 0.632099 0.645988 0.638272 0.628086 0.606481 0.593711 0.601543 0.422531 0.000000 0.616995
11 0.818658 0.569581 0.584975 0.454126 0.558498 0.290333 0.223214 0.235530 0.643781 0.614224 0.000000
