11
1 0.000000 0.812507 0.822122 0.857285 0.818626 0.886527 0.797434 0.889825 0.858715 0.885772 0.891718
2 0.812269 0.000000 0.692402 0.803942 0.747834 0.796908 0.590974 0.805571 0.810498 0.794708 0.843893
3 0.821964 0.692561 0.000000 0.819518 0.768020 0.822220 0.680637 0.831161 0.822499 0.820096 0.854220
4 0.857364 0.803664 0.819558 0.000000 0.751103 0.879913 0.790720 0.882844 0.449310 0.879852 0.849335
5 0.818745 0.747954 0.767981 0.751103 0.000000 0.849911 0.730017 0.854509 0.752812 0.847749 0.823039
6 0.886408 0.796908 0.822181 0.879595 0.850109 0.000000 0.795050 0.721677 0.879833 0.689618 0.897080
7 0.797672 0.591252 0.680717 0.790760 0.730216 0.795130 0.000000 0.801645 0.794255 0.790084 0.835114
8 0.890063 0.805372 0.830764 0.882367 0.854429 0.721717 0.801287 0.000000 0.883440 0.540625 0.903992
9 0.858159 0.810180 0.822300 0.449152 0.752812 0.879396 0.794057 0.883758 0.000000 0.880488 0.851082
10 0.885295 0.794469 0.819977 0.879733 0.847511 0.689578 0.789886 0.540586 0.880647 0.000000 0.898391
11 0.891440 0.843813 0.854419 0.849374 0.823158 0.897319 0.834876 0.903873 0.851400 0.898352 0.000000
