11
1 0.000000 0.759375 0.757009 0.772586 0.750000 0.771160 0.764890 0.771160 0.761610 0.754658 0.774295
2 0.762500 0.000000 0.467290 0.426791 0.468750 0.471875 0.737500 0.546875 0.699690 0.487578 0.471875
3 0.775701 0.467290 0.000000 0.429907 0.492212 0.467290 0.741433 0.529595 0.712074 0.468944 0.482866
4 0.813084 0.423676 0.429907 0.000000 0.473520 0.514019 0.760125 0.507788 0.702786 0.472050 0.467290
5 0.759375 0.468750 0.492212 0.473520 0.000000 0.515625 0.721875 0.540625 0.702786 0.509317 0.465625
6 0.761755 0.459375 0.448598 0.476636 0.506250 0.000000 0.724138 0.570533 0.715170 0.503106 0.517241
7 0.771160 0.728125 0.741433 0.716511 0.718750 0.733542 0.000000 0.689655 0.520124 0.701863 0.724138
8 0.780564 0.546875 0.529595 0.507788 0.550000 0.586207 0.689655 0.000000 0.705882 0.534162 0.576802
9 0.770898 0.715170 0.727554 0.702786 0.708978 0.724458 0.535604 0.721362 0.000000 0.693498 0.712074
10 0.767081 0.487578 0.472050 0.465839 0.512422 0.518634 0.714286 0.531056 0.681115 0.000000 0.490683
11 0.774295 0.465625 0.479751 0.457944 0.459375 0.526646 0.711599 0.570533 0.696594 0.487578 0.000000
