11
1 0.000000 0.655172 0.655172 0.657825 0.655172 0.655172 0.655172 0.660477 0.655172 0.656992 0.650794
2 0.657825 0.000000 0.628647 0.649867 0.641910 0.618037 0.628647 0.639257 0.625995 0.630607 0.629630
3 0.657825 0.631300 0.000000 0.652520 0.631300 0.625995 0.615385 0.647215 0.615385 0.614776 0.621693
4 0.655172 0.647215 0.647215 0.000000 0.641910 0.647215 0.652520 0.655172 0.652520 0.646438 0.650794
5 0.655172 0.644562 0.628647 0.647215 0.000000 0.628647 0.631300 0.649867 0.628647 0.638522 0.637566
6 0.652520 0.620690 0.625995 0.647215 0.625995 0.000000 0.620690 0.631300 0.618037 0.627968 0.629630
7 0.652520 0.628647 0.615385 0.657825 0.628647 0.620690 0.000000 0.644562 0.469496 0.617414 0.619048
8 0.660477 0.644562 0.655172 0.660477 0.652520 0.633952 0.644562 0.000000 0.644562 0.654354 0.645503
9 0.655172 0.625995 0.615385 0.657825 0.628647 0.620690 0.477454 0.644562 0.000000 0.620053 0.619048
10 0.659631 0.633245 0.614776 0.654354 0.638522 0.633245 0.617414 0.654354 0.620053 0.000000 0.580475
11 0.648148 0.629630 0.621693 0.653439 0.640212 0.626984 0.624339 0.642857 0.619048 0.580475 0.000000
