11
1 0.000000 0.552273 0.529545 0.502273 0.520455 0.522727 0.536364 0.536364 0.520455 0.523810 0.535147
2 0.552273 0.000000 0.506818 0.513636 0.525000 0.477273 0.529545 0.461364 0.506818 0.535147 0.528345
3 0.529545 0.509091 0.000000 0.504545 0.506818 0.504545 0.481818 0.486364 0.429545 0.512472 0.523810
4 0.497727 0.513636 0.509091 0.000000 0.502273 0.488636 0.486364 0.509091 0.502273 0.492063 0.485261
5 0.520455 0.525000 0.502273 0.502273 0.000000 0.513636 0.479545 0.506818 0.504545 0.448980 0.512472
6 0.522727 0.472727 0.506818 0.486364 0.518182 0.000000 0.493182 0.445455 0.479545 0.517007 0.528345
7 0.534091 0.531818 0.479545 0.481818 0.477273 0.488636 0.000000 0.493182 0.488636 0.492063 0.489796
8 0.534091 0.456818 0.484091 0.506818 0.511364 0.447727 0.495455 0.000000 0.475000 0.523810 0.517007
9 0.520455 0.509091 0.434091 0.506818 0.506818 0.479545 0.488636 0.475000 0.000000 0.507937 0.519274
10 0.521542 0.539683 0.519274 0.501134 0.453515 0.514739 0.489796 0.517007 0.512472 0.000000 0.532880
11 0.535147 0.530612 0.521542 0.489796 0.512472 0.528345 0.492063 0.519274 0.526077 0.535147 0.000000
