11
1 0.000000 0.254039 0.243233 0.241238 0.274143 0.256475 0.252287 0.251607 0.260074 0.247274 0.245327
2 0.254818 0.000000 0.081176 0.080786 0.116994 0.103562 0.090909 0.094024 0.086237 0.086237 0.080981
3 0.242843 0.080397 0.000000 0.063863 0.099299 0.085686 0.073584 0.074990 0.085653 0.063863 0.050623
4 0.241628 0.080592 0.064447 0.000000 0.099494 0.086059 0.074168 0.074766 0.084485 0.071067 0.066005
5 0.274338 0.116605 0.099688 0.099494 0.000000 0.121690 0.085264 0.110202 0.120304 0.106503 0.102220
6 0.256475 0.102784 0.085881 0.085670 0.121301 0.000000 0.096749 0.078286 0.111349 0.089953 0.088785
7 0.252677 0.090714 0.074362 0.074168 0.085458 0.097333 0.000000 0.086042 0.095970 0.079229 0.076893
8 0.251217 0.092856 0.074795 0.073988 0.109424 0.077897 0.085264 0.000000 0.100448 0.079050 0.077882
9 0.260658 0.086237 0.086432 0.084680 0.120693 0.111933 0.096165 0.101421 0.000000 0.092272 0.087600
10 0.247079 0.085264 0.063863 0.070483 0.106114 0.089953 0.078645 0.079439 0.091493 0.000000 0.065810
11 0.245717 0.080786 0.051207 0.066005 0.102220 0.089369 0.076698 0.078660 0.087210 0.066199 0.000000
