11
1 0.000000 0.938586 0.940256 0.940159 0.938665 0.934297 0.945823 0.938350 0.940844 0.934622 0.936228
2 0.937131 0.000000 0.714842 0.736339 0.735749 0.692785 0.903755 0.771824 0.896968 0.759822 0.725855
3 0.941553 0.714802 0.000000 0.716807 0.735791 0.709447 0.903624 0.763934 0.894336 0.756797 0.717289
4 0.938979 0.735670 0.716139 0.000000 0.751751 0.726815 0.904541 0.774263 0.896614 0.763476 0.736817
5 0.937485 0.735828 0.735437 0.753128 0.000000 0.716323 0.906782 0.784964 0.902820 0.775303 0.722947
6 0.935437 0.693768 0.708504 0.728230 0.716795 0.000000 0.900699 0.753419 0.895043 0.740963 0.720118
7 0.945154 0.903991 0.902366 0.903715 0.906900 0.898931 0.000000 0.904659 0.718517 0.896590 0.902318
8 0.938468 0.771313 0.763265 0.774067 0.784374 0.751808 0.904148 0.000000 0.899442 0.750000 0.772495
9 0.942297 0.899089 0.895514 0.898146 0.905256 0.895671 0.720284 0.901563 0.000000 0.897007 0.897085
10 0.935526 0.760726 0.757072 0.764930 0.776324 0.741160 0.898083 0.750196 0.895907 0.000000 0.756758
11 0.938193 0.726444 0.716464 0.737210 0.723536 0.719764 0.904361 0.773360 0.895475 0.756247 0.000000
