11
1 0.000000 0.515084 0.505460 0.512942 0.531734 0.474496 0.517715 0.509957 0.493754 0.492615 0.534763
2 0.514337 0.000000 0.439973 0.501119 0.411122 0.454981 0.449613 0.325818 0.472869 0.476763 0.411000
3 0.504989 0.439580 0.000000 0.489100 0.456091 0.448423 0.182297 0.441887 0.459628 0.466942 0.453506
4 0.512235 0.500923 0.490121 0.000000 0.515435 0.352731 0.502062 0.496052 0.245336 0.237637 0.513414
5 0.531655 0.411672 0.456288 0.516063 0.000000 0.479130 0.465949 0.411751 0.491163 0.493402 0.223510
6 0.473907 0.455256 0.448698 0.352967 0.479208 0.000000 0.460203 0.455609 0.309577 0.315938 0.478934
7 0.517008 0.448906 0.182533 0.501748 0.465360 0.459889 0.000000 0.451117 0.473225 0.477902 0.463131
8 0.509918 0.327271 0.443262 0.496327 0.412065 0.455648 0.452060 0.000000 0.473035 0.473506 0.412467
9 0.492851 0.472712 0.459314 0.244864 0.491085 0.309656 0.472793 0.472524 0.000000 0.210882 0.489884
10 0.492065 0.477038 0.467413 0.237519 0.493873 0.315506 0.478256 0.473114 0.211039 0.000000 0.491298
11 0.535352 0.411314 0.454331 0.514435 0.222960 0.478855 0.464231 0.412389 0.490238 0.491731 0.000000
