11
1 0.000000 0.684741 0.779145 0.798431 0.780330 0.814576 0.809522 0.773132 0.777532 0.793054 0.755428
2 0.654597 0.000000 0.532764 0.556646 0.531669 0.577067 0.574679 0.527184 0.536693 0.538936 0.494725
3 0.762157 0.527040 0.000000 0.495082 0.222400 0.657301 0.657140 0.310805 0.620055 0.421772 0.576408
4 0.804713 0.557184 0.500987 0.000000 0.507287 0.674507 0.675347 0.497472 0.640260 0.508364 0.602624
5 0.764886 0.537662 0.220335 0.510140 0.000000 0.667295 0.656224 0.316328 0.627288 0.423064 0.584848
6 0.806233 0.575381 0.665823 0.687766 0.664926 0.000000 0.326013 0.660648 0.665016 0.674076 0.622961
7 0.810617 0.585732 0.675703 0.677304 0.660174 0.326839 0.000000 0.664377 0.667995 0.671004 0.627536
8 0.774046 0.526019 0.307524 0.497472 0.316902 0.657904 0.664360 0.000000 0.619674 0.418663 0.574415
9 0.767356 0.544822 0.624345 0.649916 0.629317 0.670829 0.678207 0.610942 0.000000 0.627468 0.583226
10 0.774549 0.543602 0.420066 0.508130 0.423782 0.661553 0.664686 0.413750 0.626337 0.000000 0.583057
11 0.733950 0.496429 0.581849 0.601583 0.591133 0.619499 0.616549 0.574398 0.585451 0.586305 0.000000
