11
1 0.000000 0.895728 0.899275 0.896377 0.905072 0.900797 0.894928 0.896377 0.899348 0.902969 0.893478
2 0.895728 0.000000 0.867487 0.805938 0.851557 0.869660 0.833454 0.593049 0.855177 0.871108 0.863143
3 0.898551 0.861694 0.000000 0.863768 0.800725 0.808834 0.860145 0.866667 0.818248 0.824041 0.821739
4 0.896377 0.804489 0.863768 0.000000 0.862319 0.857350 0.834783 0.813043 0.855902 0.868936 0.865942
5 0.903623 0.851557 0.805072 0.866667 0.000000 0.806662 0.851449 0.854348 0.727734 0.811007 0.818116
6 0.902245 0.871108 0.809558 0.859522 0.805938 0.000000 0.863867 0.870384 0.813179 0.809558 0.752353
7 0.894928 0.829833 0.861594 0.834783 0.849275 0.860970 0.000000 0.833333 0.856626 0.857350 0.857971
8 0.892754 0.591600 0.868116 0.817391 0.855797 0.875453 0.834058 0.000000 0.860246 0.874728 0.868841
9 0.897900 0.856626 0.818248 0.858074 0.729906 0.815351 0.857350 0.858798 0.000000 0.800145 0.813179
10 0.901521 0.871108 0.826213 0.870384 0.812455 0.808834 0.860246 0.872556 0.798697 0.000000 0.791455
11 0.893478 0.866763 0.820290 0.865217 0.818116 0.753802 0.863768 0.869565 0.812455 0.792180 0.000000
