11
1 0.000000 0.254842 0.239651 0.246393 0.260539 0.252184 0.248766 0.237661 0.262818 0.239469 0.239180
2 0.255602 0.000000 0.079757 0.087320 0.099126 0.105963 0.084314 0.091875 0.092290 0.082732 0.081245
3 0.240410 0.079757 0.000000 0.069096 0.075959 0.086213 0.062666 0.066059 0.082036 0.055408 0.042901
4 0.247153 0.087699 0.069096 0.000000 0.091496 0.088079 0.075171 0.072134 0.093774 0.062998 0.070235
5 0.260919 0.099126 0.075579 0.091116 0.000000 0.112039 0.066464 0.092635 0.099886 0.080835 0.077449
6 0.252564 0.105963 0.086213 0.088079 0.112039 0.000000 0.096088 0.082764 0.113938 0.081973 0.087699
7 0.249525 0.084314 0.062666 0.075171 0.066464 0.096088 0.000000 0.076310 0.086973 0.064896 0.064541
8 0.238421 0.092255 0.066439 0.072134 0.093014 0.083144 0.076310 0.000000 0.097570 0.066034 0.067578
9 0.263578 0.092290 0.082036 0.093774 0.099886 0.113938 0.086973 0.097570 0.000000 0.086528 0.083903
10 0.240607 0.083112 0.055787 0.063378 0.081214 0.082353 0.065275 0.066414 0.086907 0.000000 0.056546
11 0.239939 0.081625 0.042901 0.070235 0.077828 0.088079 0.064541 0.067578 0.083903 0.056546 0.000000
