11
1 0.000000 0.391160 0.454344 0.469286 0.412839 0.425097 0.434422 0.460432 0.432761 0.491722 0.443276
2 0.401105 0.000000 0.341989 0.369613 0.308840 0.351934 0.376243 0.375138 0.267956 0.429360 0.346961
3 0.449364 0.335912 0.000000 0.395130 0.342557 0.245992 0.406198 0.426121 0.365800 0.467991 0.348091
4 0.454344 0.361326 0.389043 0.000000 0.308204 0.399116 0.417960 0.416851 0.383592 0.455298 0.429125
5 0.421140 0.303867 0.347537 0.315965 0.000000 0.357656 0.377913 0.375902 0.330372 0.429360 0.375969
6 0.433389 0.354696 0.255943 0.400774 0.358209 0.000000 0.413488 0.410724 0.370923 0.455298 0.354339
7 0.445490 0.361878 0.394577 0.425721 0.364595 0.399116 0.000000 0.472253 0.414539 0.378587 0.398117
8 0.473160 0.366851 0.425014 0.424612 0.378679 0.416252 0.476693 0.000000 0.409217 0.492274 0.415836
9 0.425567 0.263536 0.359159 0.381929 0.329817 0.363737 0.420089 0.400888 0.000000 0.424945 0.379291
10 0.492826 0.432671 0.481788 0.462472 0.428256 0.477373 0.392936 0.496689 0.447020 0.000000 0.473510
11 0.437742 0.339779 0.341450 0.441860 0.378738 0.351575 0.408638 0.421373 0.378738 0.453091 0.000000
