11
1 0.000000 0.419558 0.379310 0.389937 0.321767 0.403785 0.322884 0.416404 0.337539 0.341693 0.372240
2 0.419558 0.000000 0.416928 0.160377 0.373418 0.416404 0.341693 0.451104 0.382911 0.398119 0.374603
3 0.388715 0.401254 0.000000 0.360502 0.272727 0.407524 0.332288 0.432602 0.241379 0.269592 0.351097
4 0.383648 0.154088 0.357367 0.000000 0.317610 0.349057 0.288401 0.411950 0.333333 0.332288 0.367925
5 0.331230 0.351266 0.266458 0.323899 0.000000 0.372240 0.272727 0.381703 0.183544 0.200627 0.272152
6 0.416404 0.406940 0.401254 0.355346 0.369085 0.000000 0.341693 0.441640 0.381703 0.369906 0.438486
7 0.332288 0.354232 0.332288 0.300940 0.275862 0.354232 0.000000 0.376176 0.294671 0.294671 0.357367
8 0.406940 0.441640 0.413793 0.415094 0.378549 0.429022 0.360502 0.000000 0.394322 0.394984 0.429022
9 0.347003 0.370253 0.235110 0.339623 0.183544 0.381703 0.291536 0.410095 0.000000 0.144201 0.284810
10 0.351097 0.376176 0.266458 0.338558 0.200627 0.369906 0.291536 0.407524 0.150470 0.000000 0.300940
11 0.375394 0.374603 0.344828 0.364780 0.265823 0.425867 0.347962 0.438486 0.278481 0.294671 0.000000
