11
1 0.000000 0.840322 0.836474 0.802513 0.815351 0.826109 0.841264 0.842403 0.804986 0.831881 0.802238
2 0.838712 0.000000 0.297255 0.402914 0.491279 0.348676 0.344937 0.355771 0.448356 0.256390 0.403440
3 0.834865 0.298354 0.000000 0.360663 0.456152 0.299729 0.293367 0.311472 0.409378 0.184028 0.360677
4 0.802159 0.404209 0.360820 0.000000 0.241685 0.291946 0.392626 0.408175 0.164605 0.335584 0.019947
5 0.814920 0.492025 0.456231 0.240861 0.000000 0.396944 0.479298 0.491812 0.152813 0.435863 0.239103
6 0.824578 0.349501 0.300279 0.291829 0.397455 0.000000 0.335284 0.349291 0.344828 0.275551 0.291958
7 0.840204 0.345173 0.292267 0.391644 0.478591 0.333634 0.000000 0.273024 0.436059 0.271978 0.392288
8 0.841539 0.356085 0.311354 0.408372 0.492008 0.348898 0.273495 0.000000 0.452028 0.281637 0.408663
9 0.803887 0.448395 0.409221 0.163820 0.153166 0.344199 0.436687 0.451439 0.000000 0.389375 0.161588
10 0.831645 0.257490 0.183949 0.335820 0.436570 0.275394 0.272724 0.281911 0.390121 0.000000 0.335977
11 0.801374 0.404539 0.360873 0.019712 0.239692 0.291762 0.393034 0.408152 0.162138 0.335741 0.000000
