11
1 0.000000 0.845679 0.853125 0.849057 0.838006 0.841121 0.842767 0.862069 0.843750 0.842593 0.840625
2 0.845679 0.000000 0.842593 0.851852 0.858025 0.848765 0.839506 0.827160 0.817901 0.817901 0.861111
3 0.853125 0.830247 0.000000 0.865625 0.856698 0.813084 0.781250 0.809375 0.553125 0.750000 0.856250
4 0.858491 0.854938 0.850000 0.000000 0.819315 0.853583 0.852201 0.852665 0.853125 0.842593 0.821875
5 0.844237 0.848765 0.856698 0.816199 0.000000 0.844237 0.856698 0.847352 0.866044 0.845679 0.841121
6 0.862928 0.858025 0.831776 0.869159 0.856698 0.000000 0.850467 0.834891 0.831776 0.820988 0.862928
7 0.855346 0.824074 0.790625 0.839623 0.844237 0.828660 0.000000 0.855799 0.771875 0.728395 0.865625
8 0.862069 0.820988 0.812500 0.843260 0.853583 0.831776 0.852665 0.000000 0.796875 0.796296 0.868750
9 0.843750 0.811728 0.553125 0.850000 0.841121 0.822430 0.762500 0.778125 0.000000 0.688272 0.840625
10 0.848765 0.814815 0.765432 0.854938 0.845679 0.833333 0.725309 0.787037 0.700617 0.000000 0.845679
11 0.828125 0.839506 0.843750 0.812500 0.834891 0.828660 0.853125 0.837500 0.846875 0.836420 0.000000
