11
1 0.000000 0.049145 0.055556 0.049145 0.116809 0.068794 0.115385 0.088319 0.070513 0.064815 0.071937
2 0.049858 0.000000 0.038462 0.032051 0.108262 0.041844 0.108262 0.060541 0.041311 0.039886 0.045584
3 0.051282 0.033476 0.000000 0.015670 0.095783 0.050355 0.094353 0.066381 0.047076 0.044904 0.052744
4 0.049145 0.031339 0.019231 0.000000 0.102564 0.049645 0.106125 0.069088 0.048433 0.046296 0.053419
5 0.112536 0.103276 0.102216 0.099003 0.000000 0.119149 0.128755 0.133476 0.116262 0.116892 0.119031
6 0.073759 0.045390 0.060284 0.053901 0.126950 0.000000 0.127660 0.060284 0.045390 0.060993 0.044681
7 0.099003 0.094017 0.094353 0.091168 0.108011 0.107801 0.000000 0.125625 0.109843 0.104775 0.111903
8 0.086182 0.056268 0.070664 0.065527 0.134904 0.053901 0.139186 0.000000 0.050642 0.072701 0.051319
9 0.069088 0.039174 0.052782 0.047009 0.119829 0.039716 0.124822 0.052782 0.000000 0.054170 0.037063
10 0.062678 0.037037 0.049893 0.044160 0.119743 0.055319 0.122594 0.074127 0.053457 0.000000 0.054882
11 0.069801 0.043447 0.057733 0.051282 0.122594 0.039007 0.127584 0.052744 0.036351 0.054882 0.000000
