11
1 0.000000 0.971591 0.969504 0.971591 0.969547 0.964185 0.971611 0.965347 0.962571 0.969718 0.967583
2 0.968040 0.000000 0.914894 0.977240 0.961756 0.965590 0.970192 0.968175 0.966808 0.966901 0.964764
3 0.968794 0.921986 0.000000 0.973050 0.948300 0.961376 0.963830 0.964639 0.968220 0.961268 0.959831
4 0.968040 0.967283 0.963121 0.000000 0.961048 0.955056 0.962385 0.958982 0.860169 0.958451 0.962650
5 0.969547 0.966006 0.942635 0.967422 0.000000 0.960674 0.971671 0.966054 0.958333 0.957747 0.960536
6 0.973315 0.969101 0.962781 0.970506 0.967697 0.000000 0.973315 0.968399 0.963483 0.952949 0.961376
7 0.967353 0.963094 0.961702 0.963094 0.964589 0.954354 0.000000 0.933522 0.956921 0.959859 0.962650
8 0.965347 0.966761 0.961810 0.969590 0.963225 0.959270 0.932108 0.000000 0.961864 0.959155 0.963354
9 0.968927 0.972458 0.963277 0.869350 0.962571 0.957865 0.965395 0.965395 0.000000 0.962676 0.959831
10 0.971127 0.966901 0.959155 0.972535 0.957042 0.952247 0.966901 0.962676 0.961268 0.000000 0.964085
11 0.961945 0.961945 0.954898 0.967583 0.952784 0.957865 0.968992 0.965469 0.957717 0.961972 0.000000
