11
1 0.000000 0.668435 0.666667 0.666667 0.663130 0.664021 0.668435 0.671088 0.668435 0.667546 0.661376
2 0.671088 0.000000 0.634921 0.671958 0.663130 0.661376 0.673740 0.665783 0.665783 0.672823 0.642857
3 0.666667 0.634921 0.000000 0.666667 0.653439 0.650794 0.669312 0.664021 0.658730 0.664908 0.629630
4 0.669312 0.669312 0.669312 0.000000 0.669312 0.666667 0.669312 0.671958 0.669312 0.667546 0.669312
5 0.671088 0.663130 0.656085 0.666667 0.000000 0.664021 0.668435 0.641910 0.671088 0.670185 0.661376
6 0.669312 0.661376 0.653439 0.669312 0.664021 0.000000 0.658730 0.664021 0.653439 0.662269 0.666667
7 0.671088 0.671088 0.671958 0.666667 0.668435 0.661376 0.000000 0.668435 0.671088 0.664908 0.671958
8 0.671088 0.663130 0.664021 0.661376 0.636605 0.664021 0.665783 0.000000 0.665783 0.670185 0.666667
9 0.671088 0.663130 0.656085 0.666667 0.671088 0.645503 0.671088 0.665783 0.000000 0.662269 0.671958
10 0.670185 0.672823 0.664908 0.670185 0.672823 0.662269 0.667546 0.672823 0.664908 0.000000 0.667546
11 0.666667 0.648148 0.632275 0.671958 0.664021 0.666667 0.674603 0.671958 0.674603 0.670185 0.000000
