11
1 0.000000 0.552204 0.546569 0.548061 0.544415 0.554524 0.595293 0.571760 0.598442 0.555850 0.556182
2 0.566788 0.000000 0.249169 0.270930 0.268426 0.256777 0.456811 0.304096 0.449451 0.294861 0.277593
3 0.554193 0.252990 0.000000 0.240864 0.259462 0.243189 0.442193 0.287183 0.434385 0.279734 0.261794
4 0.550713 0.275415 0.243688 0.000000 0.265272 0.268272 0.445515 0.301443 0.445349 0.286213 0.276246
5 0.556679 0.264774 0.256972 0.264442 0.000000 0.270916 0.458831 0.305090 0.442231 0.293659 0.260458
6 0.559330 0.261932 0.244518 0.263289 0.269588 0.000000 0.453488 0.298458 0.440971 0.277778 0.268949
7 0.578886 0.443854 0.426744 0.431561 0.447709 0.434219 0.000000 0.449842 0.282890 0.429070 0.438206
8 0.565960 0.308075 0.280550 0.292820 0.308572 0.292323 0.453822 0.000000 0.446029 0.277898 0.300282
9 0.590819 0.431327 0.419435 0.439037 0.439575 0.434154 0.283721 0.433759 0.000000 0.431327 0.431516
10 0.555187 0.293531 0.280565 0.284219 0.297311 0.273120 0.438206 0.279556 0.429165 0.000000 0.284408
11 0.541432 0.277759 0.260465 0.276744 0.258798 0.267121 0.444186 0.302769 0.449801 0.281582 0.000000
