11
1 0.000000 0.552273 0.554545 0.560091 0.556818 0.550000 0.545455 0.552273 0.545455 0.553288 0.548753
2 0.552273 0.000000 0.547727 0.541950 0.538636 0.531818 0.550000 0.540909 0.518182 0.553288 0.548753
3 0.556818 0.547727 0.000000 0.544218 0.536364 0.488636 0.536364 0.506818 0.536364 0.548753 0.476190
4 0.557823 0.544218 0.544218 0.000000 0.548753 0.541950 0.551020 0.537415 0.541950 0.555556 0.544218
5 0.554545 0.538636 0.538636 0.551020 0.000000 0.536364 0.534091 0.543182 0.529545 0.553288 0.535147
6 0.550000 0.529545 0.493182 0.541950 0.534091 0.000000 0.538636 0.504545 0.534091 0.539683 0.489796
7 0.543182 0.552273 0.534091 0.551020 0.527273 0.543182 0.000000 0.543182 0.529545 0.405896 0.539683
8 0.552273 0.536364 0.506818 0.535147 0.536364 0.500000 0.538636 0.000000 0.527273 0.535147 0.514739
9 0.545455 0.520455 0.534091 0.537415 0.531818 0.531818 0.531818 0.527273 0.000000 0.535147 0.530612
10 0.553288 0.551020 0.546485 0.553288 0.548753 0.539683 0.405896 0.539683 0.532880 0.000000 0.541950
11 0.551020 0.551020 0.476190 0.539683 0.532880 0.492063 0.541950 0.517007 0.530612 0.541950 0.000000
