11
1 0.000000 0.902266 0.918803 0.913167 0.903846 0.902250 0.900353 0.903915 0.866525 0.913475 0.875000
2 0.921388 0.000000 0.885977 0.891643 0.795326 0.875527 0.736396 0.871105 0.826271 0.924221 0.844193
3 0.920940 0.873229 0.000000 0.784342 0.880342 0.810127 0.866431 0.849110 0.838277 0.909929 0.819801
4 0.923843 0.888810 0.814947 0.000000 0.882562 0.831927 0.877032 0.817794 0.813559 0.914894 0.815658
5 0.928063 0.785411 0.882479 0.872598 0.000000 0.859353 0.730035 0.836299 0.820621 0.910638 0.825499
6 0.924754 0.867089 0.831927 0.818565 0.862166 0.000000 0.851617 0.828411 0.810830 0.915612 0.822785
7 0.926502 0.718021 0.879859 0.879859 0.718021 0.848804 0.000000 0.850883 0.826271 0.901767 0.800000
8 0.916014 0.858357 0.859075 0.830605 0.839146 0.830520 0.836042 0.000000 0.781073 0.908511 0.787189
9 0.899718 0.811441 0.836158 0.800141 0.809322 0.807314 0.803672 0.768362 0.000000 0.900424 0.423729
10 0.936170 0.927054 0.926950 0.918440 0.924823 0.910689 0.901767 0.912057 0.889831 0.000000 0.887234
11 0.901429 0.842068 0.841168 0.808541 0.826923 0.827004 0.819788 0.793594 0.449859 0.897163 0.000000
