11
1 0.000000 0.884966 0.893698 0.884966 0.890281 0.891040 0.889522 0.887244 0.894837 0.883112 0.883447
2 0.881929 0.000000 0.860182 0.856058 0.853723 0.859529 0.861375 0.532852 0.856492 0.713093 0.849658
3 0.893318 0.863222 0.000000 0.882643 0.882979 0.883068 0.889480 0.862134 0.811314 0.870209 0.869780
4 0.884586 0.859096 0.881124 0.000000 0.465249 0.552012 0.862514 0.867072 0.875475 0.855028 0.835611
5 0.888762 0.856763 0.881839 0.464869 0.000000 0.564920 0.861755 0.868591 0.880410 0.855028 0.822323
6 0.890661 0.861048 0.882688 0.552771 0.566059 0.000000 0.865604 0.865983 0.871298 0.855028 0.820046
7 0.891420 0.861755 0.890999 0.862134 0.862134 0.864844 0.000000 0.865173 0.886484 0.864137 0.815869
8 0.889142 0.533612 0.862894 0.867072 0.868591 0.868261 0.865173 0.000000 0.858011 0.717268 0.845862
9 0.891800 0.858390 0.809415 0.876613 0.880030 0.873956 0.883827 0.855733 0.000000 0.861860 0.864465
10 0.885768 0.711954 0.871727 0.853510 0.853510 0.855787 0.865275 0.716509 0.862619 0.000000 0.848577
11 0.881549 0.852316 0.869021 0.837510 0.824222 0.822703 0.815869 0.844723 0.863326 0.848577 0.000000
