11
1 0.000000 0.913439 0.925655 0.924370 0.927956 0.923035 0.930706 0.928139 0.925242 0.924904 0.919591
2 0.923259 0.000000 0.883251 0.881251 0.861429 0.873250 0.858883 0.885070 0.879614 0.867430 0.760502
3 0.928585 0.880887 0.000000 0.724333 0.886651 0.894698 0.891229 0.896356 0.734783 0.886534 0.885965
4 0.928754 0.878705 0.717209 0.000000 0.886555 0.895871 0.892035 0.901352 0.422908 0.886007 0.888016
5 0.924473 0.852700 0.882622 0.882536 0.000000 0.820293 0.821252 0.870251 0.878998 0.831902 0.849781
6 0.923218 0.866157 0.889580 0.892583 0.818282 0.000000 0.831993 0.880256 0.889782 0.842134 0.849781
7 0.927589 0.851973 0.884453 0.884180 0.819049 0.827971 0.000000 0.886334 0.879730 0.837749 0.855446
8 0.929789 0.880160 0.898736 0.898429 0.872454 0.881901 0.891668 0.000000 0.900567 0.887630 0.873538
9 0.928715 0.876705 0.745019 0.419437 0.885761 0.894169 0.888137 0.903491 0.000000 0.885255 0.887244
10 0.923808 0.856701 0.881052 0.880526 0.828979 0.837018 0.836105 0.884159 0.879408 0.000000 0.860954
11 0.922332 0.747409 0.884503 0.884910 0.851060 0.849232 0.858004 0.873355 0.885782 0.861867 0.000000
