11
1 0.000000 0.782406 0.776372 0.767374 0.761238 0.797547 0.768003 0.781779 0.777345 0.779140 0.783963
2 0.782211 0.000000 0.296030 0.668353 0.493481 0.735111 0.656286 0.536590 0.668159 0.699163 0.499027
3 0.775983 0.296030 0.000000 0.671467 0.491535 0.724796 0.657844 0.540677 0.674387 0.695855 0.484235
4 0.766206 0.668159 0.671662 0.000000 0.635921 0.728635 0.514597 0.671014 0.542234 0.688850 0.678669
5 0.761238 0.492703 0.490173 0.636311 0.000000 0.711617 0.618603 0.510605 0.642732 0.675229 0.498930
6 0.797353 0.734332 0.725574 0.729803 0.711812 0.000000 0.725769 0.731555 0.735306 0.596030 0.738030
7 0.768587 0.656092 0.657649 0.514986 0.619187 0.725574 0.000000 0.660374 0.430323 0.685931 0.664461
8 0.781585 0.536979 0.540872 0.671404 0.510605 0.731166 0.659790 0.000000 0.679253 0.706169 0.552355
9 0.776761 0.668937 0.673803 0.542624 0.643900 0.734527 0.430128 0.679058 0.000000 0.698385 0.675360
10 0.778945 0.698579 0.695466 0.688850 0.676007 0.596614 0.686320 0.706558 0.698579 0.000000 0.702471
11 0.784546 0.499027 0.484430 0.679642 0.499708 0.738225 0.664656 0.552355 0.675165 0.702666 0.000000
