11
1 0.000000 0.944499 0.947317 0.945016 0.945099 0.944572 0.944777 0.943802 0.952769 0.952584 0.944858
2 0.944220 0.000000 0.889597 0.879860 0.880979 0.876202 0.877273 0.877173 0.907130 0.907157 0.881333
3 0.947158 0.889617 0.000000 0.876217 0.714505 0.871085 0.871638 0.870742 0.902678 0.902937 0.875361
4 0.944917 0.879959 0.876257 0.000000 0.864889 0.785235 0.789759 0.791770 0.887438 0.889055 0.801338
5 0.944960 0.881098 0.714764 0.864730 0.000000 0.856253 0.857800 0.857043 0.895641 0.896133 0.862400
6 0.944412 0.876282 0.871284 0.785155 0.856253 0.000000 0.614630 0.616163 0.882792 0.883389 0.635873
7 0.944817 0.877154 0.871598 0.789659 0.857680 0.614630 0.000000 0.422056 0.884471 0.885331 0.546220
8 0.943682 0.877173 0.870602 0.791591 0.856924 0.616103 0.422016 0.000000 0.886502 0.886346 0.548789
9 0.952669 0.907230 0.902678 0.887537 0.895661 0.882971 0.884451 0.886681 0.000000 0.770893 0.889688
10 0.952564 0.907118 0.903056 0.888915 0.896073 0.883409 0.885490 0.886486 0.770853 0.000000 0.889677
11 0.944739 0.881333 0.875401 0.801259 0.862360 0.635833 0.546200 0.548909 0.889668 0.889577 0.000000
