11
1 0.000000 0.497680 0.493694 0.485675 0.496437 0.486563 0.499151 0.492922 0.489583 0.485532 0.490264
2 0.500701 0.000000 0.480114 0.475866 0.503563 0.496081 0.505616 0.498470 0.481433 0.494739 0.501254
3 0.496417 0.479857 0.000000 0.468271 0.499536 0.493141 0.501115 0.493694 0.473659 0.490595 0.496931
4 0.487315 0.474761 0.466929 0.000000 0.491580 0.481170 0.493010 0.485024 0.439775 0.480081 0.486208
5 0.498648 0.503011 0.499418 0.492390 0.000000 0.494976 0.407067 0.439127 0.496693 0.456796 0.499299
6 0.487314 0.494403 0.490713 0.480419 0.492982 0.000000 0.494984 0.488322 0.484662 0.480989 0.452603
7 0.501066 0.504728 0.500266 0.493484 0.406949 0.495597 0.000000 0.439831 0.497354 0.459342 0.501619
8 0.495192 0.498213 0.493358 0.485538 0.438831 0.489723 0.439930 0.000000 0.490632 0.447571 0.493633
9 0.490829 0.479755 0.472001 0.439557 0.495765 0.485551 0.496485 0.489368 0.000000 0.483201 0.490591
10 0.487389 0.494226 0.489924 0.480811 0.456638 0.482075 0.459401 0.447531 0.484426 0.000000 0.488139
11 0.490975 0.499023 0.495095 0.485675 0.497700 0.452405 0.500829 0.492369 0.490097 0.486915 0.000000
