11
1 0.000000 0.509284 0.453581 0.517241 0.496021 0.525199 0.506631 0.472149 0.519894 0.503958 0.523810
2 0.509284 0.000000 0.379310 0.477454 0.220159 0.450928 0.320955 0.397878 0.400531 0.432718 0.473545
3 0.453581 0.376658 0.000000 0.286472 0.336870 0.305040 0.427056 0.137931 0.400531 0.282322 0.388889
4 0.517241 0.477454 0.286472 0.000000 0.440318 0.347480 0.493369 0.228117 0.445623 0.340369 0.425926
5 0.496021 0.220159 0.336870 0.440318 0.000000 0.421751 0.286472 0.334218 0.381963 0.377309 0.455026
6 0.525199 0.450928 0.305040 0.347480 0.424403 0.000000 0.480106 0.265252 0.445623 0.298153 0.478836
7 0.506631 0.320955 0.427056 0.493369 0.286472 0.477454 0.000000 0.429708 0.442971 0.456464 0.507937
8 0.472149 0.397878 0.137931 0.228117 0.334218 0.265252 0.429708 0.000000 0.381963 0.261214 0.370370
9 0.514589 0.400531 0.400531 0.445623 0.381963 0.445623 0.442971 0.381963 0.000000 0.453826 0.500000
10 0.503958 0.432718 0.284960 0.340369 0.377309 0.298153 0.456464 0.261214 0.456464 0.000000 0.451187
11 0.521164 0.476190 0.391534 0.425926 0.457672 0.481481 0.510582 0.373016 0.502645 0.451187 0.000000
