11
1 0.000000 0.876501 0.877454 0.891897 0.877500 0.870617 0.882409 0.893402 0.885480 0.876571 0.881714
2 0.876501 0.000000 0.844864 0.864685 0.837112 0.822980 0.851153 0.856680 0.852134 0.843619 0.848000
3 0.878026 0.846388 0.000000 0.872308 0.828729 0.807736 0.794359 0.853249 0.792492 0.756381 0.793905
4 0.891706 0.864494 0.871546 0.000000 0.851591 0.851753 0.874595 0.881220 0.874428 0.871429 0.875238
5 0.878453 0.836540 0.828729 0.852543 0.000000 0.776148 0.830444 0.859021 0.829110 0.823238 0.835619
6 0.870999 0.823171 0.806784 0.851181 0.774624 0.000000 0.820503 0.831555 0.820312 0.807238 0.824571
7 0.881837 0.850962 0.792834 0.874786 0.830825 0.819931 0.000000 0.869259 0.512386 0.817524 0.826095
8 0.892448 0.853821 0.851344 0.881030 0.857306 0.829840 0.870212 0.000000 0.868712 0.854857 0.859810
9 0.885290 0.851753 0.791159 0.875953 0.827967 0.819931 0.512195 0.870999 0.000000 0.814857 0.827810
10 0.876762 0.842286 0.756000 0.872571 0.823429 0.806476 0.818095 0.856191 0.816571 0.000000 0.737143
11 0.881905 0.848571 0.795238 0.875048 0.834476 0.824571 0.826857 0.861143 0.828191 0.737524 0.000000
