11
1 0.000000 0.044293 0.040816 0.040816 0.066553 0.045997 0.052632 0.049404 0.044218 0.044218 0.044218
2 0.045997 0.000000 0.027211 0.027211 0.054514 0.034072 0.042445 0.037479 0.032313 0.035714 0.034014
3 0.044218 0.028912 0.000000 0.020408 0.052721 0.027211 0.039049 0.032313 0.025510 0.030612 0.025510
4 0.044218 0.028912 0.020408 0.000000 0.052721 0.027211 0.039049 0.032313 0.025510 0.030612 0.025510
5 0.059727 0.047700 0.044218 0.044218 0.000000 0.049404 0.056027 0.049404 0.044218 0.052721 0.045918
6 0.047700 0.034072 0.025510 0.025510 0.054514 0.000000 0.044143 0.030664 0.025510 0.035714 0.025510
7 0.061121 0.045840 0.040747 0.040747 0.066214 0.047538 0.000000 0.054329 0.044143 0.047538 0.045840
8 0.051107 0.037479 0.030612 0.030612 0.056218 0.030664 0.050934 0.000000 0.027211 0.037415 0.027211
9 0.047619 0.034014 0.023810 0.023810 0.052721 0.025510 0.040747 0.027211 0.000000 0.034014 0.020408
10 0.044218 0.034014 0.028912 0.028912 0.059524 0.034014 0.042445 0.035714 0.032313 0.000000 0.032313
11 0.045918 0.034014 0.025510 0.025510 0.052721 0.027211 0.042445 0.027211 0.020408 0.034014 0.000000
