11
1 0.000000 0.447061 0.439211 0.442862 0.445053 0.439394 0.447609 0.444870 0.441585 0.432092 0.435560
2 0.445053 0.000000 0.429746 0.434131 0.444952 0.450758 0.450694 0.450027 0.434679 0.445215 0.454595
3 0.438664 0.431573 0.000000 0.429042 0.439657 0.443672 0.441928 0.442758 0.428676 0.434989 0.453365
4 0.434830 0.429746 0.424104 0.000000 0.440205 0.431893 0.439189 0.435555 0.395826 0.430789 0.437592
5 0.442497 0.446777 0.440387 0.444404 0.000000 0.441665 0.358773 0.399671 0.441483 0.409348 0.451159
6 0.435926 0.448931 0.440746 0.432992 0.438196 0.000000 0.441381 0.436184 0.436367 0.428598 0.414714
7 0.447061 0.453251 0.443024 0.446311 0.360416 0.444850 0.000000 0.401936 0.445215 0.414354 0.456538
8 0.441767 0.448200 0.439283 0.438118 0.397115 0.435085 0.397188 0.000000 0.435818 0.409971 0.445095
9 0.440489 0.435593 0.429042 0.402051 0.441665 0.439114 0.445398 0.439297 0.000000 0.435354 0.445827
10 0.431544 0.446676 0.434259 0.436085 0.408435 0.432432 0.413075 0.413075 0.434441 0.000000 0.439920
11 0.433187 0.454961 0.453182 0.441618 0.451525 0.415996 0.454164 0.448389 0.444912 0.439737 0.000000
