11
1 0.000000 0.319865 0.346801 0.309764 0.335017 0.353535 0.345118 0.311448 0.335017 0.333333 0.333333
2 0.326599 0.000000 0.312500 0.275338 0.282095 0.354730 0.317568 0.268128 0.189189 0.287162 0.288851
3 0.341751 0.305743 0.000000 0.256367 0.288625 0.337861 0.312394 0.273187 0.286927 0.276740 0.288625
4 0.297980 0.266892 0.251273 0.000000 0.244482 0.288396 0.258065 0.237774 0.273345 0.190476 0.189420
5 0.318182 0.278716 0.288625 0.251273 0.000000 0.327674 0.303905 0.227656 0.275042 0.280136 0.276740
6 0.345118 0.334459 0.327674 0.288396 0.324278 0.000000 0.183362 0.290051 0.337861 0.331633 0.322526
7 0.329966 0.304054 0.310696 0.273345 0.300509 0.190153 0.000000 0.279933 0.310696 0.288625 0.307301
8 0.304714 0.268128 0.271501 0.247892 0.236088 0.301855 0.291737 0.000000 0.264755 0.266442 0.266442
9 0.331650 0.182432 0.298812 0.281834 0.288625 0.341256 0.310696 0.263069 0.000000 0.286927 0.310696
10 0.333333 0.280405 0.278438 0.195578 0.275042 0.331633 0.283531 0.256324 0.280136 0.000000 0.215986
11 0.311448 0.275338 0.275042 0.186007 0.263158 0.317406 0.288625 0.254637 0.298812 0.205782 0.000000
