11
1 0.000000 0.884373 0.839972 0.845661 0.873938 0.866382 0.864789 0.822990 0.852088 0.886139 0.861407
2 0.898388 0.000000 0.840224 0.846531 0.868956 0.820603 0.823406 0.830413 0.831815 0.868255 0.861247
3 0.849218 0.846531 0.000000 0.649360 0.809490 0.807392 0.810563 0.634697 0.545648 0.791372 0.783937
4 0.849929 0.836720 0.649360 0.000000 0.808782 0.810945 0.811972 0.550776 0.684359 0.793494 0.778962
5 0.885977 0.880869 0.844901 0.819405 0.000000 0.869688 0.869014 0.811707 0.832272 0.859264 0.865439
6 0.889126 0.838122 0.840085 0.840796 0.873938 0.000000 0.771127 0.822285 0.831564 0.859264 0.869936
7 0.891549 0.845130 0.850000 0.847887 0.864789 0.765493 0.000000 0.833099 0.829577 0.859859 0.862676
8 0.837800 0.832516 0.643865 0.557123 0.801834 0.812412 0.811268 0.000000 0.663611 0.791961 0.770099
9 0.879689 0.839523 0.588818 0.717622 0.832980 0.823779 0.825352 0.700282 0.000000 0.818953 0.807502
10 0.878359 0.854940 0.792079 0.790665 0.837341 0.835219 0.836620 0.779267 0.791372 0.000000 0.695898
11 0.881308 0.857043 0.813788 0.809524 0.856232 0.854300 0.850704 0.796192 0.800425 0.723480 0.000000
