11
1 0.000000 0.657825 0.663130 0.660477 0.663130 0.661376 0.660477 0.657825 0.666667 0.653439 0.653439
2 0.668435 0.000000 0.665783 0.663130 0.671088 0.664021 0.623342 0.657825 0.656085 0.664021 0.658730
3 0.663130 0.660477 0.000000 0.641910 0.665783 0.656085 0.660477 0.663130 0.656085 0.634921 0.603175
4 0.665783 0.657825 0.647215 0.000000 0.663130 0.666667 0.660477 0.665783 0.642857 0.592593 0.640212
5 0.665783 0.668435 0.668435 0.660477 0.000000 0.669312 0.671088 0.663130 0.626984 0.666667 0.664021
6 0.666667 0.658730 0.658730 0.666667 0.669312 0.000000 0.661376 0.632275 0.664021 0.664021 0.658730
7 0.668435 0.620690 0.663130 0.663130 0.671088 0.664021 0.000000 0.665783 0.658730 0.653439 0.650794
8 0.663130 0.657825 0.660477 0.663130 0.665783 0.634921 0.665783 0.000000 0.661376 0.661376 0.661376
9 0.669312 0.653439 0.656085 0.642857 0.632275 0.666667 0.661376 0.666667 0.000000 0.658730 0.656085
10 0.664021 0.656085 0.640212 0.592593 0.664021 0.661376 0.650794 0.664021 0.653439 0.000000 0.634921
11 0.658730 0.650794 0.603175 0.642857 0.658730 0.664021 0.650794 0.661376 0.653439 0.642857 0.000000
