11
1 0.000000 0.953265 0.955715 0.954195 0.952988 0.953492 0.952746 0.950580 0.953003 0.954944 0.955952
2 0.953423 0.000000 0.909923 0.845631 0.906299 0.909254 0.868545 0.559145 0.904287 0.909312 0.910516
3 0.954332 0.908717 0.000000 0.907620 0.855169 0.839482 0.907762 0.905147 0.850516 0.839275 0.838209
4 0.954333 0.846402 0.909517 0.000000 0.905110 0.909649 0.865899 0.836515 0.903063 0.906493 0.911987
5 0.953106 0.906556 0.856237 0.904932 0.000000 0.852338 0.903023 0.900251 0.753263 0.857931 0.852659
6 0.953887 0.910103 0.841753 0.909333 0.853207 0.000000 0.909204 0.904851 0.853656 0.830496 0.773620
7 0.954148 0.869296 0.910191 0.866334 0.904287 0.909441 0.000000 0.862065 0.903122 0.910942 0.910330
8 0.951962 0.560152 0.907300 0.837068 0.901850 0.904812 0.861769 0.000000 0.900192 0.904219 0.906668
9 0.953931 0.904840 0.853004 0.903181 0.753540 0.853696 0.903201 0.899816 0.000000 0.856440 0.848443
10 0.955656 0.910162 0.841073 0.906177 0.858523 0.830496 0.909895 0.904140 0.856381 0.000000 0.829394
11 0.954351 0.909567 0.839159 0.910070 0.852205 0.771585 0.908197 0.904456 0.846962 0.828228 0.000000
