11
1 0.000000 0.928992 0.927467 0.927152 0.926444 0.930412 0.927126 0.928256 0.927179 0.928598 0.927494
2 0.928624 0.000000 0.745401 0.908388 0.915410 0.915379 0.921634 0.919426 0.919088 0.917954 0.911700
3 0.929676 0.745033 0.000000 0.911332 0.913571 0.917526 0.919396 0.921266 0.919456 0.918660 0.908723
4 0.927888 0.908021 0.911700 0.000000 0.908790 0.878587 0.915747 0.894408 0.905112 0.905813 0.890728
5 0.926444 0.915410 0.915778 0.909893 0.000000 0.917617 0.882677 0.923501 0.922030 0.918720 0.911732
6 0.931517 0.915011 0.917526 0.877483 0.917249 0.000000 0.920869 0.884474 0.912100 0.914612 0.903570
7 0.928966 0.921266 0.919028 0.916483 0.879367 0.922341 0.000000 0.924577 0.923869 0.923077 0.919764
8 0.929728 0.919058 0.921634 0.894408 0.923869 0.883738 0.924945 0.000000 0.919823 0.921266 0.910228
9 0.927915 0.918720 0.920559 0.902905 0.921662 0.912100 0.923869 0.918352 0.000000 0.890401 0.902538
10 0.928598 0.916115 0.919396 0.905077 0.915410 0.913876 0.921605 0.919426 0.888930 0.000000 0.909827
11 0.928598 0.910228 0.905778 0.889257 0.909893 0.903938 0.920869 0.909860 0.901067 0.908355 0.000000
