11
1 0.000000 0.955736 0.954148 0.954107 0.956080 0.954258 0.955637 0.957767 0.953651 0.954785 0.951766
2 0.956744 0.000000 0.925258 0.920336 0.897752 0.898527 0.901512 0.915882 0.920352 0.900039 0.784186
3 0.955309 0.926187 0.000000 0.785764 0.926187 0.925258 0.926535 0.932267 0.790250 0.924793 0.926807
4 0.955346 0.922234 0.785454 0.000000 0.926920 0.924635 0.923860 0.932148 0.479943 0.924519 0.921343
5 0.954567 0.895233 0.923825 0.924558 0.000000 0.850835 0.853376 0.912085 0.921049 0.854165 0.890737
6 0.954840 0.898760 0.923980 0.922737 0.851727 0.000000 0.853122 0.909450 0.921126 0.864045 0.892895
7 0.955443 0.900543 0.924986 0.921847 0.854733 0.852308 0.000000 0.912317 0.921165 0.870012 0.894731
8 0.958387 0.915843 0.931647 0.931103 0.914216 0.910031 0.913712 0.000000 0.931503 0.913096 0.910458
9 0.956052 0.922094 0.789631 0.479672 0.924572 0.923256 0.923488 0.932123 0.000000 0.924185 0.921436
10 0.955095 0.900232 0.924057 0.923667 0.856412 0.864859 0.871096 0.913289 0.923256 0.000000 0.896358
11 0.952348 0.783023 0.925722 0.919600 0.892482 0.892003 0.894925 0.909528 0.919074 0.895544 0.000000
