11
1 0.000000 0.725675 0.792309 0.836975 0.801260 0.835065 0.843812 0.786614 0.813526 0.817835 0.782465
2 0.708934 0.000000 0.511693 0.551473 0.515343 0.587003 0.596128 0.521372 0.564107 0.552994 0.490771
3 0.794795 0.514347 0.000000 0.503807 0.209889 0.634999 0.692588 0.318754 0.640285 0.395222 0.590639
4 0.831678 0.571996 0.521185 0.000000 0.523006 0.709715 0.709960 0.509765 0.688514 0.506124 0.621457
5 0.802420 0.522641 0.212046 0.526316 0.000000 0.660729 0.708968 0.352054 0.657759 0.399701 0.606131
6 0.839353 0.582055 0.680191 0.722250 0.677387 0.000000 0.324757 0.713673 0.674419 0.675078 0.611734
7 0.853905 0.604070 0.699206 0.713269 0.709133 0.330035 0.000000 0.705658 0.708306 0.713435 0.622116
8 0.794400 0.521537 0.327700 0.518040 0.359178 0.705591 0.701026 0.000000 0.653413 0.421471 0.616842
9 0.809050 0.563112 0.625021 0.670639 0.637510 0.666502 0.682826 0.642810 0.000000 0.681162 0.617337
10 0.819493 0.548847 0.398374 0.508110 0.396878 0.715322 0.722866 0.401922 0.688797 0.000000 0.645682
11 0.786256 0.502637 0.617831 0.646671 0.642551 0.620633 0.607614 0.623105 0.624094 0.647660 0.000000
