11
1 0.000000 0.522515 0.513951 0.521122 0.540360 0.482931 0.526132 0.517922 0.501570 0.501371 0.543045
2 0.522555 0.000000 0.449545 0.509160 0.422479 0.464094 0.458527 0.339851 0.481857 0.486030 0.422241
3 0.513911 0.449465 0.000000 0.498192 0.465204 0.457060 0.202734 0.451717 0.468839 0.475736 0.462917
4 0.521083 0.509121 0.498192 0.000000 0.524341 0.364782 0.510551 0.504292 0.261614 0.254699 0.522354
5 0.540400 0.422439 0.465244 0.524262 0.000000 0.487621 0.475021 0.422945 0.500298 0.503478 0.241644
6 0.483090 0.464094 0.457219 0.364821 0.487740 0.000000 0.468863 0.464711 0.322895 0.329531 0.487382
7 0.526132 0.458448 0.202774 0.510511 0.475140 0.468823 0.000000 0.461254 0.481817 0.486984 0.473511
8 0.517883 0.339731 0.451558 0.504173 0.422866 0.464632 0.461095 0.000000 0.482078 0.482117 0.423065
9 0.501451 0.481539 0.468760 0.261535 0.500298 0.322855 0.481658 0.482038 0.000000 0.229601 0.498927
10 0.501292 0.485831 0.475776 0.254660 0.503358 0.329452 0.486944 0.482117 0.229641 0.000000 0.500457
11 0.543203 0.422360 0.462997 0.522553 0.241723 0.487462 0.473511 0.423263 0.499086 0.500616 0.000000
