11
1 0.000000 0.979445 0.975478 0.973314 0.978002 0.969512 0.977682 0.970240 0.970133 0.971532 0.975891
2 0.975838 0.000000 0.925993 0.974757 0.965293 0.966284 0.974082 0.965938 0.971932 0.967928 0.965095
3 0.974396 0.933213 0.000000 0.977642 0.959567 0.965925 0.969042 0.967372 0.975171 0.970090 0.966535
4 0.972232 0.976199 0.973675 0.000000 0.969347 0.964849 0.969762 0.968089 0.866499 0.969009 0.970133
5 0.972593 0.964931 0.955235 0.973314 0.000000 0.964849 0.972642 0.967730 0.969054 0.968649 0.958258
6 0.972740 0.976686 0.968436 0.972382 0.975610 0.000000 0.970230 0.967372 0.968436 0.964132 0.971664
7 0.975882 0.976242 0.967603 0.974802 0.976242 0.962339 0.000000 0.936895 0.970493 0.972282 0.973012
8 0.974543 0.978487 0.973467 0.977770 0.976694 0.968447 0.942990 0.000000 0.972392 0.971316 0.973467
9 0.968694 0.975171 0.971932 0.869377 0.970853 0.964132 0.972652 0.964503 0.000000 0.969413 0.967974
10 0.975496 0.974414 0.970811 0.974054 0.974054 0.961980 0.976602 0.971316 0.970493 0.000000 0.969054
11 0.976250 0.970133 0.964736 0.969413 0.962936 0.968795 0.970853 0.970240 0.966535 0.967254 0.000000
