11
1 0.000000 0.527736 0.562014 0.552226 0.565325 0.552906 0.575758 0.546581 0.569465 0.567975 0.518457
2 0.538665 0.000000 0.463285 0.430723 0.442254 0.435273 0.480027 0.186488 0.440080 0.272833 0.412018
3 0.559861 0.467761 0.000000 0.482702 0.496935 0.491211 0.526639 0.469607 0.377471 0.499585 0.477404
4 0.557524 0.439828 0.484191 0.000000 0.154941 0.204105 0.441814 0.458705 0.483695 0.454395 0.381890
5 0.571949 0.440762 0.490638 0.152789 0.000000 0.191052 0.443248 0.457879 0.476719 0.458492 0.400099
6 0.547938 0.436433 0.493532 0.201291 0.190058 0.000000 0.434992 0.452924 0.470647 0.457546 0.378580
7 0.553900 0.483507 0.513195 0.426419 0.430986 0.430182 0.000000 0.481500 0.501411 0.480996 0.390167
8 0.556822 0.191939 0.477536 0.453089 0.466634 0.450446 0.482821 0.000000 0.466634 0.289065 0.426990
9 0.561517 0.433118 0.372819 0.464658 0.474731 0.464842 0.499419 0.457714 0.000000 0.459212 0.444463
10 0.540818 0.266203 0.486792 0.447111 0.461143 0.443449 0.490788 0.279980 0.454727 0.000000 0.421619
11 0.524748 0.415825 0.478232 0.369972 0.403079 0.385532 0.408376 0.429633 0.452905 0.422116 0.000000
