11
1 0.000000 0.859772 0.865710 0.838733 0.858352 0.861397 0.867501 0.850202 0.849098 0.858668 0.844428
2 0.858300 0.000000 0.810522 0.784689 0.804268 0.848162 0.850202 0.781008 0.571954 0.812293 0.800662
3 0.870125 0.808683 0.000000 0.779617 0.813834 0.836765 0.846578 0.782929 0.811626 0.802060 0.800294
4 0.838733 0.786161 0.780353 0.000000 0.788079 0.824632 0.825175 0.750828 0.782481 0.635996 0.646929
5 0.859088 0.807947 0.810890 0.785136 0.000000 0.850368 0.857984 0.780353 0.795806 0.809419 0.805443
6 0.864338 0.848162 0.837868 0.825735 0.849632 0.000000 0.563603 0.830882 0.851838 0.848897 0.844485
7 0.867501 0.849466 0.845475 0.824807 0.857984 0.561029 0.000000 0.834008 0.850939 0.848730 0.848474
8 0.850202 0.785425 0.784032 0.750092 0.782929 0.830147 0.834008 0.000000 0.776960 0.770335 0.763516
9 0.849466 0.570482 0.812362 0.779536 0.796542 0.847794 0.849098 0.774752 0.000000 0.796835 0.797352
10 0.858668 0.813397 0.804268 0.634155 0.811258 0.848529 0.848362 0.772543 0.797203 0.000000 0.696580
11 0.847738 0.803972 0.803236 0.648768 0.808018 0.844485 0.848106 0.766090 0.801030 0.698051 0.000000
