11
1 0.000000 0.836201 0.842503 0.835626 0.839642 0.837577 0.836201 0.834136 0.821748 0.843879 0.818432
2 0.837577 0.000000 0.810179 0.812242 0.746556 0.810736 0.711631 0.797521 0.780454 0.844567 0.780605
3 0.844567 0.813618 0.000000 0.755846 0.813618 0.780605 0.812242 0.790922 0.788171 0.837689 0.779230
4 0.837689 0.819120 0.760660 0.000000 0.803989 0.780605 0.807428 0.774415 0.766850 0.839065 0.757221
5 0.837577 0.743802 0.810179 0.800550 0.000000 0.802478 0.702684 0.776171 0.769443 0.836314 0.766162
6 0.838266 0.813489 0.781293 0.779230 0.807295 0.000000 0.801101 0.785960 0.775637 0.839752 0.774415
7 0.836889 0.711631 0.808803 0.798487 0.703372 0.801101 0.000000 0.782519 0.778390 0.832875 0.768226
8 0.831383 0.797521 0.788858 0.768913 0.778926 0.785960 0.783895 0.000000 0.748107 0.834938 0.743466
9 0.822436 0.783207 0.791609 0.764787 0.772195 0.779766 0.780454 0.752925 0.000000 0.832187 0.466300
10 0.842503 0.842503 0.835626 0.837689 0.833563 0.839752 0.831499 0.832875 0.830812 0.000000 0.815681
11 0.819807 0.785420 0.781981 0.757221 0.766162 0.773040 0.770977 0.747593 0.467675 0.819807 0.000000
