11
1 0.000000 0.850038 0.845102 0.812453 0.819286 0.840167 0.841306 0.849279 0.815490 0.840607 0.812453
2 0.848519 0.000000 0.323585 0.438070 0.493541 0.376614 0.349164 0.357523 0.464489 0.266793 0.441322
3 0.846241 0.323965 0.000000 0.394227 0.467148 0.328018 0.311432 0.319408 0.422712 0.223150 0.396506
4 0.811693 0.438070 0.393847 0.000000 0.257599 0.339787 0.413374 0.429711 0.192936 0.361290 0.054311
5 0.820046 0.493161 0.466388 0.257219 0.000000 0.431663 0.476064 0.487082 0.173946 0.427324 0.256741
6 0.841686 0.377752 0.328778 0.340926 0.433181 0.000000 0.337889 0.357631 0.388003 0.299810 0.343584
7 0.842065 0.349544 0.311432 0.413374 0.476444 0.336750 0.000000 0.290653 0.441701 0.266034 0.418534
8 0.847380 0.357903 0.319787 0.430091 0.487842 0.356872 0.290653 0.000000 0.455374 0.288046 0.431447
9 0.815110 0.465629 0.423092 0.193316 0.174706 0.387623 0.442081 0.455374 0.000000 0.390892 0.193316
10 0.839848 0.267552 0.223150 0.362049 0.428463 0.299431 0.266414 0.288046 0.390892 0.000000 0.365844
11 0.812073 0.441701 0.396506 0.054690 0.257501 0.342825 0.418914 0.431447 0.193316 0.365465 0.000000
