11
1 0.000000 0.953202 0.944026 0.946229 0.951367 0.949432 0.950083 0.948431 0.946020 0.956689 0.944026
2 0.943109 0.000000 0.697238 0.911711 0.937523 0.927996 0.933947 0.937017 0.930284 0.945821 0.918184
3 0.937420 0.709945 0.000000 0.915749 0.938858 0.927812 0.938178 0.937017 0.928271 0.943646 0.918735
4 0.944761 0.919787 0.919420 0.000000 0.929699 0.875595 0.931535 0.907122 0.905398 0.925294 0.880690
5 0.946229 0.941578 0.940332 0.925110 0.000000 0.936607 0.888684 0.941621 0.934675 0.943605 0.931789
6 0.949249 0.935874 0.930377 0.874863 0.940638 0.000000 0.939172 0.890436 0.920951 0.930561 0.914987
7 0.946596 0.940570 0.941674 0.932085 0.889788 0.936973 0.000000 0.938362 0.935041 0.945906 0.929399
8 0.942742 0.940700 0.937569 0.904001 0.943646 0.888421 0.936155 0.000000 0.924062 0.940516 0.919103
9 0.947850 0.939433 0.934858 0.910156 0.941994 0.924062 0.940348 0.929735 0.000000 0.917292 0.920037
10 0.951000 0.947115 0.942910 0.920338 0.941762 0.926347 0.943146 0.937385 0.910522 0.000000 0.929215
11 0.945495 0.926273 0.924435 0.878671 0.937672 0.912789 0.933076 0.922596 0.917292 0.934547 0.000000
