11
1 0.000000 0.771054 0.769851 0.758747 0.750878 0.791507 0.765571 0.778845 0.772908 0.770542 0.769161
2 0.770463 0.000000 0.291098 0.622555 0.458606 0.717233 0.625661 0.499704 0.642775 0.681998 0.445710
3 0.767701 0.289617 0.000000 0.622753 0.463648 0.715878 0.623315 0.502777 0.640461 0.682393 0.436808
4 0.757820 0.622615 0.623720 0.000000 0.586561 0.708890 0.502003 0.638875 0.526492 0.672961 0.621648
5 0.750108 0.458370 0.464733 0.586739 0.000000 0.693428 0.584559 0.487593 0.604833 0.653999 0.462665
6 0.789850 0.715515 0.715621 0.707410 0.692027 0.000000 0.709079 0.723899 0.719158 0.558042 0.714506
7 0.762692 0.623707 0.622267 0.499043 0.582802 0.708862 0.000000 0.636806 0.409523 0.671521 0.620591
8 0.776439 0.498579 0.502243 0.637336 0.486527 0.724274 0.637715 0.000000 0.653573 0.691864 0.502457
9 0.771784 0.642538 0.641152 0.525565 0.604892 0.720086 0.410885 0.654857 0.000000 0.686931 0.638316
10 0.769713 0.682156 0.683853 0.672902 0.654768 0.559364 0.674244 0.693404 0.688234 0.000000 0.681584
11 0.769043 0.445473 0.437874 0.621332 0.462764 0.716124 0.622032 0.503622 0.638770 0.681367 0.000000
