11
1 0.000000 0.929982 0.921677 0.932125 0.920508 0.912981 0.910411 0.911857 0.918052 0.914392 0.933596
2 0.930062 0.000000 0.914211 0.927028 0.917043 0.907067 0.905970 0.907739 0.875299 0.911086 0.929116
3 0.921637 0.914311 0.000000 0.868460 0.901250 0.801007 0.896114 0.809907 0.900912 0.902584 0.813172
4 0.932205 0.926889 0.868699 0.000000 0.912335 0.849995 0.910841 0.853619 0.914266 0.913947 0.898855
5 0.920568 0.916944 0.901250 0.912175 0.000000 0.889424 0.894482 0.890161 0.903742 0.899898 0.919121
6 0.912822 0.907127 0.800968 0.849915 0.889325 0.000000 0.883132 0.777953 0.890918 0.890440 0.855106
7 0.910391 0.905831 0.896054 0.910801 0.894442 0.882913 0.000000 0.885659 0.886674 0.634633 0.916154
8 0.911778 0.907838 0.809767 0.853559 0.890181 0.778211 0.885718 0.000000 0.890889 0.890296 0.857277
9 0.917973 0.875458 0.900952 0.914345 0.903762 0.891017 0.886694 0.890949 0.000000 0.891252 0.920933
10 0.914411 0.911146 0.902624 0.913927 0.899839 0.890400 0.634593 0.890216 0.891332 0.000000 0.918902
11 0.933736 0.929256 0.813132 0.898895 0.919200 0.855285 0.916353 0.857356 0.920853 0.918941 0.000000
