11
1 0.000000 0.959141 0.964279 0.971765 0.962606 0.958126 0.968978 0.970033 0.967251 0.973597 0.963644
2 0.959161 0.000000 0.932274 0.958279 0.927301 0.930544 0.926079 0.931957 0.930420 0.964934 0.929895
3 0.964119 0.932194 0.000000 0.962981 0.831206 0.944842 0.951232 0.953861 0.952120 0.968757 0.691926
4 0.971666 0.958240 0.963060 0.000000 0.962486 0.958980 0.967003 0.970409 0.968804 0.963679 0.963624
5 0.962447 0.927341 0.831345 0.962506 0.000000 0.938711 0.949543 0.950379 0.948935 0.968280 0.826700
6 0.957967 0.930465 0.944862 0.959019 0.938611 0.000000 0.949700 0.954360 0.953215 0.962624 0.941662
7 0.968898 0.926119 0.951391 0.967122 0.949682 0.949800 0.000000 0.894600 0.892435 0.972003 0.949866
8 0.970152 0.932036 0.953881 0.970608 0.950459 0.954479 0.894938 0.000000 0.765976 0.972461 0.952852
9 0.967430 0.930500 0.952220 0.968903 0.948995 0.953295 0.892694 0.765797 0.000000 0.973124 0.951244
10 0.973538 0.964894 0.968797 0.963838 0.968360 0.962703 0.972102 0.972421 0.972905 0.000000 0.968223
11 0.963823 0.930095 0.692305 0.963843 0.826979 0.941882 0.950025 0.952992 0.951224 0.968342 0.000000
