11
1 0.000000 0.940752 0.939590 0.936954 0.940729 0.927839 0.947608 0.945310 0.930851 0.943031 0.943411
2 0.940372 0.000000 0.932776 0.933156 0.797190 0.911128 0.944951 0.948348 0.910748 0.933536 0.943790
3 0.939970 0.933916 0.000000 0.933156 0.931231 0.900494 0.946469 0.944930 0.900418 0.937714 0.943790
4 0.938473 0.933916 0.934675 0.000000 0.933536 0.901253 0.944951 0.944170 0.902013 0.939992 0.937714
5 0.941869 0.797190 0.931611 0.934295 0.000000 0.917584 0.947988 0.947968 0.914134 0.940372 0.946069
6 0.930498 0.912647 0.900874 0.901253 0.916065 0.000000 0.937737 0.940752 0.294721 0.920623 0.936954
7 0.948367 0.946469 0.945710 0.943432 0.946469 0.936978 0.000000 0.949127 0.938117 0.948747 0.946469
8 0.945310 0.948728 0.945310 0.944170 0.946449 0.941132 0.949127 0.000000 0.941512 0.946449 0.942651
9 0.932371 0.911888 0.902319 0.901253 0.913374 0.293961 0.938117 0.942271 0.000000 0.917964 0.935055
10 0.943411 0.936194 0.938473 0.938853 0.939992 0.921762 0.949127 0.946449 0.918344 0.000000 0.945310
11 0.943031 0.945689 0.943790 0.935435 0.945310 0.935435 0.946469 0.944170 0.936574 0.945310 0.000000
