11
1 0.000000 0.363291 0.362333 0.380364 0.358748 0.353880 0.371206 0.366415 0.349377 0.374259 0.368438
2 0.359955 0.000000 0.281093 0.342912 0.139093 0.277238 0.334412 0.238828 0.319091 0.337123 0.310058
3 0.359635 0.280773 0.000000 0.340070 0.273747 0.184104 0.329493 0.283801 0.310116 0.335418 0.301250
4 0.378838 0.346002 0.338223 0.000000 0.341465 0.334941 0.193514 0.345150 0.306646 0.331510 0.347457
5 0.359174 0.142289 0.277902 0.341110 0.000000 0.274365 0.330457 0.234686 0.311069 0.336352 0.303185
6 0.359732 0.277947 0.186764 0.334445 0.274472 0.000000 0.327493 0.282700 0.311924 0.334622 0.302206
7 0.370603 0.334198 0.328889 0.193194 0.327048 0.322776 0.000000 0.333712 0.293816 0.316870 0.335843
8 0.362972 0.237620 0.285009 0.342308 0.230141 0.281387 0.337300 0.000000 0.313996 0.343730 0.307821
9 0.348419 0.317776 0.308942 0.304017 0.309471 0.313307 0.292714 0.315240 0.000000 0.242538 0.318689
10 0.372733 0.341920 0.339646 0.326217 0.337559 0.334516 0.317048 0.339716 0.242929 0.000000 0.344296
11 0.366592 0.308496 0.301321 0.348274 0.303079 0.300043 0.340780 0.308744 0.320820 0.341632 0.000000
