11
1 0.000000 0.732716 0.759790 0.815432 0.785472 0.752778 0.809127 0.818854 0.789846 0.841667 0.744444
2 0.733951 0.000000 0.581869 0.732777 0.594337 0.611677 0.616096 0.683303 0.671077 0.789441 0.602719
3 0.713537 0.568301 0.000000 0.718471 0.368113 0.654024 0.671909 0.713494 0.707077 0.801727 0.282146
4 0.825617 0.768922 0.746531 0.000000 0.766697 0.765215 0.814986 0.802526 0.800308 0.815375 0.767068
5 0.759926 0.598954 0.373653 0.755925 0.000000 0.669129 0.678363 0.682056 0.708000 0.815328 0.381040
6 0.727778 0.605190 0.674684 0.749768 0.662665 0.000000 0.752698 0.751386 0.731077 0.812288 0.664915
7 0.799568 0.641998 0.675301 0.798027 0.670976 0.732655 0.000000 0.519100 0.486462 0.834104 0.709220
8 0.807763 0.700555 0.726124 0.810228 0.711604 0.755699 0.497535 0.000000 0.368308 0.827172 0.725200
9 0.828000 0.664000 0.747692 0.806462 0.735385 0.727077 0.486154 0.369231 0.000000 0.832615 0.732308
10 0.834259 0.792529 0.801418 0.803026 0.814712 0.816301 0.833179 0.826556 0.825231 0.000000 0.822167
11 0.727161 0.600247 0.285538 0.753475 0.379501 0.672952 0.696886 0.724276 0.724615 0.815375 0.000000
