11
1 0.000000 0.714373 0.681013 0.697422 0.696543 0.709868 0.701225 0.704652 0.713848 0.691502 0.714319
2 0.717456 0.000000 0.599591 0.658774 0.601796 0.655548 0.598857 0.640385 0.309089 0.592673 0.665818
3 0.676617 0.580377 0.000000 0.593556 0.541889 0.602366 0.549174 0.562664 0.577883 0.309246 0.599157
4 0.699395 0.638485 0.588013 0.000000 0.610142 0.636963 0.624437 0.622271 0.647444 0.591951 0.634341
5 0.695144 0.600900 0.543468 0.623762 0.000000 0.627875 0.542824 0.598783 0.592287 0.545184 0.625446
6 0.709689 0.662843 0.613749 0.646070 0.633862 0.000000 0.635045 0.640405 0.662848 0.606919 0.601076
7 0.692006 0.596455 0.552062 0.625173 0.536457 0.631854 0.000000 0.603092 0.586698 0.555882 0.636439
8 0.699575 0.634596 0.567364 0.633393 0.599519 0.629883 0.605747 0.000000 0.634278 0.564455 0.639935
9 0.711785 0.310612 0.589883 0.654834 0.597309 0.663279 0.592779 0.639300 0.000000 0.586063 0.652255
10 0.684595 0.589984 0.312529 0.591897 0.538544 0.608873 0.551344 0.565263 0.580251 0.000000 0.604537
11 0.704869 0.653182 0.609181 0.638250 0.635022 0.605037 0.647288 0.647862 0.654586 0.606527 0.000000
