11
1 0.000000 0.501712 0.494949 0.503390 0.487437 0.486301 0.504245 0.511036 0.504245 0.496599 0.472175
2 0.493151 0.000000 0.459596 0.457627 0.467337 0.325901 0.468591 0.453311 0.473684 0.454082 0.364250
3 0.511784 0.476431 0.000000 0.489899 0.484087 0.454545 0.500000 0.309764 0.498316 0.335017 0.459596
4 0.505085 0.474576 0.483165 0.000000 0.430486 0.444068 0.230508 0.484746 0.232203 0.484746 0.443508
5 0.505863 0.492462 0.479062 0.433836 0.000000 0.474037 0.435511 0.495812 0.445561 0.497487 0.484087
6 0.484589 0.334477 0.436027 0.452542 0.453936 0.000000 0.463497 0.441426 0.460102 0.433673 0.308600
7 0.507640 0.492360 0.481481 0.228814 0.422111 0.480475 0.000000 0.490662 0.213922 0.490662 0.470489
8 0.517827 0.458404 0.292929 0.469492 0.480737 0.438031 0.494058 0.000000 0.487267 0.244482 0.445194
9 0.512733 0.492360 0.489899 0.230508 0.433836 0.466893 0.224109 0.495756 0.000000 0.502547 0.458685
10 0.511905 0.471088 0.306397 0.484746 0.497487 0.447279 0.492360 0.247878 0.497453 0.000000 0.460371
11 0.492411 0.384486 0.452862 0.445194 0.484087 0.327150 0.463744 0.453626 0.462057 0.456998 0.000000
