11
1 0.000000 0.866575 0.870014 0.867950 0.868638 0.868638 0.868638 0.867263 0.871389 0.868729 0.863824
2 0.868638 0.000000 0.855571 0.867263 0.865199 0.856946 0.863136 0.860385 0.852132 0.861856 0.858322
3 0.870014 0.855571 0.000000 0.863824 0.864512 0.856848 0.860289 0.863042 0.852030 0.859794 0.853508
4 0.868638 0.866575 0.864512 0.000000 0.803301 0.865887 0.866575 0.867950 0.869326 0.865979 0.860385
5 0.868638 0.865887 0.865887 0.804677 0.000000 0.863136 0.870014 0.867263 0.865887 0.868041 0.862448
6 0.867263 0.857634 0.856848 0.865199 0.863136 0.000000 0.850654 0.849277 0.856848 0.855670 0.848005
7 0.867263 0.859697 0.854095 0.865199 0.866575 0.848589 0.000000 0.856061 0.860882 0.857732 0.845254
8 0.865887 0.860385 0.863042 0.865887 0.867263 0.850654 0.859504 0.000000 0.863636 0.824055 0.837001
9 0.870014 0.854195 0.850654 0.867263 0.864512 0.856848 0.859504 0.862259 0.000000 0.859794 0.857634
10 0.868041 0.861856 0.858419 0.865979 0.868041 0.855670 0.861856 0.824742 0.863230 0.000000 0.844674
11 0.863824 0.856259 0.852820 0.861073 0.862448 0.848693 0.844567 0.837689 0.860385 0.843986 0.000000
