11
1 0.000000 0.320124 0.320124 0.309237 0.302477 0.335913 0.310526 0.329412 0.309642 0.328483 0.316718
2 0.314551 0.000000 0.095652 0.215323 0.141705 0.276866 0.219814 0.168892 0.219407 0.261085 0.153846
3 0.313003 0.097516 0.000000 0.218721 0.148837 0.283989 0.225387 0.173859 0.225587 0.264806 0.150434
4 0.309237 0.224900 0.224591 0.000000 0.199567 0.272783 0.169293 0.227371 0.175780 0.255175 0.230151
5 0.303715 0.144496 0.149147 0.197096 0.000000 0.262930 0.202786 0.161860 0.205501 0.246822 0.155039
6 0.340557 0.280892 0.280892 0.273092 0.262930 0.000000 0.278638 0.290802 0.281829 0.205946 0.284918
7 0.309907 0.226006 0.228483 0.167130 0.202786 0.280186 0.000000 0.230650 0.133498 0.254489 0.228793
8 0.326006 0.169823 0.171375 0.220266 0.162791 0.287086 0.225387 0.000000 0.225278 0.265736 0.171526
9 0.311805 0.225278 0.229295 0.175471 0.207973 0.279048 0.135352 0.232386 0.000000 0.255562 0.233622
10 0.321053 0.263566 0.265426 0.249923 0.248372 0.205636 0.256656 0.270078 0.253708 0.000000 0.264186
11 0.322910 0.159739 0.157258 0.223973 0.155969 0.285228 0.229721 0.176799 0.235167 0.265736 0.000000
