11
1 0.000000 0.949886 0.950247 0.949905 0.952526 0.950266 0.952526 0.949867 0.951006 0.951044 0.949487
2 0.950266 0.000000 0.942673 0.948387 0.948747 0.924829 0.946849 0.941913 0.923690 0.947249 0.944191
3 0.951006 0.942673 0.000000 0.944972 0.942271 0.942293 0.939613 0.935815 0.949487 0.947628 0.930877
4 0.950664 0.948767 0.945351 0.000000 0.908159 0.944972 0.872865 0.926755 0.950285 0.947628 0.931689
5 0.952146 0.945330 0.941512 0.905503 0.000000 0.943052 0.911094 0.930851 0.950228 0.948767 0.932776
6 0.949506 0.924070 0.943052 0.944592 0.943052 0.000000 0.945710 0.940775 0.943812 0.938899 0.943432
7 0.952146 0.944571 0.937334 0.872865 0.911094 0.946849 0.000000 0.928951 0.952128 0.949905 0.924421
8 0.949487 0.941534 0.936194 0.927894 0.931231 0.941154 0.931611 0.000000 0.946809 0.947249 0.913027
9 0.950247 0.922551 0.949867 0.950285 0.950228 0.943432 0.952128 0.946809 0.000000 0.952182 0.947588
10 0.950285 0.947628 0.946869 0.947628 0.948767 0.939658 0.949905 0.947628 0.952182 0.000000 0.948387
11 0.949107 0.942293 0.933156 0.933966 0.933916 0.945710 0.927839 0.913027 0.948348 0.948767 0.000000
