11
1 0.000000 0.963585 0.962893 0.958683 0.954031 0.961130 0.953767 0.954988 0.960080 0.952592 0.963131
2 0.963526 0.000000 0.903788 0.959942 0.956382 0.963382 0.960442 0.956904 0.963633 0.959624 0.906379
3 0.962261 0.903690 0.000000 0.960437 0.955038 0.961821 0.959040 0.955245 0.963100 0.958202 0.860081
4 0.958346 0.960298 0.960792 0.000000 0.935857 0.959450 0.955327 0.940550 0.959428 0.953481 0.959586
5 0.955355 0.957547 0.956540 0.936884 0.000000 0.956935 0.950153 0.877921 0.957039 0.947614 0.956836
6 0.961051 0.963580 0.962454 0.959470 0.956322 0.000000 0.955940 0.957319 0.870565 0.953421 0.963046
7 0.955663 0.962694 0.961450 0.957322 0.951160 0.957677 0.000000 0.953076 0.956487 0.922149 0.962200
8 0.956785 0.958326 0.957378 0.942071 0.878829 0.958444 0.952543 0.000000 0.957099 0.950663 0.957141
9 0.961995 0.966220 0.965489 0.961205 0.958323 0.871947 0.956960 0.957888 0.000000 0.955559 0.965075
10 0.953184 0.960691 0.959367 0.954369 0.947456 0.953974 0.921655 0.949932 0.954512 0.000000 0.960157
11 0.961786 0.905212 0.860398 0.958835 0.954979 0.962335 0.959494 0.954712 0.961975 0.958715 0.000000
