11
1 0.000000 0.815257 0.855387 0.864211 0.827041 0.840647 0.860087 0.869095 0.837243 0.874187 0.844970
2 0.800434 0.000000 0.741772 0.783315 0.697231 0.758273 0.777215 0.793365 0.600144 0.814467 0.754028
3 0.853941 0.771790 0.000000 0.814373 0.769507 0.616547 0.820976 0.836639 0.792494 0.854868 0.745793
4 0.852293 0.783676 0.817263 0.000000 0.726357 0.814389 0.837848 0.834115 0.806207 0.860600 0.821339
5 0.825243 0.711255 0.758720 0.733909 0.000000 0.775261 0.793959 0.783531 0.749371 0.839986 0.773720
6 0.850000 0.787770 0.621583 0.833813 0.785689 0.000000 0.837050 0.839209 0.796403 0.857554 0.768349
7 0.847795 0.801085 0.823870 0.852654 0.788206 0.830576 0.000000 0.867292 0.817755 0.818083 0.832796
8 0.869095 0.812477 0.839885 0.849261 0.795757 0.836691 0.868374 0.000000 0.826902 0.882438 0.837451
9 0.826416 0.601588 0.768315 0.799350 0.730313 0.764029 0.792855 0.806708 0.000000 0.828221 0.776226
10 0.884671 0.834720 0.852334 0.869989 0.841424 0.849640 0.799638 0.878832 0.850595 0.000000 0.843537
11 0.843537 0.769424 0.744719 0.832796 0.773720 0.744003 0.828500 0.831006 0.792338 0.848908 0.000000
