11
1 0.000000 0.795031 0.795597 0.809969 0.811321 0.805031 0.770440 0.796238 0.785047 0.782209 0.799373
2 0.813665 0.000000 0.748447 0.773292 0.736025 0.732919 0.776398 0.751553 0.708075 0.769939 0.757764
3 0.798742 0.745342 0.000000 0.750779 0.745283 0.663522 0.745283 0.686520 0.741433 0.763804 0.633229
4 0.816199 0.767081 0.775701 0.000000 0.803738 0.785047 0.806854 0.763240 0.753894 0.782209 0.763240
5 0.814465 0.742236 0.751572 0.772586 0.000000 0.740506 0.751572 0.749216 0.738318 0.763804 0.746082
6 0.798742 0.714286 0.641509 0.744548 0.731013 0.000000 0.764151 0.670846 0.747664 0.748466 0.667712
7 0.767296 0.767081 0.738994 0.788162 0.754717 0.770440 0.000000 0.755486 0.760125 0.493865 0.758621
8 0.799373 0.754658 0.686520 0.741433 0.764890 0.689655 0.758621 0.000000 0.738318 0.745399 0.708464
9 0.791277 0.701863 0.744548 0.766355 0.766355 0.769470 0.732087 0.753894 0.000000 0.742331 0.747664
10 0.822086 0.776074 0.779141 0.785276 0.782209 0.769939 0.496933 0.754601 0.751534 0.000000 0.760736
11 0.808777 0.757764 0.636364 0.741433 0.746082 0.683386 0.758621 0.708464 0.735202 0.748466 0.000000
