11
1 0.000000 0.972106 0.970049 0.966503 0.962481 0.968794 0.963198 0.964074 0.969180 0.960835 0.970051
2 0.972166 0.000000 0.909808 0.967845 0.964739 0.971150 0.970354 0.966014 0.973062 0.968164 0.911480
3 0.970129 0.909867 0.000000 0.968377 0.963597 0.970029 0.968197 0.965051 0.973102 0.966649 0.865748
4 0.966663 0.967925 0.968436 0.000000 0.943920 0.967479 0.964512 0.949197 0.968702 0.962568 0.967343
5 0.962481 0.964739 0.963657 0.943781 0.000000 0.964769 0.958950 0.884819 0.965955 0.955440 0.963002
6 0.968833 0.971230 0.970129 0.967619 0.964949 0.000000 0.965227 0.966402 0.877038 0.961771 0.970569
7 0.963118 0.970334 0.968158 0.964372 0.958850 0.965148 0.000000 0.961600 0.965198 0.930033 0.968856
8 0.964054 0.965954 0.964951 0.949038 0.884739 0.966203 0.961500 0.000000 0.965477 0.958466 0.963639
9 0.969379 0.973003 0.973003 0.968702 0.966074 0.876979 0.965317 0.965656 0.000000 0.963526 0.971828
10 0.960935 0.968343 0.966908 0.962667 0.955559 0.961891 0.930233 0.958785 0.963585 0.000000 0.967127
11 0.970131 0.911500 0.865887 0.967303 0.962982 0.970410 0.968956 0.963679 0.971728 0.966888 0.000000
