11
1 0.000000 0.898854 0.883736 0.848831 0.894702 0.893388 0.887950 0.896912 0.883914 0.873221 0.873277
2 0.900681 0.000000 0.703047 0.873529 0.908910 0.842975 0.771590 0.785525 0.677944 0.718140 0.902346
3 0.893673 0.712984 0.000000 0.845313 0.894502 0.708760 0.563763 0.655349 0.309871 0.496690 0.875124
4 0.855959 0.872369 0.830242 0.000000 0.725841 0.846281 0.854467 0.887452 0.833250 0.829692 0.702801
5 0.895366 0.905419 0.887380 0.722029 0.000000 0.891240 0.897895 0.904216 0.881758 0.890103 0.842254
6 0.887769 0.844959 0.724463 0.844132 0.896364 0.000000 0.778017 0.797686 0.676364 0.737686 0.876529
7 0.895574 0.777225 0.546373 0.847671 0.903862 0.767438 0.000000 0.776562 0.515995 0.445217 0.898061
8 0.900730 0.792331 0.663134 0.884469 0.909695 0.804959 0.757169 0.000000 0.644776 0.693644 0.888114
9 0.886235 0.715755 0.308215 0.830598 0.885738 0.694380 0.518813 0.652902 0.000000 0.432307 0.858375
10 0.883813 0.724098 0.496028 0.833664 0.895564 0.716694 0.442734 0.695796 0.434624 0.000000 0.863952
11 0.869789 0.894693 0.871812 0.701309 0.845080 0.883471 0.893420 0.888114 0.876783 0.873552 0.000000
