11
1 0.000000 0.910206 0.903506 0.916878 0.903144 0.891941 0.880014 0.902060 0.898446 0.904228 0.918684
2 0.915254 0.000000 0.899026 0.913451 0.894699 0.887486 0.883520 0.904436 0.860079 0.893978 0.912369
3 0.898807 0.886405 0.000000 0.848803 0.867897 0.753534 0.855382 0.776650 0.868936 0.886149 0.762872
4 0.907481 0.905878 0.841189 0.000000 0.882374 0.824212 0.878579 0.832423 0.883780 0.893260 0.864924
5 0.908204 0.886765 0.874774 0.900832 0.000000 0.882374 0.884184 0.891060 0.887803 0.889251 0.910242
6 0.891218 0.886405 0.778905 0.851758 0.880565 0.000000 0.863719 0.776731 0.879435 0.881841 0.835810
7 0.883628 0.875225 0.860094 0.895614 0.875136 0.859732 0.000000 0.866981 0.862419 0.609641 0.897427
8 0.890134 0.892535 0.789340 0.841894 0.877307 0.772019 0.870243 0.000000 0.873280 0.880015 0.838780
9 0.893025 0.842048 0.864591 0.885590 0.872964 0.872918 0.854091 0.864229 0.000000 0.871832 0.887400
10 0.899892 0.879192 0.881436 0.893625 0.878755 0.876405 0.613628 0.886944 0.879797 0.000000 0.899419
11 0.912902 0.906960 0.762872 0.877633 0.906985 0.815513 0.886553 0.828976 0.884504 0.893609 0.000000
