11
1 0.000000 0.944065 0.943811 0.952199 0.948878 0.938136 0.950854 0.943963 0.942892 0.950926 0.955290
2 0.944224 0.000000 0.827546 0.891546 0.857398 0.740307 0.863857 0.873391 0.783370 0.871246 0.894009
3 0.944049 0.827229 0.000000 0.888465 0.857398 0.801057 0.757211 0.859766 0.830757 0.866328 0.894735
4 0.952318 0.891626 0.888346 0.000000 0.851956 0.879331 0.910926 0.903524 0.893909 0.864068 0.689792
5 0.949037 0.857239 0.857478 0.852195 0.000000 0.840357 0.886316 0.879642 0.868282 0.822562 0.857835
6 0.938255 0.740346 0.801057 0.879291 0.840516 0.000000 0.841279 0.846472 0.662349 0.852591 0.883622
7 0.950973 0.863737 0.757211 0.910767 0.886236 0.841001 0.000000 0.888399 0.865356 0.894239 0.912952
8 0.943884 0.873550 0.859845 0.903763 0.879563 0.846392 0.888478 0.000000 0.871200 0.888898 0.910103
9 0.943210 0.783648 0.831194 0.893909 0.868044 0.662270 0.865038 0.871279 0.000000 0.872805 0.899098
10 0.950687 0.871564 0.866367 0.864108 0.822403 0.852432 0.894199 0.888620 0.872566 0.000000 0.868354
11 0.955329 0.894128 0.895053 0.689832 0.857597 0.883543 0.912992 0.910142 0.899058 0.868275 0.000000
