11
1 0.000000 0.675275 0.674516 0.663881 0.679073 0.656665 0.687049 0.680592 0.664641 0.665021 0.656286
2 0.674896 0.000000 0.645137 0.643617 0.690467 0.679331 0.687049 0.680851 0.649829 0.672617 0.682112
3 0.674136 0.645517 0.000000 0.625380 0.688568 0.666793 0.687809 0.677812 0.634637 0.667679 0.671098
4 0.663881 0.643997 0.625760 0.000000 0.674136 0.652736 0.684770 0.672112 0.593999 0.658944 0.661223
5 0.678694 0.690467 0.689328 0.674136 0.000000 0.668819 0.545765 0.584125 0.681732 0.611850 0.674896
6 0.655906 0.679711 0.666413 0.652736 0.669199 0.000000 0.680592 0.671733 0.660843 0.665401 0.601595
7 0.687049 0.687429 0.687809 0.684390 0.546525 0.680592 0.000000 0.587163 0.687049 0.627801 0.686669
8 0.680213 0.680471 0.677432 0.671733 0.584504 0.670973 0.586783 0.000000 0.670718 0.603874 0.676035
9 0.664641 0.650589 0.635397 0.595139 0.682871 0.661983 0.688188 0.672237 0.000000 0.657425 0.658944
10 0.664641 0.672617 0.666920 0.658185 0.611090 0.665021 0.626662 0.602735 0.656286 0.000000 0.658944
11 0.656665 0.683251 0.671477 0.661223 0.675275 0.601595 0.686289 0.676415 0.658564 0.660843 0.000000
