11
1 0.000000 0.838132 0.832311 0.796754 0.808574 0.822028 0.835054 0.839077 0.798067 0.827956 0.796656
2 0.838995 0.000000 0.275602 0.386577 0.464747 0.327780 0.315627 0.328557 0.422996 0.241728 0.386205
3 0.833350 0.275974 0.000000 0.344938 0.429851 0.279305 0.269979 0.286691 0.385533 0.175629 0.344684
4 0.797263 0.386087 0.344194 0.000000 0.224645 0.283018 0.368551 0.385774 0.153923 0.318640 0.012884
5 0.809672 0.464943 0.429322 0.225351 0.000000 0.377482 0.447771 0.463826 0.145003 0.409188 0.223351
6 0.822812 0.328035 0.279148 0.283430 0.377972 0.000000 0.310316 0.327702 0.328035 0.253796 0.283155
7 0.836152 0.316410 0.270253 0.369648 0.448183 0.310258 0.000000 0.252062 0.406701 0.244843 0.369413
8 0.839881 0.328518 0.286025 0.385891 0.463336 0.327212 0.250867 0.000000 0.422970 0.259320 0.385460
9 0.798283 0.423173 0.385200 0.154256 0.144963 0.327761 0.406231 0.423284 0.000000 0.363875 0.152217
10 0.829210 0.242198 0.175727 0.319346 0.409737 0.254187 0.244823 0.260359 0.364443 0.000000 0.318915
11 0.796734 0.385656 0.343626 0.012452 0.222723 0.282450 0.367944 0.384989 0.151512 0.317739 0.000000
