11
1 0.000000 0.887008 0.898124 0.902834 0.884063 0.899153 0.892936 0.898455 0.894369 0.898087 0.901030
2 0.888848 0.000000 0.795513 0.817446 0.333579 0.797203 0.809051 0.788079 0.827688 0.814570 0.821192
3 0.897757 0.797352 0.000000 0.847738 0.788893 0.828613 0.842957 0.541743 0.854726 0.856933 0.855462
4 0.902834 0.819654 0.848106 0.000000 0.806036 0.853147 0.857248 0.853569 0.866397 0.860927 0.867550
5 0.884799 0.333211 0.788157 0.804196 0.000000 0.789474 0.800957 0.778882 0.820258 0.809051 0.815673
6 0.898417 0.797939 0.826775 0.852411 0.788370 0.000000 0.848418 0.821928 0.866397 0.859823 0.861295
7 0.891832 0.811626 0.840750 0.856512 0.801324 0.849522 0.000000 0.835541 0.747976 0.856144 0.858352
8 0.896615 0.789919 0.542479 0.852097 0.781089 0.820824 0.836277 0.000000 0.853937 0.852833 0.848050
9 0.895105 0.826951 0.851048 0.861980 0.819153 0.863820 0.746137 0.853201 0.000000 0.862767 0.863503
10 0.898087 0.813834 0.855094 0.859455 0.810890 0.857616 0.854673 0.852465 0.864238 0.000000 0.632818
11 0.900662 0.822664 0.854726 0.867918 0.816041 0.860191 0.856880 0.847314 0.866814 0.630979 0.000000
