11
1 0.000000 0.662448 0.674497 0.660588 0.648819 0.663401 0.648582 0.628932 0.608591 0.672775 0.586770
2 0.654024 0.000000 0.547622 0.538284 0.400036 0.549059 0.389419 0.497565 0.466596 0.661943 0.452062
3 0.674071 0.550892 0.000000 0.412574 0.536259 0.455378 0.515630 0.475158 0.482393 0.661304 0.472010
4 0.661475 0.541229 0.415271 0.000000 0.523382 0.447346 0.508232 0.457494 0.457565 0.656223 0.448165
5 0.651093 0.392823 0.535797 0.523240 0.000000 0.525985 0.351063 0.475608 0.445083 0.643618 0.431122
6 0.671104 0.547959 0.457260 0.448907 0.518033 0.000000 0.521272 0.477032 0.472879 0.659602 0.462514
7 0.641983 0.393038 0.524430 0.510325 0.353866 0.523259 0.000000 0.462442 0.435511 0.633219 0.418615
8 0.635223 0.494651 0.474874 0.457458 0.474543 0.472169 0.462939 0.000000 0.422258 0.624405 0.405364
9 0.606425 0.467767 0.481896 0.464093 0.445509 0.478097 0.436398 0.422187 0.000000 0.594959 0.165427
10 0.668691 0.659244 0.657291 0.649340 0.643938 0.663010 0.629599 0.623269 0.594746 0.000000 0.586310
11 0.599950 0.457518 0.473994 0.451176 0.439768 0.469600 0.421414 0.411813 0.166844 0.583546 0.000000
