11
1 0.000000 0.783435 0.734043 0.725892 0.774316 0.712115 0.709077 0.723235 0.746393 0.772762 0.751044
2 0.782295 0.000000 0.709347 0.716401 0.684271 0.712495 0.692366 0.714123 0.507593 0.775038 0.735863
3 0.733283 0.710866 0.000000 0.605543 0.686930 0.379035 0.560577 0.606302 0.645786 0.655918 0.645161
4 0.726272 0.717160 0.605543 0.000000 0.684131 0.589977 0.487092 0.236143 0.641989 0.697269 0.584440
5 0.773176 0.684650 0.686930 0.682992 0.000000 0.682871 0.663502 0.682232 0.609339 0.740137 0.715370
6 0.711736 0.714014 0.379035 0.589977 0.681732 0.000000 0.537790 0.595672 0.646545 0.643778 0.625047
7 0.709077 0.691986 0.560197 0.486333 0.663122 0.537410 0.000000 0.479499 0.625664 0.663885 0.480455
8 0.723614 0.714503 0.606682 0.236143 0.682232 0.595292 0.479499 0.000000 0.643508 0.687784 0.581784
9 0.746393 0.507213 0.645786 0.642369 0.609339 0.646925 0.626424 0.644647 0.000000 0.720030 0.691461
10 0.773520 0.774279 0.655539 0.696889 0.740516 0.643399 0.664264 0.687405 0.720789 0.000000 0.699545
11 0.752562 0.738520 0.645161 0.585199 0.716129 0.626945 0.480835 0.582922 0.692220 0.699545 0.000000
