11
1 0.000000 0.786161 0.868879 0.897126 0.894337 0.806684 0.878878 0.868184 0.855471 0.903935 0.861053
2 0.785139 0.000000 0.717202 0.734939 0.709811 0.604148 0.736182 0.679186 0.617835 0.784045 0.691064
3 0.873313 0.705362 0.000000 0.689209 0.670197 0.703727 0.683737 0.618704 0.787952 0.843508 0.637550
4 0.912429 0.760760 0.698240 0.000000 0.515859 0.750009 0.463140 0.606297 0.824195 0.878078 0.603681
5 0.891699 0.719875 0.667415 0.509641 0.000000 0.719088 0.501068 0.563352 0.797703 0.855820 0.567441
6 0.812805 0.607018 0.701734 0.735835 0.701929 0.000000 0.730338 0.670846 0.709275 0.683458 0.693009
7 0.867484 0.732666 0.680490 0.463158 0.500673 0.727269 0.000000 0.584105 0.806223 0.856915 0.598109
8 0.853064 0.668604 0.615942 0.593789 0.565755 0.682917 0.580033 0.000000 0.768744 0.816312 0.514457
9 0.852994 0.625424 0.802868 0.824607 0.809513 0.724389 0.826643 0.777443 0.000000 0.850222 0.798040
10 0.893685 0.779416 0.835320 0.848798 0.840420 0.686941 0.850006 0.824831 0.840080 0.000000 0.833501
11 0.849907 0.685144 0.625503 0.598502 0.566795 0.688880 0.595614 0.512466 0.780502 0.826004 0.000000
