11
1 0.000000 0.763858 0.773377 0.773908 0.780595 0.775499 0.776736 0.771051 0.778761 0.767956 0.770637
2 0.761086 0.000000 0.645765 0.732449 0.729879 0.414634 0.737596 0.680793 0.732854 0.701105 0.428255
3 0.778328 0.666667 0.000000 0.749175 0.751925 0.661166 0.750275 0.391089 0.754125 0.413641 0.671067
4 0.771144 0.706468 0.744774 0.000000 0.578831 0.719182 0.288313 0.736379 0.278607 0.744751 0.704809
5 0.786108 0.739250 0.749725 0.605292 0.000000 0.733186 0.595921 0.749587 0.605843 0.753032 0.740904
6 0.767184 0.417406 0.646865 0.716418 0.731533 0.000000 0.733186 0.691249 0.728429 0.681215 0.414958
7 0.778942 0.728776 0.739824 0.282800 0.599228 0.719956 0.000000 0.740231 0.252481 0.737045 0.727674
8 0.783159 0.690149 0.393839 0.740781 0.735828 0.670886 0.751238 0.000000 0.735828 0.338470 0.678591
9 0.779314 0.739491 0.754675 0.274737 0.603087 0.737279 0.250827 0.750688 0.000000 0.756906 0.743916
10 0.774586 0.697790 0.407041 0.743646 0.733186 0.672928 0.735943 0.331866 0.754144 0.000000 0.688950
11 0.760665 0.430471 0.658416 0.718629 0.712789 0.407202 0.717751 0.665933 0.714602 0.678453 0.000000
