11
1 0.000000 0.370558 0.331081 0.318105 0.346870 0.331081 0.329949 0.355330 0.331641 0.342905 0.355330
2 0.351946 0.000000 0.287162 0.318569 0.320273 0.270270 0.317487 0.244898 0.289608 0.336149 0.347530
3 0.319257 0.304054 0.000000 0.300676 0.280405 0.278716 0.256757 0.280405 0.204392 0.317568 0.329392
4 0.299492 0.325383 0.277027 0.000000 0.270869 0.280405 0.261460 0.306122 0.290598 0.283784 0.291809
5 0.336717 0.332198 0.270270 0.282794 0.000000 0.298986 0.258065 0.312925 0.286201 0.241554 0.342419
6 0.322635 0.278716 0.271959 0.290541 0.298986 0.000000 0.283784 0.236486 0.283784 0.302365 0.353041
7 0.324873 0.325976 0.243243 0.276740 0.256367 0.278716 0.000000 0.278438 0.281834 0.263514 0.327674
8 0.336717 0.251701 0.277027 0.312925 0.306122 0.231419 0.276740 0.000000 0.277211 0.344595 0.335034
9 0.313029 0.293015 0.195946 0.294017 0.281090 0.275338 0.278438 0.275510 0.000000 0.307432 0.322526
10 0.337838 0.353041 0.302365 0.293919 0.244932 0.315878 0.266892 0.353041 0.320946 0.000000 0.358108
11 0.346870 0.350937 0.314189 0.307167 0.332198 0.358108 0.324278 0.331633 0.341297 0.354730 0.000000
