11
1 0.000000 0.945503 0.945323 0.947599 0.951410 0.946646 0.953887 0.951219 0.951791 0.946867 0.945694
2 0.945503 0.000000 0.913698 0.920907 0.933486 0.918620 0.928721 0.933105 0.916905 0.926109 0.917095
3 0.946085 0.913888 0.000000 0.923604 0.936750 0.928367 0.935035 0.928177 0.877500 0.928585 0.925891
4 0.945312 0.919001 0.920366 0.000000 0.939550 0.923356 0.936308 0.934592 0.928299 0.930870 0.831268
5 0.949886 0.931580 0.935797 0.938596 0.000000 0.919161 0.927332 0.919146 0.937643 0.921920 0.938227
6 0.945312 0.917286 0.924557 0.925643 0.918780 0.000000 0.782650 0.911153 0.925071 0.778138 0.921449
7 0.951601 0.927578 0.931606 0.935355 0.926759 0.779409 0.000000 0.922387 0.930397 0.671682 0.930029
8 0.949886 0.930627 0.927224 0.934020 0.917811 0.909628 0.922006 0.000000 0.934592 0.916397 0.926978
9 0.951029 0.917477 0.875405 0.928680 0.938024 0.923928 0.932304 0.934783 0.000000 0.927823 0.927931
10 0.947819 0.926871 0.928395 0.932775 0.923062 0.779090 0.674538 0.918301 0.928775 0.000000 0.929728
11 0.946075 0.914999 0.923986 0.833365 0.936892 0.921830 0.932507 0.928122 0.926215 0.928014 0.000000
