11
1 0.000000 0.854783 0.852234 0.862948 0.852719 0.853508 0.860193 0.857045 0.857634 0.865199 0.850757
2 0.856160 0.000000 0.837113 0.852030 0.834136 0.838377 0.832760 0.842612 0.834938 0.856259 0.835626
3 0.853608 0.836426 0.000000 0.857732 0.749141 0.836426 0.851546 0.852234 0.846048 0.862543 0.646735
4 0.860882 0.852030 0.854983 0.000000 0.854783 0.852820 0.860193 0.856357 0.857634 0.856946 0.852820
5 0.852719 0.836889 0.747079 0.854095 0.000000 0.834938 0.847213 0.852234 0.844567 0.859010 0.763411
6 0.853508 0.837689 0.833677 0.855571 0.837001 0.000000 0.849381 0.852234 0.852132 0.856946 0.845942
7 0.860193 0.829319 0.849485 0.860882 0.845836 0.850069 0.000000 0.806873 0.801926 0.861761 0.852132
8 0.856357 0.843986 0.851546 0.859794 0.852234 0.851546 0.810997 0.000000 0.750515 0.861856 0.850172
9 0.858322 0.835626 0.846048 0.858322 0.843879 0.850069 0.801926 0.745017 0.000000 0.856946 0.843879
10 0.863136 0.855571 0.860481 0.857634 0.859010 0.854883 0.860385 0.860481 0.857634 0.000000 0.860385
11 0.852820 0.837001 0.646735 0.850757 0.766850 0.845942 0.854883 0.852234 0.844567 0.861073 0.000000
