11
1 0.000000 0.561364 0.568182 0.565909 0.561364 0.565909 0.556818 0.554545 0.565909 0.555556 0.551020
2 0.561364 0.000000 0.559091 0.563636 0.488636 0.447727 0.565909 0.477273 0.565909 0.571429 0.555556
3 0.570455 0.556818 0.000000 0.436364 0.556818 0.563636 0.545455 0.554545 0.545455 0.566893 0.530612
4 0.565909 0.563636 0.434091 0.000000 0.554545 0.565909 0.554545 0.556818 0.538636 0.571429 0.537415
5 0.559091 0.486364 0.554545 0.554545 0.000000 0.477273 0.554545 0.490909 0.545455 0.566893 0.539683
6 0.568182 0.447727 0.559091 0.565909 0.481818 0.000000 0.565909 0.484091 0.561364 0.569161 0.551020
7 0.559091 0.563636 0.540909 0.552273 0.554545 0.561364 0.000000 0.556818 0.448747 0.560091 0.532880
8 0.554545 0.477273 0.554545 0.554545 0.493182 0.481818 0.559091 0.000000 0.556818 0.569161 0.535147
9 0.565909 0.563636 0.545455 0.540909 0.547727 0.563636 0.444191 0.554545 0.000000 0.562358 0.539683
10 0.553288 0.569161 0.557823 0.569161 0.566893 0.569161 0.555556 0.564626 0.560091 0.000000 0.553288
11 0.553288 0.557823 0.521542 0.532880 0.546485 0.553288 0.535147 0.537415 0.541950 0.557823 0.000000
