11
1 0.000000 0.526455 0.503979 0.457672 0.526455 0.452381 0.453581 0.468254 0.489418 0.542328 0.486772
2 0.523810 0.000000 0.529101 0.460317 0.470899 0.500000 0.447090 0.460317 0.365079 0.526455 0.502645
3 0.509284 0.529101 0.000000 0.425926 0.513228 0.362434 0.445623 0.428571 0.515873 0.505291 0.500000
4 0.457672 0.460317 0.428571 0.000000 0.428571 0.365079 0.306878 0.158730 0.404762 0.455026 0.386243
5 0.523810 0.470899 0.515873 0.428571 0.000000 0.462963 0.428571 0.439153 0.431217 0.492063 0.470899
6 0.452381 0.500000 0.365079 0.365079 0.462963 0.000000 0.365079 0.383598 0.404762 0.460317 0.417989
7 0.450928 0.447090 0.437666 0.304233 0.425926 0.362434 0.000000 0.312169 0.420635 0.465608 0.328042
8 0.468254 0.460317 0.431217 0.158730 0.439153 0.386243 0.317460 0.000000 0.425926 0.465608 0.415344
9 0.489418 0.365079 0.515873 0.404762 0.431217 0.407407 0.423280 0.425926 0.000000 0.497355 0.478836
10 0.544974 0.526455 0.505291 0.452381 0.489418 0.460317 0.465608 0.462963 0.494709 0.000000 0.494709
11 0.489418 0.510582 0.500000 0.386243 0.470899 0.420635 0.330688 0.412698 0.478836 0.494709 0.000000
