11
1 0.000000 0.740768 0.690804 0.682838 0.721216 0.665460 0.658943 0.680666 0.700941 0.726483 0.724837
2 0.744388 0.000000 0.682114 0.685011 0.653150 0.671253 0.669805 0.679218 0.478639 0.714906 0.738595
3 0.688631 0.681390 0.000000 0.579710 0.650725 0.376812 0.542754 0.597393 0.637681 0.633140 0.652899
4 0.680666 0.685735 0.579710 0.000000 0.641304 0.546377 0.450000 0.235337 0.625362 0.654848 0.589130
5 0.718320 0.651702 0.649275 0.640580 0.000000 0.636232 0.629710 0.645909 0.589855 0.683068 0.706309
6 0.663287 0.671253 0.376812 0.546377 0.636232 0.000000 0.515217 0.579290 0.607971 0.600579 0.617391
7 0.657495 0.667632 0.542754 0.450725 0.630435 0.515942 0.000000 0.458364 0.610145 0.640376 0.476087
8 0.679942 0.679942 0.597393 0.236061 0.647357 0.579290 0.458364 0.000000 0.629254 0.651230 0.582911
9 0.699493 0.477190 0.637681 0.625362 0.589855 0.608696 0.610870 0.629254 0.000000 0.683068 0.705797
10 0.726483 0.712735 0.633140 0.656295 0.685239 0.601302 0.641100 0.652677 0.683068 0.000000 0.704776
11 0.729182 0.740043 0.652899 0.589130 0.703408 0.618116 0.475362 0.582187 0.704348 0.701881 0.000000
