11
1 0.000000 0.593327 0.623260 0.591420 0.589973 0.607129 0.608580 0.590467 0.634700 0.643606 0.616015
2 0.591802 0.000000 0.268446 0.246233 0.402211 0.230843 0.163584 0.399047 0.256914 0.376787 0.285850
3 0.622307 0.269971 0.000000 0.321449 0.463210 0.215593 0.325643 0.460439 0.380362 0.429007 0.339180
4 0.588751 0.246424 0.320877 0.000000 0.392299 0.289745 0.292850 0.393327 0.345604 0.415285 0.351831
5 0.589783 0.403355 0.464163 0.392680 0.000000 0.444148 0.433664 0.158216 0.479413 0.517057 0.464735
6 0.605795 0.232368 0.215593 0.290126 0.445292 0.000000 0.289363 0.439764 0.349790 0.403850 0.301182
7 0.607245 0.164347 0.324690 0.293041 0.433473 0.289363 0.000000 0.434890 0.308675 0.407852 0.330601
8 0.589132 0.399428 0.460629 0.393899 0.157453 0.438048 0.436034 0.000000 0.475119 0.519535 0.467302
9 0.633746 0.257105 0.381125 0.345985 0.478079 0.349981 0.308675 0.476072 0.000000 0.457404 0.391114
10 0.644559 0.377549 0.429198 0.415285 0.516867 0.402706 0.408996 0.520678 0.456070 0.000000 0.398323
11 0.614871 0.286995 0.339180 0.352021 0.462829 0.300991 0.330982 0.466730 0.391686 0.398513 0.000000
