11
1 0.000000 0.833448 0.830241 0.825310 0.824622 0.824501 0.841707 0.824501 0.828630 0.830241 0.834136
2 0.833448 0.000000 0.816495 0.813618 0.815681 0.810736 0.833218 0.821060 0.811983 0.817869 0.687543
3 0.830928 0.819244 0.000000 0.760137 0.716838 0.767010 0.823368 0.781443 0.687285 0.762199 0.817869
4 0.825997 0.815681 0.758763 0.000000 0.740715 0.772352 0.821183 0.732462 0.725585 0.649485 0.814993
5 0.824622 0.815681 0.714777 0.742091 0.000000 0.774415 0.817744 0.768226 0.698074 0.745704 0.818432
6 0.822436 0.808672 0.763574 0.772352 0.772352 0.000000 0.801101 0.782519 0.759119 0.773883 0.812801
7 0.837577 0.835286 0.819931 0.818432 0.814305 0.799725 0.000000 0.825189 0.817493 0.826117 0.833448
8 0.823125 0.823125 0.780756 0.730399 0.768226 0.782519 0.822436 0.000000 0.754990 0.745704 0.823813
9 0.823125 0.811983 0.685223 0.723521 0.696699 0.762560 0.813361 0.754301 0.000000 0.738144 0.815554
10 0.829553 0.820619 0.762887 0.646048 0.743643 0.777320 0.825430 0.745704 0.742268 0.000000 0.819244
11 0.832072 0.686167 0.815808 0.812930 0.817744 0.813489 0.834825 0.823125 0.816242 0.818557 0.000000
