11
1 0.000000 0.963059 0.957524 0.948461 0.962706 0.944608 0.974640 0.967966 0.945158 0.966671 0.965022
2 0.961606 0.000000 0.936027 0.943005 0.774152 0.904885 0.968858 0.967062 0.907359 0.957273 0.965328
3 0.957092 0.936342 0.000000 0.938648 0.938848 0.901654 0.968422 0.967769 0.901614 0.954362 0.963639
4 0.949089 0.944301 0.940414 0.000000 0.945321 0.915999 0.970521 0.956312 0.918198 0.957921 0.953250
5 0.960389 0.773366 0.937787 0.942063 0.000000 0.906588 0.967361 0.967258 0.909034 0.956274 0.964346
6 0.944137 0.905553 0.900829 0.914508 0.907530 0.000000 0.957384 0.958543 0.259309 0.926386 0.955354
7 0.973384 0.968505 0.966301 0.967224 0.967793 0.956441 0.000000 0.976916 0.955538 0.969560 0.976008
8 0.967966 0.968279 0.968240 0.955762 0.969810 0.959760 0.978918 0.000000 0.960035 0.974364 0.963175
9 0.944058 0.907477 0.901261 0.916510 0.909859 0.259584 0.956402 0.958700 0.000000 0.926159 0.955236
10 0.964394 0.956920 0.953183 0.955213 0.956863 0.925129 0.969403 0.972166 0.925570 0.000000 0.968548
11 0.965768 0.966466 0.963836 0.951955 0.966427 0.955864 0.977854 0.962940 0.956336 0.970550 0.000000
