11
1 0.000000 0.827903 0.847961 0.868135 0.835285 0.852174 0.855304 0.869836 0.841469 0.881005 0.851633
2 0.828599 0.000000 0.771671 0.797950 0.729625 0.783584 0.787148 0.803195 0.655751 0.839206 0.787259
3 0.846415 0.769118 0.000000 0.832450 0.790646 0.616349 0.818428 0.837248 0.799149 0.856634 0.766281
4 0.868174 0.796751 0.832721 0.000000 0.734365 0.837207 0.839771 0.844518 0.813918 0.871127 0.838136
5 0.834473 0.728581 0.791265 0.734249 0.000000 0.797068 0.801492 0.803799 0.759327 0.844532 0.798267
6 0.852676 0.782927 0.619096 0.837517 0.796526 0.000000 0.827244 0.845178 0.810091 0.860343 0.779682
7 0.854957 0.785562 0.819278 0.840506 0.801338 0.827901 0.000000 0.850249 0.807153 0.804006 0.826006
8 0.868638 0.800681 0.837171 0.843628 0.801671 0.844017 0.848471 0.000000 0.817591 0.878393 0.845615
9 0.841971 0.655983 0.801237 0.814846 0.759289 0.810593 0.807346 0.819834 0.000000 0.850996 0.806882
10 0.879459 0.836963 0.856325 0.870509 0.844377 0.860575 0.802846 0.878818 0.849642 0.000000 0.861677
11 0.851053 0.786833 0.767635 0.837942 0.797803 0.779837 0.825504 0.846853 0.806263 0.862683 0.000000
