11
1 0.000000 0.866983 0.862063 0.866922 0.872867 0.869176 0.867364 0.859281 0.845817 0.871523 0.846196
2 0.868811 0.000000 0.849260 0.849033 0.745295 0.843779 0.722090 0.820588 0.801790 0.876667 0.799013
3 0.861879 0.844327 0.000000 0.751004 0.836051 0.767404 0.832204 0.792298 0.795762 0.878843 0.799047
4 0.867470 0.847937 0.747536 0.000000 0.843556 0.761227 0.834611 0.786275 0.795911 0.878423 0.797554
5 0.862777 0.732870 0.826891 0.831690 0.000000 0.822584 0.677674 0.809454 0.776032 0.869326 0.774152
6 0.867714 0.841403 0.762653 0.757941 0.830623 0.000000 0.824593 0.782442 0.791195 0.875571 0.792618
7 0.864245 0.714599 0.830189 0.824936 0.683177 0.821305 0.000000 0.803249 0.774023 0.870425 0.771219
8 0.859281 0.816025 0.796313 0.786822 0.819128 0.784267 0.806534 0.000000 0.777332 0.871692 0.767841
9 0.846913 0.796858 0.797589 0.794085 0.788089 0.796310 0.777676 0.772404 0.000000 0.858056 0.441359
10 0.868960 0.873744 0.878294 0.877328 0.879392 0.875388 0.874268 0.868954 0.854768 0.000000 0.857979
11 0.848213 0.791339 0.802162 0.796641 0.782585 0.798283 0.780568 0.774411 0.451041 0.856515 0.000000
