11
1 0.000000 0.908947 0.907043 0.920254 0.904045 0.898026 0.913828 0.918164 0.912654 0.909636 0.913725
2 0.906815 0.000000 0.883282 0.901092 0.874937 0.862848 0.891199 0.901007 0.890460 0.885768 0.892243
3 0.908940 0.885488 0.000000 0.899458 0.863584 0.852283 0.854334 0.896169 0.853947 0.818498 0.839319
4 0.921067 0.904034 0.899187 0.000000 0.883182 0.881424 0.909879 0.910460 0.907208 0.901899 0.908229
5 0.904664 0.875595 0.863545 0.882059 0.000000 0.820859 0.874550 0.888136 0.872460 0.865150 0.877032
6 0.898181 0.864551 0.850929 0.881231 0.822098 0.000000 0.861455 0.876277 0.859288 0.853932 0.867067
7 0.911000 0.890695 0.851471 0.906395 0.872847 0.859056 0.000000 0.902556 0.569857 0.861011 0.869407
8 0.919442 0.902363 0.895859 0.909724 0.888059 0.876393 0.904841 0.000000 0.903447 0.896406 0.904126
9 0.913158 0.891893 0.853483 0.906705 0.873002 0.859249 0.572297 0.903098 0.000000 0.861050 0.871884
10 0.911222 0.888244 0.818692 0.902015 0.866272 0.854203 0.863912 0.898302 0.862094 0.000000 0.773626
11 0.914615 0.894991 0.838816 0.908964 0.877303 0.868189 0.870994 0.905171 0.872155 0.773355 0.000000
