11
1 0.000000 0.910145 0.909486 0.910145 0.909420 0.908762 0.910145 0.910870 0.910210 0.910210 0.907314
2 0.909420 0.000000 0.884866 0.909420 0.907971 0.908038 0.910145 0.910870 0.908762 0.908762 0.909486
3 0.908762 0.886314 0.000000 0.910210 0.903693 0.908762 0.909486 0.910210 0.909486 0.908038 0.903693
4 0.910145 0.909420 0.909486 0.000000 0.910145 0.909486 0.910145 0.910870 0.851557 0.910210 0.910210
5 0.909420 0.907971 0.903693 0.910145 0.000000 0.908038 0.910145 0.910145 0.909486 0.908762 0.905141
6 0.909486 0.909486 0.909486 0.910210 0.909486 0.000000 0.910934 0.910210 0.909486 0.907314 0.908762
7 0.909420 0.909420 0.908038 0.909420 0.910145 0.909486 0.000000 0.900000 0.908038 0.909486 0.910210
8 0.910145 0.910145 0.909486 0.910870 0.908696 0.910934 0.897101 0.000000 0.910210 0.911658 0.910934
9 0.910210 0.908762 0.908762 0.852281 0.910210 0.909486 0.910210 0.910934 0.000000 0.909486 0.909486
10 0.908762 0.909486 0.906589 0.910210 0.908762 0.905865 0.910210 0.911658 0.908762 0.000000 0.905865
11 0.908762 0.908038 0.905141 0.910210 0.907314 0.908762 0.910210 0.910210 0.909486 0.906589 0.000000
