11
1 0.000000 0.803411 0.800000 0.780155 0.796279 0.697660 0.862015 0.842791 0.729070 0.822002 0.839678
2 0.759690 0.000000 0.634056 0.647844 0.342228 0.518165 0.836488 0.822891 0.528885 0.686650 0.804395
3 0.795666 0.618576 0.000000 0.690712 0.629721 0.504926 0.841176 0.827245 0.510967 0.734858 0.779635
4 0.753178 0.668321 0.693189 0.000000 0.684880 0.516318 0.835455 0.817928 0.524869 0.752472 0.773754
5 0.775504 0.338504 0.630650 0.715306 0.000000 0.518781 0.836703 0.830335 0.549583 0.730841 0.807799
6 0.679187 0.522783 0.508313 0.529557 0.526786 0.000000 0.792796 0.779865 0.100677 0.609298 0.734606
7 0.857674 0.849209 0.848607 0.845700 0.839502 0.798953 0.000000 0.854839 0.797343 0.838690 0.858558
8 0.848372 0.831576 0.824768 0.816998 0.832816 0.800185 0.861663 0.000000 0.774791 0.839617 0.816775
9 0.699722 0.528267 0.508804 0.526104 0.535990 0.096059 0.799506 0.747606 0.000000 0.574606 0.742663
10 0.820148 0.686341 0.753708 0.751854 0.735167 0.611453 0.847342 0.842398 0.567192 0.000000 0.834363
11 0.842154 0.819870 0.816156 0.776540 0.833488 0.754310 0.860105 0.812751 0.754711 0.840853 0.000000
