11
1 0.000000 0.934032 0.937119 0.939573 0.935963 0.935558 0.937274 0.938608 0.940694 0.938036 0.935367
2 0.934986 0.000000 0.899200 0.898971 0.875548 0.887893 0.875310 0.897045 0.898189 0.885987 0.790086
3 0.937119 0.900534 0.000000 0.756669 0.901677 0.906822 0.899771 0.912157 0.772294 0.901105 0.902630
4 0.941289 0.901830 0.756288 0.000000 0.904517 0.912886 0.904308 0.912886 0.462829 0.905071 0.903546
5 0.939013 0.878597 0.901677 0.903564 0.000000 0.843720 0.840099 0.885077 0.902611 0.854774 0.870974
6 0.938227 0.888656 0.908156 0.914792 0.843530 0.000000 0.850906 0.896473 0.910963 0.865014 0.874166
7 0.937846 0.874738 0.898819 0.903546 0.838384 0.850143 0.000000 0.898951 0.899523 0.856244 0.877026
8 0.940133 0.898761 0.911204 0.912886 0.885458 0.896092 0.900095 0.000000 0.914204 0.902193 0.892850
9 0.939931 0.898570 0.770389 0.461494 0.902039 0.910391 0.899714 0.913823 0.000000 0.903337 0.904099
10 0.939180 0.885796 0.900534 0.903355 0.853059 0.863680 0.856435 0.902574 0.903718 0.000000 0.885605
11 0.935558 0.789705 0.901486 0.902974 0.870783 0.872259 0.876454 0.892469 0.903908 0.884843 0.000000
