11
1 0.000000 0.369932 0.378378 0.366554 0.364865 0.373311 0.368243 0.375000 0.360877 0.363176 0.373311
2 0.371622 0.000000 0.314626 0.329372 0.309524 0.311224 0.331633 0.163265 0.306914 0.231293 0.329932
3 0.378378 0.316327 0.000000 0.327674 0.319728 0.328231 0.331633 0.328231 0.276560 0.331633 0.331633
4 0.369932 0.320883 0.346350 0.000000 0.122241 0.181664 0.307301 0.334465 0.306914 0.325976 0.273345
5 0.363176 0.309524 0.335034 0.117148 0.000000 0.162116 0.290102 0.313993 0.313659 0.319728 0.255973
6 0.383446 0.302721 0.329932 0.168081 0.158703 0.000000 0.270085 0.311644 0.298482 0.311224 0.249147
7 0.369932 0.333333 0.336735 0.305603 0.279863 0.278632 0.000000 0.345299 0.317032 0.340136 0.279863
8 0.369932 0.158163 0.316327 0.337861 0.315700 0.318493 0.345299 0.000000 0.311973 0.231293 0.313993
9 0.367622 0.313659 0.284992 0.313659 0.311973 0.315346 0.328836 0.330523 0.000000 0.315346 0.327150
10 0.366554 0.226190 0.329932 0.327674 0.314626 0.323129 0.338435 0.227891 0.317032 0.000000 0.323129
11 0.368243 0.319728 0.328231 0.266553 0.255973 0.261092 0.281570 0.322526 0.322091 0.319728 0.000000
