11
1 0.000000 0.645787 0.732816 0.738122 0.735505 0.766075 0.759956 0.740864 0.727473 0.748483 0.726718
2 0.697339 0.000000 0.612903 0.593370 0.557703 0.606430 0.636062 0.571429 0.559890 0.532819 0.500832
3 0.747783 0.615684 0.000000 0.574033 0.218112 0.703437 0.716261 0.297896 0.615385 0.404854 0.609540
4 0.737569 0.567956 0.546961 0.000000 0.504694 0.715470 0.735359 0.517680 0.691758 0.538334 0.656906
5 0.746549 0.565433 0.225290 0.509111 0.000000 0.695748 0.720596 0.320817 0.626374 0.399890 0.625069
6 0.758869 0.626940 0.696785 0.734807 0.685809 0.000000 0.309735 0.698782 0.687912 0.714286 0.679601
7 0.763274 0.616150 0.689712 0.733702 0.685257 0.306969 0.000000 0.683075 0.695055 0.715389 0.655420
8 0.745293 0.561462 0.298450 0.523757 0.319713 0.712071 0.691372 0.000000 0.656044 0.432432 0.660022
9 0.746154 0.573077 0.620330 0.704396 0.634066 0.705495 0.712088 0.641209 0.000000 0.661538 0.591209
10 0.741313 0.556536 0.404854 0.533370 0.397683 0.716492 0.730281 0.424710 0.630769 0.000000 0.627689
11 0.736142 0.510261 0.604548 0.648066 0.615130 0.665743 0.686394 0.647287 0.603297 0.627137 0.000000
