11
1 0.000000 0.917266 0.919424 0.918705 0.923741 0.921942 0.919065 0.920504 0.926978 0.918345 0.920863
2 0.923741 0.000000 0.687815 0.705119 0.705479 0.655732 0.885045 0.751622 0.886085 0.732156 0.693084
3 0.915827 0.678803 0.000000 0.630647 0.685735 0.659436 0.873514 0.723066 0.868183 0.725533 0.671470
4 0.916906 0.671593 0.638598 0.000000 0.710517 0.693169 0.878919 0.717383 0.875767 0.697364 0.698487
5 0.926978 0.700433 0.694786 0.697506 0.000000 0.674982 0.888288 0.750904 0.886602 0.743951 0.669669
6 0.920504 0.653929 0.648228 0.696061 0.647144 0.000000 0.873153 0.718366 0.875767 0.734200 0.693084
7 0.928777 0.888649 0.890090 0.889369 0.898018 0.878559 0.000000 0.889730 0.721802 0.885405 0.886527
8 0.921223 0.720260 0.733189 0.719552 0.753435 0.717643 0.883964 0.000000 0.858072 0.714698 0.716138
9 0.927338 0.880678 0.875406 0.876851 0.887685 0.873962 0.715315 0.870350 0.000000 0.877934 0.874640
10 0.920863 0.729632 0.730950 0.723366 0.745034 0.729866 0.874955 0.728422 0.866017 0.000000 0.737752
11 0.922302 0.694164 0.681556 0.700648 0.676513 0.654899 0.877882 0.743876 0.877161 0.743156 0.000000
