11
1 0.000000 0.818750 0.844720 0.825000 0.832298 0.812308 0.837500 0.843750 0.834375 0.819876 0.834375
2 0.806250 0.000000 0.739130 0.625000 0.701863 0.720000 0.699060 0.442006 0.717868 0.680124 0.742947
3 0.838509 0.754658 0.000000 0.760870 0.717391 0.707692 0.804348 0.742236 0.732919 0.670807 0.723602
4 0.825000 0.643750 0.760870 0.000000 0.736025 0.781538 0.746875 0.659375 0.765625 0.745342 0.775000
5 0.829193 0.723602 0.723602 0.748447 0.000000 0.673846 0.754658 0.720497 0.602484 0.639752 0.698758
6 0.818462 0.756923 0.716923 0.772308 0.676923 0.000000 0.812308 0.775385 0.686154 0.643077 0.606154
7 0.825000 0.692790 0.807453 0.721875 0.742236 0.806154 0.000000 0.728707 0.757098 0.739130 0.779874
8 0.818750 0.448276 0.726708 0.646875 0.708075 0.756923 0.731861 0.000000 0.735016 0.692547 0.748428
9 0.828125 0.727273 0.704969 0.743750 0.590062 0.658462 0.757098 0.731861 0.000000 0.661491 0.694969
10 0.816770 0.695652 0.677019 0.736025 0.627329 0.630769 0.742236 0.704969 0.655280 0.000000 0.645963
11 0.809375 0.752351 0.673913 0.762500 0.686335 0.575385 0.773585 0.742138 0.688679 0.630435 0.000000
