11
1 0.000000 0.725881 0.727856 0.699868 0.720942 0.719954 0.721436 0.729667 0.745143 0.748271 0.726210
2 0.734607 0.000000 0.540063 0.516289 0.530758 0.496604 0.510377 0.509661 0.611499 0.591739 0.511539
3 0.728515 0.549314 0.000000 0.494466 0.268792 0.480258 0.490005 0.477622 0.583678 0.562696 0.505534
4 0.716167 0.515462 0.493474 0.000000 0.468662 0.356210 0.374566 0.374897 0.544402 0.515131 0.385646
5 0.723411 0.541204 0.263506 0.465189 0.000000 0.449064 0.470569 0.451032 0.555961 0.535898 0.471729
6 0.717649 0.508199 0.466546 0.359021 0.459831 0.000000 0.238529 0.236829 0.535531 0.512838 0.259400
7 0.723576 0.508717 0.490501 0.377046 0.462776 0.235713 0.000000 0.147647 0.537938 0.524718 0.204383
8 0.721600 0.508836 0.471676 0.383320 0.462263 0.238811 0.151775 0.000000 0.535756 0.512469 0.215524
9 0.749424 0.600366 0.571617 0.534149 0.543857 0.521782 0.533953 0.528324 0.000000 0.351692 0.530467
10 0.748930 0.595056 0.566000 0.525219 0.533742 0.507537 0.522064 0.510157 0.357996 0.000000 0.510285
11 0.723905 0.519841 0.486701 0.395899 0.478859 0.261057 0.206043 0.214038 0.543749 0.509788 0.000000
