11
1 0.000000 0.849145 0.843360 0.809310 0.820533 0.834958 0.847043 0.850221 0.811837 0.840691 0.808887
2 0.850626 0.000000 0.298121 0.413886 0.495470 0.353669 0.341242 0.354123 0.453349 0.263068 0.413112
3 0.845551 0.299542 0.000000 0.370158 0.459064 0.303233 0.293344 0.309727 0.414318 0.193885 0.369485
4 0.812742 0.415444 0.370414 0.000000 0.245187 0.308166 0.398521 0.414675 0.171065 0.345345 0.026093
5 0.823296 0.496654 0.458491 0.244379 0.000000 0.406684 0.478593 0.494601 0.161209 0.439628 0.242076
6 0.835334 0.352859 0.301299 0.305464 0.405124 0.000000 0.334493 0.351823 0.353509 0.275521 0.304775
7 0.848308 0.341361 0.292397 0.396568 0.477646 0.334947 0.000000 0.272472 0.435985 0.265542 0.395815
8 0.851269 0.353550 0.308602 0.412880 0.493220 0.352633 0.272314 0.000000 0.452421 0.281212 0.412027
9 0.813141 0.453665 0.413213 0.169566 0.160380 0.354537 0.436380 0.453231 0.000000 0.392485 0.167032
10 0.841837 0.263148 0.192661 0.343669 0.438799 0.276351 0.265838 0.281508 0.392130 0.000000 0.342820
11 0.812398 0.414768 0.370057 0.026113 0.243003 0.307477 0.397728 0.413802 0.168629 0.344496 0.000000
