11
1 0.000000 0.821875 0.825000 0.817901 0.812500 0.828660 0.828125 0.821875 0.818750 0.818750 0.825545
2 0.806250 0.000000 0.757098 0.734568 0.760252 0.741433 0.769716 0.718750 0.701258 0.703125 0.697819
3 0.815625 0.738170 0.000000 0.799383 0.788644 0.809969 0.785489 0.731250 0.669811 0.781250 0.719626
4 0.824074 0.753086 0.796296 0.000000 0.783951 0.774691 0.787037 0.756173 0.765432 0.777778 0.734568
5 0.800000 0.766562 0.794953 0.774691 0.000000 0.763240 0.760252 0.759375 0.776730 0.756250 0.769470
6 0.822430 0.744548 0.806854 0.762346 0.766355 0.000000 0.775701 0.760125 0.763240 0.685358 0.732087
7 0.803125 0.753943 0.779180 0.780864 0.794953 0.816199 0.000000 0.787500 0.798742 0.800000 0.794393
8 0.790625 0.721875 0.706250 0.740741 0.771875 0.747664 0.756250 0.000000 0.662500 0.759375 0.663551
9 0.815625 0.723270 0.644654 0.790123 0.779874 0.766355 0.792453 0.706250 0.000000 0.743750 0.663551
10 0.818750 0.709375 0.809375 0.759259 0.784375 0.672897 0.796875 0.721875 0.725000 0.000000 0.704050
11 0.819315 0.694704 0.750779 0.722222 0.785047 0.753894 0.766355 0.672897 0.691589 0.707165 0.000000
