11
1 0.000000 0.929728 0.928256 0.921266 0.927520 0.927152 0.926784 0.927888 0.925681 0.925395 0.922369
2 0.930096 0.000000 0.909124 0.925313 0.928992 0.923841 0.920162 0.917586 0.903606 0.907387 0.928624
3 0.925681 0.909124 0.000000 0.920530 0.928940 0.909057 0.879234 0.902798 0.711553 0.856670 0.925681
4 0.920530 0.926049 0.921266 0.000000 0.911700 0.924209 0.924577 0.928624 0.919058 0.921720 0.901030
5 0.925313 0.928624 0.928203 0.908388 0.000000 0.926731 0.928940 0.927467 0.927520 0.926498 0.920898
6 0.925681 0.923105 0.912371 0.924945 0.926362 0.000000 0.920471 0.923417 0.907285 0.912900 0.926784
7 0.925681 0.917586 0.877393 0.922737 0.929308 0.919735 0.000000 0.913108 0.862031 0.822124 0.927520
8 0.927520 0.918322 0.902430 0.927520 0.928203 0.924521 0.913476 0.000000 0.898455 0.911430 0.927888
9 0.925681 0.903238 0.714128 0.918690 0.927520 0.906917 0.860559 0.896615 0.000000 0.832415 0.924945
10 0.925028 0.908857 0.861448 0.920617 0.927233 0.914002 0.823594 0.913267 0.836090 0.000000 0.924660
11 0.922737 0.928992 0.927520 0.902870 0.922001 0.925313 0.927152 0.928624 0.925681 0.924660 0.000000
