11
1 0.000000 0.518465 0.511224 0.501086 0.560463 0.472846 0.513396 0.519913 0.496017 0.479363 0.565532
2 0.519189 0.000000 0.449275 0.477536 0.413469 0.458696 0.449275 0.362319 0.475362 0.461260 0.411296
3 0.511224 0.448551 0.000000 0.480435 0.472846 0.458696 0.175362 0.457971 0.471739 0.451122 0.452571
4 0.501086 0.476812 0.481159 0.000000 0.517017 0.328261 0.487681 0.490580 0.247826 0.230992 0.509776
5 0.561188 0.415641 0.472846 0.517017 0.000000 0.487328 0.480811 0.414917 0.486604 0.488052 0.202028
6 0.472846 0.458696 0.458696 0.328261 0.487328 0.000000 0.448551 0.452174 0.305072 0.277335 0.481535
7 0.511948 0.449275 0.175362 0.488406 0.480811 0.449275 0.000000 0.456522 0.482609 0.451122 0.454019
8 0.520637 0.361594 0.457971 0.490580 0.414193 0.452174 0.455797 0.000000 0.470290 0.458364 0.412744
9 0.496742 0.474638 0.471739 0.247826 0.485880 0.305072 0.482609 0.470290 0.000000 0.211441 0.488776
10 0.480087 0.460536 0.451122 0.230992 0.487328 0.277335 0.450398 0.458364 0.210717 0.000000 0.479363
11 0.566256 0.411296 0.453295 0.509776 0.202028 0.482259 0.454743 0.413469 0.488776 0.480087 0.000000
