11
1 0.000000 0.855117 0.875840 0.893640 0.863310 0.880931 0.882661 0.895924 0.870770 0.903560 0.877668
2 0.857592 0.000000 0.806011 0.829464 0.766566 0.817285 0.820507 0.833314 0.692634 0.864545 0.820742
3 0.876705 0.805186 0.000000 0.862084 0.825170 0.658177 0.850529 0.866250 0.832724 0.881828 0.800652
4 0.893247 0.829346 0.861101 0.000000 0.768530 0.867935 0.869664 0.872263 0.844869 0.895701 0.867345
5 0.864881 0.766841 0.825955 0.770297 0.000000 0.831808 0.834636 0.835461 0.796378 0.872815 0.832751
6 0.881363 0.817443 0.657941 0.869586 0.832201 0.000000 0.858693 0.873993 0.842982 0.886269 0.812918
7 0.883014 0.819328 0.849821 0.870293 0.833026 0.859165 0.000000 0.877609 0.839720 0.834041 0.855452
8 0.896317 0.832999 0.865936 0.872971 0.834872 0.874307 0.878159 0.000000 0.850096 0.903364 0.875801
9 0.870691 0.692870 0.832960 0.844594 0.794886 0.842943 0.839681 0.849428 0.000000 0.876169 0.837755
10 0.903364 0.864310 0.881750 0.897076 0.871676 0.886348 0.834512 0.903207 0.876680 0.000000 0.888234
11 0.878651 0.820428 0.800535 0.867345 0.831062 0.813625 0.855688 0.875329 0.838580 0.888745 0.000000
