11
1 0.000000 0.650609 0.700940 0.706534 0.646733 0.659468 0.694352 0.706077 0.703765 0.719890 0.713734
2 0.617940 0.000000 0.391929 0.396781 0.114618 0.366815 0.399225 0.391160 0.433962 0.408840 0.431329
3 0.713654 0.405196 0.000000 0.483140 0.389165 0.453842 0.510227 0.228177 0.525152 0.537569 0.576393
4 0.719823 0.397891 0.493090 0.000000 0.392027 0.479733 0.551495 0.517127 0.545303 0.525967 0.544953
5 0.634551 0.116279 0.384743 0.384275 0.000000 0.358804 0.392580 0.386740 0.426910 0.402210 0.418092
6 0.700997 0.376804 0.438364 0.476402 0.363787 0.000000 0.479513 0.435359 0.559134 0.488950 0.531164
7 0.689369 0.406423 0.473190 0.516611 0.399779 0.492248 0.000000 0.487293 0.353821 0.497790 0.518478
8 0.718785 0.387845 0.225414 0.504420 0.385635 0.438122 0.485083 0.000000 0.541989 0.530939 0.533922
9 0.699336 0.432297 0.510779 0.518621 0.427464 0.550805 0.346622 0.534807 0.000000 0.524862 0.569774
10 0.692818 0.420442 0.523757 0.496685 0.408287 0.493923 0.500000 0.520994 0.537569 0.000000 0.250414
11 0.712631 0.447325 0.536128 0.550469 0.444015 0.552124 0.530612 0.537231 0.582460 0.250414 0.000000
