11
1 0.000000 0.254772 0.242409 0.251372 0.261885 0.252318 0.271687 0.242147 0.267561 0.258358 0.266788
2 0.258755 0.000000 0.188651 0.202656 0.098228 0.209603 0.109305 0.188714 0.166832 0.213340 0.223512
3 0.246391 0.192135 0.000000 0.136054 0.203081 0.140728 0.214463 0.055749 0.211067 0.145647 0.206268
4 0.253865 0.205477 0.134063 0.000000 0.213848 0.152649 0.225079 0.130630 0.222167 0.162529 0.219367
5 0.268014 0.100547 0.201756 0.216664 0.000000 0.217715 0.135001 0.203412 0.182210 0.224098 0.237204
6 0.257285 0.213079 0.141556 0.154967 0.217881 0.000000 0.227483 0.140232 0.223179 0.132241 0.221523
7 0.276995 0.109637 0.212639 0.226406 0.133344 0.227980 0.000000 0.212805 0.196488 0.233366 0.243575
8 0.242147 0.187884 0.052928 0.129300 0.199934 0.136093 0.210317 0.000000 0.207588 0.140516 0.201791
9 0.271372 0.167992 0.209079 0.222830 0.180388 0.220364 0.193340 0.208416 0.000000 0.228070 0.242545
10 0.261999 0.217147 0.146806 0.165012 0.225919 0.132241 0.234028 0.144820 0.229891 0.000000 0.226746
11 0.267949 0.224673 0.203946 0.219367 0.236044 0.220695 0.245730 0.203449 0.245858 0.226084 0.000000
