11
1 0.000000 0.958361 0.962536 0.959887 0.961222 0.954825 0.960680 0.960487 0.959791 0.960255 0.957858
2 0.957587 0.000000 0.934985 0.944584 0.946464 0.828419 0.944795 0.932159 0.945903 0.933831 0.849760
3 0.959985 0.933437 0.000000 0.948603 0.949946 0.925687 0.950288 0.819041 0.949499 0.825470 0.931843
4 0.961162 0.946903 0.951695 0.000000 0.904664 0.942227 0.635313 0.947753 0.641728 0.947869 0.944159
5 0.961724 0.947548 0.953466 0.903466 0.000000 0.943386 0.910336 0.950913 0.914466 0.951388 0.945575
6 0.956757 0.829772 0.929590 0.942304 0.945202 0.000000 0.943927 0.926614 0.943579 0.925919 0.824516
7 0.960758 0.946458 0.953344 0.634579 0.909794 0.942420 0.000000 0.949166 0.599551 0.950228 0.944840
8 0.959289 0.931850 0.819158 0.944468 0.949134 0.923793 0.946420 0.000000 0.946560 0.685049 0.930218
9 0.961763 0.948301 0.953946 0.639603 0.915626 0.943850 0.599706 0.949925 0.000000 0.949151 0.946638
10 0.960487 0.934488 0.827674 0.947482 0.950460 0.923909 0.949803 0.687021 0.947914 0.000000 0.933290
11 0.957781 0.849992 0.934434 0.942575 0.945536 0.822777 0.945459 0.932036 0.944975 0.933831 0.000000
