11
1 0.000000 0.974291 0.972503 0.970238 0.963761 0.971191 0.963403 0.964873 0.970436 0.963681 0.973456
2 0.974052 0.000000 0.918064 0.970911 0.968209 0.973732 0.970633 0.967732 0.975600 0.969440 0.917504
3 0.972463 0.918501 0.000000 0.971589 0.967615 0.973496 0.971112 0.967178 0.976278 0.969522 0.872685
4 0.970436 0.970871 0.971549 0.000000 0.947783 0.967970 0.967374 0.953028 0.970712 0.963758 0.971150
5 0.963721 0.968209 0.967337 0.947544 0.000000 0.966378 0.960857 0.882411 0.968644 0.956479 0.968170
6 0.971310 0.973772 0.973575 0.967692 0.966656 0.000000 0.968169 0.967612 0.877081 0.965384 0.973614
7 0.963244 0.970672 0.971112 0.967493 0.961016 0.968089 0.000000 0.962566 0.966420 0.934430 0.971468
8 0.964675 0.967732 0.966979 0.952829 0.882173 0.967771 0.962566 0.000000 0.967732 0.959943 0.966978
9 0.970476 0.975680 0.976079 0.970513 0.968962 0.877002 0.966381 0.967612 0.000000 0.966339 0.975641
10 0.963681 0.969440 0.969443 0.963798 0.956518 0.965305 0.934430 0.959863 0.966260 0.000000 0.970117
11 0.973456 0.917504 0.872685 0.971031 0.968329 0.973455 0.971429 0.966978 0.975800 0.970276 0.000000
