11
1 0.000000 0.744665 0.764165 0.794485 0.759470 0.809787 0.745033 0.822664 0.808018 0.810592 0.819720
2 0.744297 0.000000 0.663476 0.753309 0.685914 0.746043 0.567010 0.747791 0.752850 0.734093 0.777614
3 0.763797 0.663844 0.000000 0.762868 0.703200 0.756349 0.635862 0.765832 0.767194 0.748805 0.783137
4 0.796324 0.756618 0.767279 0.000000 0.714338 0.813235 0.752941 0.819853 0.431985 0.818015 0.788603
5 0.759838 0.689224 0.703200 0.716912 0.000000 0.770872 0.678558 0.779331 0.717175 0.770136 0.762045
6 0.809787 0.747884 0.758189 0.810294 0.769033 0.000000 0.730585 0.661023 0.809489 0.647665 0.834008
7 0.739882 0.567010 0.633652 0.750368 0.676352 0.731321 0.000000 0.740059 0.742920 0.730783 0.763623
8 0.820456 0.747055 0.764728 0.816912 0.776388 0.660287 0.739691 0.000000 0.819787 0.503126 0.831370
9 0.809857 0.756160 0.771975 0.430147 0.716808 0.812799 0.745862 0.823465 0.000000 0.811328 0.791100
10 0.809489 0.733358 0.747701 0.816176 0.766090 0.649136 0.732622 0.503126 0.807282 0.000000 0.827142
11 0.818617 0.780560 0.786082 0.788235 0.757631 0.834008 0.764359 0.832106 0.789261 0.828613 0.000000
