11
1 0.000000 0.840125 0.840125 0.836991 0.835913 0.843260 0.843260 0.827586 0.852665 0.840125 0.840125
2 0.818182 0.000000 0.820189 0.832278 0.829721 0.821317 0.708464 0.804416 0.810127 0.817035 0.819620
3 0.849530 0.848580 0.000000 0.785489 0.823529 0.830721 0.827586 0.835962 0.820189 0.772871 0.687697
4 0.833856 0.825949 0.779180 0.000000 0.823529 0.830721 0.818182 0.835962 0.787302 0.656151 0.775316
5 0.845201 0.848297 0.839009 0.839009 0.000000 0.857585 0.845201 0.842105 0.758514 0.839009 0.829721
6 0.849530 0.818182 0.840125 0.849530 0.832817 0.000000 0.827586 0.789969 0.852665 0.836991 0.843260
7 0.824451 0.708464 0.827586 0.821317 0.814241 0.818182 0.000000 0.824451 0.815047 0.802508 0.793103
8 0.862069 0.835962 0.851735 0.858044 0.839009 0.799373 0.843260 0.000000 0.867508 0.848580 0.835962
9 0.855799 0.816456 0.829653 0.790476 0.730650 0.855799 0.824451 0.851735 0.000000 0.826498 0.810127
10 0.830721 0.817035 0.766562 0.659306 0.811145 0.833856 0.808777 0.839117 0.823344 0.000000 0.766562
11 0.849530 0.813291 0.681388 0.794304 0.814241 0.833856 0.805643 0.823344 0.806962 0.779180 0.000000
