11
1 0.000000 0.655172 0.660477 0.661376 0.652520 0.658730 0.647215 0.647215 0.655172 0.646438 0.641910
2 0.657825 0.000000 0.649867 0.656085 0.575597 0.529101 0.655172 0.567639 0.657825 0.659631 0.652520
3 0.660477 0.649867 0.000000 0.507937 0.649867 0.653439 0.633952 0.652520 0.631300 0.651715 0.620690
4 0.664021 0.658730 0.515873 0.000000 0.653439 0.658730 0.650794 0.653439 0.634921 0.667546 0.629630
5 0.649867 0.572944 0.649867 0.645503 0.000000 0.563492 0.641910 0.583554 0.636605 0.656992 0.633952
6 0.656085 0.529101 0.650794 0.650794 0.571429 0.000000 0.653439 0.563492 0.650794 0.656992 0.645503
7 0.647215 0.655172 0.636605 0.642857 0.647215 0.658730 0.000000 0.652520 0.517241 0.651715 0.620690
8 0.647215 0.567639 0.652520 0.650794 0.591512 0.574074 0.649867 0.000000 0.647215 0.662269 0.631300
9 0.652520 0.655172 0.636605 0.632275 0.633952 0.653439 0.525199 0.647215 0.000000 0.649077 0.633952
10 0.646438 0.659631 0.654354 0.662269 0.656992 0.656992 0.649077 0.659631 0.649077 0.000000 0.651715
11 0.639257 0.644562 0.612732 0.619048 0.636605 0.642857 0.620690 0.625995 0.628647 0.649077 0.000000
