11
1 0.000000 0.903693 0.906589 0.903693 0.903693 0.902969 0.905865 0.905141 0.904417 0.902245 0.900072
2 0.902969 0.000000 0.894928 0.895652 0.897826 0.900725 0.830435 0.899348 0.893555 0.892107 0.891383
3 0.907314 0.897101 0.000000 0.872464 0.894203 0.896377 0.892754 0.895004 0.880521 0.862419 0.842867
4 0.902969 0.892754 0.872464 0.000000 0.894203 0.893478 0.893478 0.893555 0.892107 0.743664 0.874728
5 0.905141 0.899275 0.891304 0.894928 0.000000 0.896377 0.889855 0.895728 0.850833 0.889935 0.884142
6 0.903693 0.899275 0.895652 0.895652 0.900000 0.000000 0.894928 0.845764 0.902969 0.887762 0.894279
7 0.906589 0.827536 0.890580 0.892754 0.889130 0.892029 0.000000 0.898624 0.884866 0.892107 0.890659
8 0.905141 0.898624 0.891383 0.894279 0.899348 0.846488 0.900072 0.000000 0.895728 0.892107 0.898624
9 0.904417 0.892107 0.876901 0.889935 0.853729 0.900797 0.887762 0.895004 0.000000 0.889935 0.887762
10 0.902245 0.890659 0.858798 0.746560 0.888487 0.887762 0.891383 0.891383 0.891383 0.000000 0.865315
11 0.901521 0.892107 0.842867 0.876901 0.885590 0.893555 0.890659 0.897900 0.886314 0.862419 0.000000
