11
1 0.000000 0.638796 0.648052 0.583691 0.638471 0.596473 0.606268 0.609003 0.617017 0.627135 0.640474
2 0.641579 0.000000 0.624217 0.542845 0.389964 0.563190 0.587949 0.595292 0.574007 0.404420 0.607637
3 0.635844 0.618507 0.000000 0.562506 0.619347 0.575064 0.515558 0.470368 0.593368 0.601473 0.628578
4 0.595099 0.548639 0.576677 0.000000 0.555330 0.489390 0.528208 0.534414 0.511776 0.528925 0.552693
5 0.645916 0.392601 0.638650 0.547473 0.000000 0.563607 0.598123 0.602465 0.572128 0.416928 0.615884
6 0.604213 0.559007 0.585086 0.486466 0.564827 0.000000 0.543419 0.541856 0.530226 0.544707 0.548081
7 0.599256 0.581144 0.514167 0.512584 0.587377 0.537797 0.000000 0.476981 0.550394 0.560779 0.581403
8 0.612345 0.589457 0.474573 0.530163 0.597549 0.534205 0.478634 0.000000 0.561537 0.574912 0.597158
9 0.621432 0.581633 0.607185 0.504942 0.572308 0.532415 0.566525 0.565036 0.000000 0.551147 0.579839
10 0.630349 0.404151 0.613846 0.525804 0.415906 0.537452 0.573476 0.578720 0.550143 0.000000 0.590339
11 0.649267 0.614617 0.631162 0.546559 0.616189 0.553392 0.604604 0.606237 0.585473 0.596314 0.000000
