11
1 0.000000 0.962208 0.959744 0.953346 0.960860 0.950461 0.951166 0.955615 0.956454 0.959363 0.962209
2 0.961969 0.000000 0.961847 0.939119 0.840698 0.945654 0.950054 0.956330 0.945449 0.855089 0.958077
3 0.959863 0.961728 0.000000 0.942656 0.960621 0.949865 0.922835 0.906660 0.952163 0.957694 0.961772
4 0.953187 0.939199 0.942219 0.000000 0.943098 0.911012 0.929074 0.936184 0.919504 0.933860 0.937572
5 0.961178 0.841294 0.960741 0.943296 0.000000 0.944700 0.951166 0.957085 0.947118 0.862715 0.957125
6 0.950222 0.946011 0.949825 0.911290 0.944343 0.000000 0.929406 0.940966 0.927896 0.937078 0.933339
7 0.951087 0.950054 0.922677 0.928955 0.951166 0.929406 0.000000 0.906981 0.938893 0.944308 0.950332
8 0.955337 0.956568 0.906779 0.936700 0.957045 0.940887 0.907140 0.000000 0.944893 0.950822 0.956727
9 0.956534 0.945369 0.952203 0.919584 0.947038 0.927976 0.938853 0.944773 0.000000 0.938468 0.943502
10 0.959482 0.855526 0.957973 0.933860 0.862755 0.937475 0.944427 0.950743 0.938309 0.000000 0.952014
11 0.962170 0.957958 0.961693 0.937691 0.957085 0.933061 0.950411 0.956688 0.943502 0.951935 0.000000
