11
1 0.000000 0.973455 0.976321 0.975347 0.976717 0.972630 0.974868 0.976086 0.976400 0.977499 0.973730
2 0.971216 0.000000 0.950389 0.960273 0.961914 0.855762 0.960807 0.947718 0.961937 0.951096 0.875005
3 0.975340 0.951607 0.000000 0.965141 0.966194 0.945983 0.966384 0.845688 0.967590 0.851896 0.949146
4 0.976447 0.962275 0.966986 0.000000 0.924629 0.960509 0.667818 0.963963 0.678025 0.965690 0.960509
5 0.975696 0.962896 0.967725 0.924079 0.000000 0.961679 0.929051 0.965645 0.935176 0.967372 0.961483
6 0.970549 0.854977 0.945905 0.957800 0.960894 0.000000 0.958176 0.942797 0.959730 0.943543 0.851640
7 0.973180 0.961357 0.966580 0.666876 0.928894 0.958844 0.000000 0.963203 0.633522 0.965245 0.960770
8 0.974751 0.948307 0.844981 0.961372 0.964192 0.942679 0.962928 0.000000 0.964484 0.716576 0.947104
9 0.973769 0.960720 0.965979 0.676925 0.932977 0.958905 0.632894 0.963423 0.000000 0.964321 0.960770
10 0.974986 0.950153 0.852053 0.962903 0.965684 0.943739 0.964931 0.716065 0.965657 0.000000 0.948910
11 0.973416 0.875673 0.951227 0.960587 0.962072 0.852307 0.961987 0.949264 0.964147 0.950992 0.000000
