11
1 0.000000 0.528461 0.562895 0.521434 0.525650 0.555868 0.550246 0.514406 0.574139 0.583978 0.565706
2 0.520028 0.000000 0.259704 0.208333 0.358757 0.194209 0.162429 0.356540 0.242938 0.322785 0.253879
3 0.595924 0.281581 0.000000 0.318984 0.457304 0.264644 0.324629 0.452180 0.374030 0.430380 0.361072
4 0.543219 0.211158 0.312632 0.000000 0.348227 0.273050 0.259181 0.353727 0.322489 0.395218 0.311707
5 0.552354 0.369350 0.442484 0.343972 0.000000 0.411514 0.399718 0.180731 0.458274 0.483826 0.443583
6 0.531975 0.194915 0.224418 0.239716 0.380242 0.000000 0.239407 0.377637 0.340170 0.365682 0.272920
7 0.570625 0.162429 0.323924 0.264830 0.404661 0.250000 0.000000 0.412799 0.282486 0.381857 0.310296
8 0.508784 0.340366 0.408579 0.327707 0.177918 0.383263 0.375527 0.000000 0.428973 0.442335 0.414909
9 0.602249 0.263418 0.373324 0.328854 0.462518 0.351485 0.293079 0.466245 0.000000 0.462729 0.400564
10 0.579761 0.350211 0.422644 0.408579 0.459212 0.393108 0.376231 0.466245 0.471167 0.000000 0.379747
11 0.597330 0.276446 0.358251 0.313822 0.449929 0.312412 0.309591 0.453586 0.398449 0.387482 0.000000
