11
1 0.000000 0.935371 0.938291 0.933982 0.937926 0.926056 0.932645 0.930934 0.930880 0.939482 0.938875
2 0.935566 0.000000 0.938486 0.915515 0.833236 0.912434 0.925054 0.935409 0.917267 0.842382 0.935371
3 0.938875 0.938875 0.000000 0.924470 0.938120 0.930531 0.907339 0.893774 0.925832 0.939872 0.942963
4 0.933204 0.914542 0.924275 0.000000 0.920023 0.902705 0.911427 0.921012 0.897391 0.909321 0.916878
5 0.938704 0.834014 0.937536 0.919634 0.000000 0.918661 0.929364 0.930350 0.923331 0.864565 0.929753
6 0.927029 0.913213 0.930142 0.903094 0.918467 0.000000 0.911072 0.916537 0.905818 0.916910 0.909126
7 0.932451 0.925638 0.908118 0.912984 0.929364 0.910683 0.000000 0.899416 0.918630 0.928002 0.931283
8 0.930934 0.935409 0.893969 0.921206 0.928988 0.916342 0.898638 0.000000 0.917899 0.931712 0.932490
9 0.930880 0.917462 0.925443 0.897975 0.923331 0.907375 0.917851 0.917121 0.000000 0.917688 0.920966
10 0.940455 0.842187 0.939482 0.908543 0.864954 0.915742 0.927612 0.931323 0.917494 0.000000 0.933645
11 0.938486 0.936149 0.942184 0.917267 0.930726 0.909126 0.931088 0.933658 0.920576 0.933839 0.000000
