11
1 0.000000 0.370818 0.388923 0.384497 0.388786 0.387755 0.390025 0.399938 0.388786 0.395356 0.389095
2 0.368030 0.000000 0.284963 0.271916 0.287221 0.291899 0.281590 0.289359 0.283136 0.278947 0.289400
3 0.386139 0.289295 0.000000 0.304214 0.129641 0.325603 0.314356 0.313428 0.313738 0.306621 0.165223
4 0.390649 0.286373 0.309443 0.000000 0.314672 0.315903 0.317133 0.190095 0.305752 0.157182 0.314980
5 0.394672 0.293424 0.128713 0.306367 0.000000 0.329004 0.315136 0.321650 0.311104 0.312074 0.164082
6 0.388683 0.303340 0.319728 0.314672 0.325912 0.000000 0.272418 0.330241 0.250464 0.320965 0.335498
7 0.385688 0.285626 0.307550 0.309136 0.313896 0.268089 0.000000 0.311704 0.255511 0.304025 0.312636
8 0.402726 0.290292 0.311262 0.183943 0.315447 0.326221 0.314499 0.000000 0.313628 0.187616 0.320796
9 0.380112 0.282203 0.307550 0.301753 0.303350 0.241806 0.254269 0.313317 0.000000 0.304334 0.307118
10 0.392260 0.286687 0.305384 0.156260 0.311146 0.316945 0.313313 0.191950 0.310217 0.000000 0.320743
11 0.391264 0.290333 0.159963 0.300523 0.154777 0.325294 0.308600 0.322972 0.303699 0.315480 0.000000
