11
1 0.000000 0.859010 0.860385 0.860385 0.863230 0.860385 0.863824 0.863136 0.862448 0.861856 0.856946
2 0.861073 0.000000 0.840440 0.828061 0.849485 0.837001 0.843191 0.835626 0.830812 0.836426 0.821183
3 0.859010 0.838377 0.000000 0.843083 0.850859 0.845836 0.848589 0.851342 0.803301 0.843299 0.841128
4 0.857634 0.830812 0.841707 0.000000 0.850859 0.841707 0.843664 0.838266 0.842503 0.841924 0.750344
5 0.864605 0.853608 0.850859 0.852921 0.000000 0.850172 0.848797 0.835052 0.852921 0.846048 0.850859
6 0.861761 0.834938 0.846524 0.844460 0.847423 0.000000 0.738472 0.834136 0.841816 0.727835 0.841128
7 0.861761 0.840440 0.846524 0.842287 0.843299 0.737784 0.000000 0.827942 0.844567 0.648797 0.843879
8 0.864512 0.835626 0.849277 0.836201 0.831615 0.836889 0.832760 0.000000 0.850757 0.830241 0.844567
9 0.864512 0.834250 0.803989 0.848005 0.853608 0.848005 0.849381 0.854195 0.000000 0.846048 0.845942
10 0.862543 0.837113 0.843986 0.843986 0.841924 0.728522 0.650859 0.834364 0.843986 0.000000 0.841924
11 0.858322 0.822558 0.843191 0.752407 0.849485 0.844567 0.843191 0.842503 0.842503 0.842612 0.000000
