11
1 0.000000 0.581818 0.579545 0.579545 0.575964 0.581818 0.579545 0.581818 0.575000 0.578231 0.571429
2 0.581818 0.000000 0.571754 0.580866 0.580499 0.578588 0.572727 0.568182 0.563636 0.571429 0.578231
3 0.579545 0.571754 0.000000 0.580866 0.580499 0.574032 0.550000 0.563636 0.436364 0.548753 0.580499
4 0.575000 0.580866 0.583144 0.000000 0.560091 0.580866 0.579545 0.577273 0.581818 0.578231 0.566893
5 0.578231 0.582766 0.585034 0.566893 0.000000 0.585034 0.580499 0.580499 0.580499 0.582766 0.573696
6 0.579545 0.580866 0.571754 0.580866 0.580499 0.000000 0.575000 0.568182 0.572727 0.573696 0.575964
7 0.579545 0.575000 0.552273 0.577273 0.575964 0.575000 0.000000 0.572727 0.543182 0.530612 0.575964
8 0.579545 0.565909 0.568182 0.575000 0.578231 0.577273 0.570455 0.000000 0.554545 0.560091 0.578231
9 0.577273 0.561364 0.438636 0.579545 0.578231 0.570455 0.545455 0.554545 0.000000 0.512472 0.573696
10 0.578231 0.569161 0.548753 0.580499 0.578231 0.575964 0.535147 0.560091 0.517007 0.000000 0.573696
11 0.569161 0.578231 0.582766 0.562358 0.569161 0.578231 0.578231 0.578231 0.578231 0.573696 0.000000
