11
1 0.000000 0.939502 0.945196 0.934089 0.948043 0.943061 0.935415 0.931721 0.938877 0.937456 0.924595
2 0.938078 0.000000 0.865193 0.804394 0.872325 0.871612 0.804826 0.510669 0.865672 0.877043 0.851304
3 0.939502 0.858060 0.000000 0.855422 0.771429 0.777143 0.861604 0.856330 0.787491 0.781805 0.773784
4 0.936215 0.808646 0.885897 0.000000 0.885897 0.874557 0.846917 0.812190 0.872431 0.874557 0.873150
5 0.942349 0.873039 0.800000 0.877392 0.000000 0.812009 0.861604 0.870555 0.713575 0.806681 0.800564
6 0.938078 0.884451 0.812143 0.866761 0.804146 0.000000 0.879347 0.891892 0.810945 0.796731 0.725159
7 0.931867 0.808375 0.872960 0.811481 0.848119 0.863733 0.000000 0.814053 0.846700 0.845990 0.859760
8 0.931721 0.563300 0.886202 0.807229 0.874822 0.891892 0.832505 0.000000 0.874911 0.879886 0.878083
9 0.939588 0.872779 0.791755 0.849043 0.686567 0.786070 0.865153 0.858564 0.000000 0.774698 0.782241
10 0.945984 0.890547 0.817342 0.876683 0.795309 0.800995 0.875798 0.890547 0.775409 0.000000 0.750529
11 0.937984 0.862579 0.783650 0.861875 0.792107 0.711769 0.858351 0.868217 0.790698 0.747005 0.000000
