11
1 0.000000 0.879738 0.883929 0.887573 0.883242 0.882106 0.868670 0.876525 0.878827 0.881013 0.878280
2 0.874453 0.000000 0.794461 0.830230 0.803279 0.776679 0.810929 0.800401 0.790139 0.760889 0.763729
3 0.886844 0.801385 0.000000 0.848396 0.823133 0.822522 0.824226 0.758332 0.683673 0.821064 0.748724
4 0.890671 0.837897 0.847850 0.000000 0.855556 0.853779 0.843352 0.851211 0.849398 0.845817 0.839445
5 0.883060 0.815118 0.820401 0.854463 0.000000 0.824590 0.830965 0.823529 0.817122 0.819672 0.803461
6 0.875911 0.775581 0.809767 0.843921 0.822040 0.000000 0.822769 0.814424 0.814205 0.721341 0.798394
7 0.869399 0.817668 0.829144 0.841530 0.832240 0.835155 0.000000 0.810235 0.816940 0.820583 0.800000
8 0.878711 0.803315 0.752140 0.849026 0.824076 0.821344 0.808596 0.000000 0.736842 0.814241 0.733746
9 0.881013 0.796004 0.675474 0.847937 0.818215 0.819696 0.814754 0.742852 0.000000 0.821032 0.732348
10 0.882106 0.764717 0.820700 0.843630 0.822222 0.729178 0.819854 0.812056 0.821396 0.000000 0.791872
11 0.878462 0.770480 0.743622 0.835067 0.799454 0.797847 0.799089 0.730286 0.732166 0.786040 0.000000
