11
1 0.000000 0.930338 0.937120 0.942288 0.931690 0.931235 0.940491 0.946064 0.939200 0.949704 0.934216
2 0.931305 0.000000 0.901235 0.929099 0.894462 0.899106 0.891584 0.901389 0.893765 0.938775 0.895816
3 0.935145 0.898835 0.000000 0.932456 0.787290 0.912281 0.922577 0.926548 0.920353 0.941078 0.643446
4 0.942907 0.929061 0.933888 0.000000 0.932967 0.929940 0.937628 0.944223 0.940594 0.937372 0.933230
5 0.932038 0.893997 0.789535 0.932464 0.000000 0.904675 0.920874 0.924878 0.920082 0.940359 0.786052
6 0.931932 0.897519 0.914837 0.928818 0.904482 0.000000 0.924008 0.931684 0.925191 0.938112 0.909196
7 0.940646 0.891352 0.923970 0.937551 0.921261 0.924705 0.000000 0.865699 0.852196 0.944980 0.921764
8 0.943431 0.897868 0.927053 0.942171 0.922556 0.930018 0.862488 0.000000 0.731530 0.945185 0.924066
9 0.940439 0.892991 0.922288 0.939974 0.919502 0.926236 0.851925 0.735593 0.000000 0.946089 0.921011
10 0.948891 0.937536 0.941776 0.935978 0.939972 0.937609 0.944477 0.946773 0.944657 0.000000 0.939864
11 0.934448 0.895623 0.646079 0.932920 0.785935 0.910126 0.920952 0.926583 0.920392 0.940407 0.000000
