11
1 0.000000 0.893197 0.887893 0.903804 0.892648 0.882590 0.890088 0.880965 0.887710 0.889539 0.897952
2 0.888625 0.000000 0.873783 0.882364 0.884284 0.863912 0.860320 0.865240 0.815562 0.867855 0.891013
3 0.888076 0.877274 0.000000 0.832630 0.872180 0.747475 0.856697 0.775279 0.856120 0.865699 0.779717
4 0.900146 0.887135 0.832446 0.000000 0.884651 0.819600 0.873004 0.822271 0.869150 0.875023 0.871353
5 0.893745 0.887218 0.874748 0.885201 0.000000 0.856409 0.869796 0.864509 0.875848 0.876398 0.887035
6 0.881309 0.872911 0.751332 0.824555 0.858793 0.000000 0.847750 0.750411 0.848413 0.854362 0.807714
7 0.888625 0.865098 0.848797 0.871720 0.864111 0.847567 0.000000 0.843847 0.848963 0.620195 0.881237
8 0.884440 0.872372 0.780216 0.825014 0.872189 0.746389 0.848418 0.000000 0.849150 0.854087 0.824648
9 0.887710 0.823087 0.856304 0.873371 0.876765 0.848780 0.847495 0.847870 0.000000 0.852450 0.880529
10 0.888076 0.873553 0.865148 0.877776 0.872914 0.853444 0.624793 0.849515 0.853368 0.000000 0.884863
11 0.896672 0.892483 0.781003 0.873738 0.884834 0.807897 0.879028 0.820260 0.878510 0.884679 0.000000
