11
1 0.000000 0.531818 0.529545 0.536364 0.529545 0.525000 0.520455 0.527273 0.527273 0.523810 0.531818
2 0.529545 0.000000 0.513636 0.506818 0.495455 0.502273 0.509091 0.356818 0.511364 0.439909 0.513636
3 0.531818 0.511364 0.000000 0.511364 0.500000 0.513636 0.509091 0.520455 0.481818 0.510204 0.525000
4 0.534091 0.502273 0.506818 0.000000 0.252273 0.359091 0.493182 0.518182 0.497727 0.510204 0.479545
5 0.527273 0.495455 0.504545 0.252273 0.000000 0.329545 0.472727 0.502273 0.500000 0.489796 0.470455
6 0.525000 0.502273 0.513636 0.359091 0.327273 0.000000 0.475000 0.497727 0.479545 0.487528 0.479545
7 0.522727 0.502273 0.506818 0.497727 0.472727 0.477273 0.000000 0.518182 0.515909 0.498866 0.481818
8 0.527273 0.356818 0.527273 0.515909 0.497727 0.500000 0.513636 0.000000 0.504545 0.426304 0.509091
9 0.531818 0.513636 0.479545 0.495455 0.495455 0.475000 0.513636 0.509091 0.000000 0.489796 0.518182
10 0.523810 0.442177 0.512472 0.510204 0.489796 0.485261 0.498866 0.433107 0.489796 0.000000 0.517007
11 0.529545 0.515909 0.522727 0.479545 0.472727 0.479545 0.477273 0.513636 0.522727 0.512472 0.000000
