11
1 0.000000 0.849116 0.826225 0.722566 0.821271 0.701759 0.859789 0.834911 0.825606 0.894242 0.822397
2 0.848304 0.000000 0.775117 0.798493 0.769659 0.788865 0.879763 0.791823 0.778870 0.878835 0.863438
3 0.822899 0.772409 0.000000 0.763949 0.519949 0.754997 0.863036 0.617769 0.142259 0.813683 0.839893
4 0.722913 0.798686 0.767929 0.000000 0.759660 0.405139 0.824498 0.785240 0.769204 0.876893 0.679173
5 0.820421 0.770626 0.522849 0.760085 0.000000 0.747545 0.862793 0.586737 0.527758 0.806812 0.838591
6 0.702107 0.788749 0.757626 0.405216 0.747816 0.000000 0.814498 0.773621 0.757201 0.870249 0.696153
7 0.854607 0.875779 0.861950 0.818624 0.857574 0.810091 0.000000 0.866213 0.860221 0.910034 0.867990
8 0.835105 0.792209 0.621324 0.784892 0.585926 0.773969 0.872242 0.000000 0.628937 0.813889 0.852610
9 0.822822 0.776548 0.142686 0.764954 0.526405 0.755036 0.862430 0.626309 0.000000 0.814573 0.841712
10 0.892502 0.878835 0.816120 0.875309 0.805845 0.869321 0.913787 0.813232 0.816430 0.000000 0.906667
11 0.821275 0.863128 0.842254 0.678439 0.837663 0.696501 0.871319 0.850678 0.843067 0.905545 0.000000
