11
1 0.000000 0.891619 0.903373 0.903373 0.902630 0.897636 0.890181 0.899161 0.895048 0.898667 0.895599
2 0.893143 0.000000 0.819048 0.849143 0.831619 0.798667 0.835619 0.828381 0.814667 0.786476 0.795810
3 0.903564 0.818667 0.000000 0.869640 0.848133 0.845626 0.853059 0.788641 0.711048 0.848190 0.783768
4 0.904707 0.846476 0.868496 0.000000 0.875762 0.868306 0.864113 0.869259 0.865524 0.863429 0.857116
5 0.902820 0.831619 0.848514 0.876143 0.000000 0.849085 0.856898 0.850229 0.843429 0.846286 0.831206
6 0.898589 0.797714 0.843339 0.869259 0.849466 0.000000 0.856081 0.841403 0.835238 0.752190 0.825491
7 0.890372 0.834667 0.852487 0.864875 0.856136 0.856843 0.000000 0.834350 0.836381 0.847810 0.827967
8 0.899161 0.825714 0.788260 0.868877 0.848895 0.842165 0.832634 0.000000 0.770857 0.840762 0.767765
9 0.894476 0.814286 0.711238 0.862667 0.842476 0.835810 0.838095 0.772762 0.000000 0.844000 0.765333
10 0.898095 0.784952 0.847048 0.863238 0.845143 0.753333 0.846667 0.840190 0.843619 0.000000 0.816190
11 0.897123 0.795429 0.784149 0.859402 0.831396 0.824538 0.829301 0.768527 0.766095 0.816762 0.000000
