11
1 0.000000 0.729814 0.773292 0.701863 0.736842 0.758514 0.742236 0.704615 0.754658 0.710769 0.679878
2 0.708075 0.000000 0.660436 0.632399 0.603715 0.705882 0.673913 0.615385 0.439252 0.636923 0.631098
3 0.760870 0.669782 0.000000 0.619938 0.668731 0.699690 0.689441 0.621538 0.669782 0.636923 0.646341
4 0.698758 0.629283 0.616822 0.000000 0.572755 0.640867 0.624224 0.529231 0.643750 0.446154 0.487805
5 0.736842 0.628483 0.674923 0.582043 0.000000 0.746130 0.699690 0.538462 0.643963 0.627692 0.625000
6 0.758514 0.712074 0.699690 0.647059 0.696594 0.000000 0.455108 0.646154 0.699690 0.676923 0.661585
7 0.739130 0.695652 0.692547 0.630435 0.687307 0.452012 0.000000 0.655385 0.701863 0.633846 0.658537
8 0.698462 0.640000 0.627692 0.550769 0.535385 0.655385 0.664615 0.000000 0.630769 0.593846 0.576219
9 0.736025 0.461059 0.666667 0.643750 0.637771 0.693498 0.689441 0.676923 0.000000 0.661538 0.682927
10 0.741538 0.680000 0.673846 0.501538 0.673846 0.713846 0.652308 0.606154 0.689231 0.000000 0.518293
11 0.710366 0.664634 0.652439 0.515244 0.643293 0.682927 0.679878 0.594512 0.701219 0.506098 0.000000
