11
1 0.000000 0.490772 0.486016 0.447828 0.486446 0.492582 0.500106 0.456736 0.475901 0.467916 0.468910
2 0.488394 0.000000 0.385274 0.349669 0.370458 0.442742 0.441994 0.347642 0.202753 0.386822 0.383527
3 0.487968 0.385629 0.000000 0.340966 0.377519 0.442894 0.444314 0.350943 0.378138 0.372031 0.369759
4 0.444953 0.352194 0.342067 0.000000 0.351121 0.392060 0.393345 0.306318 0.333760 0.240218 0.233683
5 0.486624 0.371026 0.376951 0.350163 0.000000 0.442733 0.445253 0.339483 0.359246 0.377980 0.381032
6 0.496557 0.442103 0.439308 0.395970 0.439824 0.000000 0.189873 0.412603 0.430765 0.426805 0.421204
7 0.494215 0.441178 0.446373 0.396683 0.441314 0.189553 0.000000 0.408402 0.434892 0.423707 0.416676
8 0.460889 0.346326 0.349629 0.307777 0.341080 0.406170 0.405703 0.000000 0.338455 0.339233 0.336084
9 0.484277 0.201117 0.371712 0.337957 0.357579 0.433964 0.432407 0.334187 0.000000 0.366848 0.366055
10 0.473595 0.384156 0.369901 0.241461 0.375000 0.420727 0.419836 0.340157 0.370580 0.000000 0.277855
11 0.474340 0.380326 0.370078 0.234466 0.377271 0.419427 0.419232 0.336795 0.366802 0.276895 0.000000
