11
1 0.000000 0.911782 0.908563 0.887423 0.904550 0.913968 0.910232 0.893106 0.909542 0.904049 0.900977
2 0.911504 0.000000 0.849144 0.823319 0.823590 0.897469 0.895680 0.811357 0.572620 0.850610 0.850989
3 0.908405 0.848826 0.000000 0.801462 0.833684 0.890231 0.886972 0.807781 0.838948 0.836386 0.835254
4 0.887661 0.823279 0.801661 0.000000 0.809569 0.857932 0.855945 0.758981 0.808080 0.667527 0.660852
5 0.904351 0.823590 0.834042 0.809569 0.000000 0.892223 0.888646 0.799754 0.822303 0.834876 0.839744
6 0.913849 0.897667 0.890271 0.858051 0.892064 0.000000 0.543319 0.867867 0.891904 0.885494 0.881984
7 0.910232 0.895958 0.887290 0.856183 0.888606 0.543518 0.000000 0.862144 0.890195 0.877429 0.880116
8 0.893106 0.811437 0.807980 0.758902 0.799952 0.868224 0.862144 0.000000 0.800095 0.802734 0.793968
9 0.909582 0.572660 0.839067 0.807802 0.822461 0.892222 0.889878 0.799897 0.000000 0.838312 0.840180
10 0.903969 0.850689 0.836823 0.667647 0.834916 0.885534 0.877627 0.803012 0.838034 0.000000 0.732846
11 0.900699 0.850989 0.835413 0.660534 0.839903 0.882023 0.880275 0.794127 0.840219 0.732925 0.000000
