11
1 0.000000 0.954152 0.946877 0.950666 0.944385 0.953119 0.948561 0.948543 0.954152 0.950502 0.953136
2 0.953069 0.000000 0.890524 0.886568 0.871546 0.888568 0.881295 0.884491 0.905381 0.905667 0.883922
3 0.955133 0.895549 0.000000 0.873295 0.735558 0.871500 0.873654 0.889806 0.908830 0.899928 0.889447
4 0.953547 0.888729 0.884422 0.000000 0.867241 0.763414 0.777338 0.780137 0.902053 0.897776 0.787180
5 0.958378 0.876211 0.723358 0.875852 0.000000 0.873340 0.864370 0.878364 0.913527 0.899928 0.883028
6 0.955644 0.882077 0.882268 0.784660 0.861859 0.000000 0.609353 0.610291 0.901551 0.893113 0.642033
7 0.950719 0.881295 0.879038 0.779137 0.869035 0.583813 0.000000 0.383094 0.897842 0.893472 0.526619
8 0.949262 0.873696 0.872577 0.778338 0.855041 0.577546 0.378777 0.000000 0.890608 0.879484 0.509536
9 0.951986 0.901770 0.910625 0.896291 0.901328 0.898305 0.895324 0.893847 0.000000 0.785868 0.897981
10 0.952296 0.912841 0.909613 0.901363 0.893831 0.894907 0.896700 0.892755 0.793042 0.000000 0.894907
11 0.956020 0.876352 0.875808 0.792942 0.870829 0.624009 0.507914 0.526089 0.896179 0.885581 0.000000
