11
1 0.000000 0.913508 0.909827 0.916146 0.912804 0.904341 0.912403 0.915809 0.912771 0.914275 0.915716
2 0.912403 0.000000 0.893593 0.905112 0.892568 0.878587 0.900957 0.898897 0.904271 0.899191 0.900626
3 0.909459 0.894330 0.000000 0.898860 0.885210 0.864974 0.867452 0.898529 0.874448 0.855040 0.859036
4 0.918352 0.906583 0.900331 0.000000 0.895182 0.892975 0.908790 0.907721 0.910261 0.907687 0.908422
5 0.912068 0.893304 0.886313 0.896285 0.000000 0.857984 0.884842 0.891544 0.885210 0.888153 0.889625
6 0.903974 0.876748 0.865710 0.893711 0.853569 0.000000 0.877116 0.887500 0.883002 0.881531 0.881531
7 0.912771 0.899853 0.868189 0.905480 0.881163 0.874908 0.000000 0.905515 0.642857 0.883370 0.881487
8 0.918382 0.902941 0.899632 0.907353 0.893750 0.889706 0.905515 0.000000 0.906250 0.902574 0.902206
9 0.912035 0.903166 0.875184 0.908054 0.882634 0.881898 0.640648 0.904779 0.000000 0.884474 0.887008
10 0.914275 0.898823 0.853201 0.906216 0.886681 0.880795 0.882634 0.899632 0.884842 0.000000 0.801324
11 0.917556 0.899153 0.861612 0.906583 0.887785 0.880059 0.882959 0.900735 0.889216 0.801324 0.000000
