11
1 0.000000 0.917111 0.917874 0.911966 0.917874 0.905869 0.913681 0.911014 0.910061 0.922828 0.919588
2 0.915015 0.000000 0.918239 0.893061 0.808653 0.892129 0.905761 0.913839 0.894988 0.818268 0.914602
3 0.917302 0.919192 0.000000 0.902992 0.918811 0.909472 0.884315 0.871546 0.904517 0.918430 0.922051
4 0.912157 0.894396 0.904136 0.000000 0.899943 0.877835 0.888296 0.897636 0.876691 0.891155 0.896493
5 0.918826 0.811511 0.917095 0.900324 0.000000 0.901849 0.908710 0.910806 0.902611 0.840099 0.910997
6 0.904726 0.892891 0.909091 0.878978 0.900324 0.000000 0.887555 0.893463 0.886030 0.896893 0.888889
7 0.911585 0.905189 0.883552 0.888296 0.907566 0.886792 0.000000 0.876477 0.895559 0.906751 0.907930
8 0.910251 0.917270 0.872117 0.898018 0.910997 0.893463 0.876668 0.000000 0.897846 0.912505 0.911552
9 0.911014 0.896893 0.904707 0.878026 0.903183 0.886792 0.897084 0.897465 0.000000 0.897846 0.900896
10 0.920732 0.822273 0.918430 0.889058 0.841624 0.897084 0.906560 0.912695 0.894606 0.000000 0.913839
11 0.919969 0.915936 0.921860 0.897064 0.910806 0.889079 0.910408 0.913077 0.899562 0.914411 0.000000
