11
1 0.000000 0.527273 0.511364 0.538636 0.531818 0.526077 0.529545 0.520455 0.545455 0.547511 0.513636
2 0.529545 0.000000 0.518182 0.529545 0.534091 0.537415 0.520455 0.518182 0.525000 0.536199 0.520455
3 0.511364 0.513636 0.000000 0.484091 0.488636 0.496599 0.513636 0.479545 0.515909 0.533937 0.272727
4 0.540909 0.529545 0.484091 0.000000 0.450000 0.526077 0.527273 0.520455 0.547727 0.549774 0.495455
5 0.529545 0.534091 0.490909 0.445455 0.000000 0.512472 0.513636 0.502273 0.540909 0.549774 0.500000
6 0.530612 0.537415 0.501134 0.530612 0.519274 0.000000 0.512472 0.399093 0.535147 0.547511 0.512472
7 0.529545 0.520455 0.520455 0.534091 0.515909 0.514739 0.000000 0.497727 0.547727 0.549774 0.527273
8 0.520455 0.518182 0.481818 0.525000 0.506818 0.401361 0.495455 0.000000 0.531818 0.545249 0.490909
9 0.547727 0.522727 0.518182 0.550000 0.538636 0.535147 0.543182 0.534091 0.000000 0.418552 0.522727
10 0.549774 0.531674 0.536199 0.554299 0.552036 0.547511 0.552036 0.545249 0.416290 0.000000 0.529412
11 0.515909 0.522727 0.272727 0.502273 0.497727 0.507937 0.520455 0.488636 0.518182 0.529412 0.000000
