11
1 0.000000 0.932751 0.936574 0.931257 0.933156 0.935435 0.933156 0.930118 0.933536 0.934725 0.934320
2 0.932371 0.000000 0.890999 0.842765 0.894037 0.895936 0.874668 0.595898 0.887201 0.902087 0.902809
3 0.937334 0.890239 0.000000 0.894797 0.826814 0.841246 0.892138 0.891758 0.836308 0.842125 0.839408
4 0.933156 0.842765 0.895177 0.000000 0.890999 0.902772 0.868591 0.848082 0.892898 0.901328 0.901670
5 0.932776 0.892518 0.830232 0.887581 0.000000 0.854539 0.894037 0.895556 0.761869 0.845161 0.845102
6 0.935435 0.896696 0.840486 0.902013 0.851120 0.000000 0.895556 0.896316 0.839347 0.837571 0.779803
7 0.932776 0.873149 0.894037 0.866692 0.890619 0.896316 0.000000 0.875427 0.892138 0.894497 0.899013
8 0.930877 0.596278 0.890999 0.844664 0.895177 0.894797 0.875427 0.000000 0.894417 0.892979 0.894457
9 0.932776 0.884922 0.837828 0.889480 0.761489 0.840486 0.891758 0.893657 0.000000 0.842884 0.844343
10 0.933966 0.904364 0.845541 0.900190 0.847818 0.840228 0.895636 0.895636 0.844023 0.000000 0.828843
11 0.936219 0.900532 0.840547 0.901291 0.846241 0.780182 0.898633 0.895596 0.844343 0.828084 0.000000
