11
1 0.000000 0.992240 0.996057 0.996490 0.996944 0.991962 0.996665 0.994668 0.996648 0.995158 0.993217
2 0.995963 0.000000 0.971333 0.981111 0.982449 0.868617 0.982717 0.967590 0.980797 0.970059 0.884508
3 0.997038 0.968962 0.000000 0.984587 0.985896 0.962827 0.985639 0.842867 0.984905 0.852113 0.967927
4 0.996882 0.979092 0.985646 0.000000 0.939119 0.976453 0.657614 0.981770 0.678592 0.983082 0.977631
5 0.998590 0.982331 0.987424 0.941097 0.000000 0.979452 0.944897 0.985661 0.946738 0.986366 0.981117
6 0.992805 0.866971 0.963239 0.976022 0.978844 0.000000 0.978375 0.959403 0.977651 0.960617 0.859630
7 0.996547 0.979955 0.985875 0.657555 0.943075 0.976728 0.000000 0.982848 0.645501 0.983102 0.979591
8 0.995785 0.966317 0.843612 0.982397 0.984662 0.959580 0.983593 0.000000 0.982985 0.709629 0.965539
9 0.998000 0.979132 0.985826 0.678671 0.945642 0.977475 0.645893 0.983534 0.000000 0.984357 0.979494
10 0.995491 0.968472 0.852348 0.982730 0.984447 0.960382 0.983514 0.708825 0.982612 0.000000 0.967380
11 0.993354 0.883744 0.968162 0.978474 0.980157 0.859003 0.980238 0.965813 0.979631 0.968008 0.000000
