11
1 0.000000 0.826908 0.822464 0.837227 0.830868 0.825808 0.819315 0.828855 0.814447 0.832425 0.822040
2 0.827298 0.000000 0.740705 0.748637 0.745816 0.754574 0.739681 0.743185 0.740849 0.739198 0.734618
3 0.823048 0.742262 0.000000 0.783531 0.405021 0.765084 0.758225 0.762702 0.752774 0.771701 0.450652
4 0.836838 0.747858 0.783726 0.000000 0.786687 0.788439 0.776674 0.568731 0.769081 0.489101 0.772196
5 0.831257 0.745816 0.405216 0.786493 0.000000 0.774426 0.756909 0.758856 0.757299 0.773842 0.451538
6 0.826392 0.754768 0.764889 0.788634 0.775010 0.000000 0.694044 0.772674 0.625146 0.782795 0.762164
7 0.819315 0.740070 0.758225 0.776674 0.756520 0.694044 0.000000 0.762610 0.651607 0.766057 0.739291
8 0.828271 0.742991 0.761729 0.568341 0.759245 0.771506 0.763778 0.000000 0.756183 0.557415 0.744548
9 0.815615 0.740070 0.752385 0.768886 0.756715 0.624757 0.651022 0.757352 0.000000 0.761775 0.734229
10 0.833009 0.739393 0.772674 0.488712 0.773647 0.782600 0.766057 0.557999 0.762164 0.000000 0.760023
11 0.822625 0.735592 0.450652 0.772002 0.451732 0.762359 0.739291 0.744548 0.734424 0.760218 0.000000
