11
1 0.000000 0.852719 0.856749 0.851342 0.857536 0.858224 0.852719 0.851342 0.855471 0.862354 0.852820
2 0.852719 0.000000 0.812113 0.755678 0.801101 0.814178 0.777013 0.560908 0.807295 0.814866 0.806740
3 0.856061 0.814866 0.000000 0.815554 0.749484 0.761184 0.814178 0.814178 0.768754 0.768754 0.768226
4 0.852719 0.757054 0.817619 0.000000 0.814866 0.804542 0.783895 0.763937 0.809360 0.814866 0.814993
5 0.860289 0.802478 0.752237 0.812113 0.000000 0.756366 0.800413 0.803166 0.686167 0.762560 0.762724
6 0.857536 0.816930 0.758431 0.802478 0.754301 0.000000 0.812113 0.817619 0.761184 0.752237 0.709078
7 0.854095 0.775637 0.808672 0.781142 0.797660 0.811425 0.000000 0.779078 0.805231 0.806607 0.810179
8 0.849966 0.559532 0.814866 0.761872 0.803166 0.816930 0.780454 0.000000 0.807983 0.816930 0.814993
9 0.856160 0.804542 0.770131 0.805919 0.684790 0.763248 0.803854 0.806607 0.000000 0.751549 0.762036
10 0.859601 0.813489 0.768754 0.809360 0.761184 0.751549 0.805231 0.814178 0.750860 0.000000 0.739340
11 0.852820 0.809491 0.766850 0.810179 0.762724 0.707703 0.813618 0.814993 0.761348 0.741403 0.000000
