11
1 0.000000 0.922274 0.923102 0.925227 0.920404 0.919017 0.921497 0.919622 0.923624 0.922937 0.921436
2 0.924594 0.000000 0.701012 0.919438 0.848254 0.909286 0.919841 0.917551 0.914035 0.914622 0.897784
3 0.922605 0.683591 0.000000 0.917783 0.819461 0.912420 0.919179 0.915727 0.917011 0.913793 0.886702
4 0.921919 0.917783 0.922912 0.000000 0.911001 0.913739 0.918445 0.913151 0.500248 0.916129 0.915812
5 0.920404 0.850571 0.825418 0.909677 0.000000 0.902029 0.910309 0.913454 0.910398 0.916432 0.862388
6 0.923635 0.911760 0.919017 0.913574 0.911430 0.000000 0.906317 0.909781 0.909286 0.876299 0.917697
7 0.919675 0.915369 0.916694 0.915136 0.914777 0.900874 0.000000 0.746936 0.913209 0.912885 0.917797
8 0.924097 0.918215 0.921865 0.914475 0.912295 0.906482 0.749420 0.000000 0.910894 0.914456 0.915151
9 0.919326 0.912217 0.917838 0.514135 0.908084 0.909946 0.913539 0.909241 0.000000 0.914697 0.912382
10 0.919291 0.909483 0.911638 0.914309 0.912130 0.870031 0.907751 0.907825 0.911390 0.000000 0.913662
11 0.924247 0.896791 0.893152 0.918128 0.875124 0.917697 0.925736 0.919120 0.913705 0.921932 0.000000
