11
1 0.000000 0.091210 0.092681 0.092681 0.157779 0.113235 0.143488 0.123162 0.109559 0.106985 0.106618
2 0.092313 0.000000 0.045237 0.045237 0.116219 0.057721 0.113645 0.064706 0.055515 0.050735 0.055515
3 0.093784 0.045237 0.000000 0.013240 0.112174 0.065809 0.108128 0.074265 0.062868 0.063971 0.062868
4 0.093417 0.045237 0.013240 0.000000 0.112174 0.065809 0.108128 0.074265 0.062868 0.063971 0.062868
5 0.158514 0.116587 0.112174 0.112174 0.000000 0.133824 0.131298 0.140809 0.130882 0.131250 0.131250
6 0.114706 0.058088 0.066176 0.066176 0.134191 0.000000 0.131985 0.064706 0.050368 0.075368 0.058456
7 0.144224 0.113277 0.107760 0.107760 0.130930 0.131250 0.000000 0.138603 0.130882 0.131618 0.131618
8 0.124632 0.064706 0.074265 0.074265 0.140809 0.064338 0.138971 0.000000 0.055882 0.084559 0.048897
9 0.110662 0.055515 0.063235 0.063235 0.130882 0.050000 0.131250 0.055882 0.000000 0.073897 0.045221
10 0.108088 0.050735 0.063971 0.063971 0.131250 0.075000 0.131985 0.084191 0.073897 0.000000 0.072426
11 0.107721 0.055515 0.063235 0.063235 0.131618 0.058456 0.131985 0.048897 0.045221 0.072426 0.000000
