11
1 0.000000 0.881970 0.887681 0.892754 0.882609 0.886232 0.886957 0.890580 0.892029 0.894203 0.890580
2 0.881245 0.000000 0.819696 0.818248 0.346850 0.805214 0.818248 0.811007 0.839247 0.808110 0.830558
3 0.889130 0.822592 0.000000 0.863043 0.821014 0.834783 0.851449 0.568116 0.865942 0.869565 0.863043
4 0.894203 0.819696 0.863043 0.000000 0.816667 0.856522 0.863768 0.860870 0.870290 0.857246 0.868116
5 0.883333 0.346850 0.815942 0.815942 0.000000 0.810870 0.817391 0.807971 0.834783 0.806522 0.828986
6 0.889855 0.811007 0.832609 0.860145 0.813768 0.000000 0.852899 0.836957 0.876812 0.858696 0.870290
7 0.889130 0.818972 0.852174 0.862319 0.819565 0.855072 0.000000 0.857246 0.778261 0.861594 0.866667
8 0.891304 0.817524 0.569565 0.860145 0.812319 0.838406 0.855072 0.000000 0.872464 0.863768 0.865217
9 0.892754 0.837075 0.865942 0.867391 0.833333 0.873188 0.778261 0.868116 0.000000 0.871739 0.873913
10 0.898551 0.809558 0.870290 0.854348 0.807971 0.859420 0.858696 0.868116 0.876812 0.000000 0.619565
11 0.894928 0.834178 0.866667 0.873188 0.834058 0.873188 0.869565 0.866667 0.877536 0.620290 0.000000
