11
1 0.000000 0.940225 0.966078 0.954064 0.963251 0.941343 0.947703 0.961131 0.956890 0.957597 0.954770
2 0.947961 0.000000 0.930380 0.933896 0.943038 0.837553 0.939522 0.931786 0.936006 0.923347 0.842475
3 0.951237 0.902954 0.000000 0.939180 0.944563 0.905032 0.932155 0.784342 0.936879 0.797585 0.925873
4 0.951943 0.919831 0.951202 0.000000 0.900990 0.933522 0.655830 0.944130 0.623055 0.941301 0.941301
5 0.950530 0.918425 0.948117 0.899576 0.000000 0.933381 0.907421 0.946695 0.909220 0.938210 0.936034
6 0.942756 0.827707 0.931963 0.934936 0.943303 0.000000 0.940636 0.937633 0.938342 0.925585 0.815025
7 0.952650 0.931083 0.949823 0.643816 0.912367 0.934982 0.000000 0.942049 0.568905 0.946290 0.940636
8 0.951237 0.923347 0.829181 0.939887 0.945984 0.922041 0.942756 0.000000 0.942553 0.698153 0.924555
9 0.954064 0.933193 0.960284 0.592645 0.915603 0.931963 0.531449 0.945390 0.000000 0.946099 0.942553
10 0.952650 0.909986 0.804688 0.941301 0.943182 0.917080 0.939929 0.663352 0.940426 0.000000 0.920455
11 0.949823 0.805907 0.935139 0.934936 0.938166 0.792346 0.934276 0.920285 0.938298 0.925426 0.000000
