11
1 0.000000 0.916818 0.886606 0.898833 0.892723 0.887749 0.868031 0.900456 0.880011 0.895575 0.933903
2 0.917176 0.000000 0.872887 0.904909 0.901426 0.824286 0.879560 0.801629 0.861754 0.904496 0.937887
3 0.886785 0.872847 0.000000 0.870478 0.858710 0.816698 0.829504 0.837027 0.687733 0.867949 0.920714
4 0.898992 0.904969 0.870199 0.000000 0.868906 0.871998 0.839957 0.886039 0.859262 0.875543 0.897140
5 0.892863 0.901486 0.858611 0.868867 0.000000 0.859672 0.745839 0.877297 0.848335 0.777729 0.916760
6 0.888008 0.824147 0.816737 0.871998 0.859632 0.000000 0.830161 0.774528 0.800450 0.868772 0.919571
7 0.868270 0.879799 0.829663 0.840017 0.745918 0.830181 0.000000 0.851087 0.814212 0.766008 0.898116
8 0.900476 0.801569 0.836927 0.886039 0.877497 0.774328 0.850948 0.000000 0.825206 0.881300 0.926601
9 0.880230 0.861814 0.687773 0.859242 0.848435 0.800410 0.814153 0.825365 0.000000 0.852364 0.913271
10 0.895914 0.904596 0.867929 0.875403 0.777749 0.868673 0.766088 0.881380 0.852443 0.000000 0.918276
11 0.934022 0.937568 0.920475 0.897021 0.916859 0.919332 0.897878 0.926582 0.913132 0.918117 0.000000
