11
1 0.000000 0.933193 0.939522 0.937412 0.924754 0.930380 0.927567 0.933896 0.927821 0.933193 0.930380
2 0.931083 0.000000 0.923077 0.928723 0.778405 0.706422 0.913903 0.700071 0.905396 0.928973 0.905501
3 0.931083 0.916725 0.000000 0.642247 0.910057 0.920141 0.865113 0.907289 0.878767 0.899437 0.827221
4 0.928270 0.929428 0.694168 0.000000 0.913598 0.923675 0.866525 0.927813 0.868956 0.907173 0.839210
5 0.916315 0.809457 0.912181 0.919972 0.000000 0.816254 0.906073 0.822364 0.899790 0.920534 0.904795
6 0.933896 0.739591 0.930742 0.930035 0.827562 0.000000 0.923729 0.733569 0.920813 0.935302 0.923131
7 0.933896 0.913197 0.882768 0.886299 0.910311 0.925141 0.000000 0.925847 0.703574 0.898031 0.884344
8 0.927567 0.698659 0.915782 0.921444 0.821656 0.702474 0.915960 0.000000 0.914506 0.928270 0.916784
9 0.934128 0.916608 0.889278 0.891380 0.906097 0.926419 0.707779 0.928521 0.000000 0.907498 0.878066
10 0.930380 0.924051 0.913502 0.914909 0.924051 0.939522 0.894515 0.940928 0.896286 0.000000 0.900141
11 0.933193 0.909027 0.816643 0.818759 0.903385 0.928773 0.863893 0.921721 0.865452 0.891702 0.000000
