11
1 0.000000 0.733688 0.692413 0.707879 0.744952 0.714971 0.749995 0.692812 0.747600 0.718451 0.724599
2 0.733568 0.000000 0.601856 0.619238 0.344404 0.636083 0.408199 0.600263 0.529578 0.639010 0.650678
3 0.692354 0.601836 0.000000 0.427380 0.626842 0.451566 0.630386 0.181720 0.627260 0.457109 0.594564
4 0.707839 0.619238 0.427399 0.000000 0.641782 0.484200 0.646081 0.424194 0.643073 0.488659 0.616043
5 0.745032 0.344404 0.626782 0.641742 0.000000 0.656353 0.449361 0.625448 0.564140 0.656856 0.668864
6 0.715031 0.636123 0.451506 0.484181 0.656373 0.000000 0.663003 0.454612 0.658583 0.410987 0.625450
7 0.750035 0.408180 0.630406 0.645941 0.449341 0.662903 0.000000 0.627758 0.577383 0.665000 0.675648
8 0.692911 0.600283 0.181701 0.424213 0.625388 0.454672 0.627778 0.000000 0.625627 0.459020 0.595440
9 0.747481 0.529419 0.627121 0.642854 0.564021 0.658404 0.577304 0.625528 0.000000 0.660002 0.671546
10 0.718510 0.639030 0.457089 0.488679 0.656836 0.411007 0.664921 0.459020 0.660181 0.000000 0.628557
11 0.724639 0.650718 0.594644 0.616123 0.668983 0.625510 0.675768 0.595520 0.671805 0.628597 0.000000
