11
1 0.000000 0.912307 0.913508 0.912068 0.905147 0.911602 0.913139 0.907687 0.913203 0.915105 0.915379
2 0.911570 0.000000 0.903938 0.904341 0.804044 0.763536 0.902098 0.750276 0.901434 0.909592 0.902870
3 0.913508 0.905778 0.000000 0.718911 0.889338 0.900258 0.861980 0.899595 0.869437 0.889746 0.831126
4 0.914275 0.906917 0.722590 0.000000 0.895588 0.902502 0.875276 0.904744 0.872380 0.893422 0.836645
5 0.907353 0.807721 0.889706 0.896691 0.000000 0.804779 0.895588 0.812868 0.897426 0.901874 0.896691
6 0.909024 0.763536 0.898417 0.902502 0.802574 0.000000 0.903938 0.752850 0.904744 0.909960 0.902502
7 0.914244 0.903938 0.863820 0.871965 0.894118 0.906515 0.000000 0.902905 0.721957 0.891584 0.867550
8 0.911364 0.752850 0.901067 0.903273 0.813603 0.758367 0.902905 0.000000 0.903273 0.909592 0.904009
9 0.915778 0.906583 0.870173 0.870541 0.895588 0.904744 0.721957 0.902538 0.000000 0.890114 0.871644
10 0.918045 0.911797 0.891952 0.893054 0.901139 0.913267 0.893789 0.909960 0.890849 0.000000 0.890849
11 0.915379 0.904341 0.831862 0.830758 0.893382 0.903974 0.864974 0.902538 0.870173 0.889746 0.000000
