11
1 0.000000 0.842640 0.835388 0.755072 0.830558 0.750725 0.848551 0.839855 0.841914 0.872556 0.836957
2 0.841189 0.000000 0.788252 0.819565 0.798697 0.811594 0.863043 0.792754 0.788252 0.859522 0.852174
3 0.832487 0.785352 0.000000 0.776812 0.586532 0.773188 0.852174 0.648551 0.194344 0.818972 0.839855
4 0.752899 0.818841 0.776812 0.000000 0.775525 0.426087 0.818841 0.766667 0.774638 0.850833 0.706522
5 0.827661 0.798697 0.587980 0.776973 0.000000 0.767560 0.860970 0.637219 0.582187 0.826213 0.847212
6 0.750000 0.811594 0.773188 0.425362 0.769732 0.000000 0.805072 0.751449 0.778261 0.852281 0.723188
7 0.845652 0.861594 0.854348 0.826087 0.860246 0.805072 0.000000 0.846377 0.853623 0.881970 0.856522
8 0.835507 0.792029 0.650000 0.765942 0.639392 0.751449 0.843478 0.000000 0.654348 0.812455 0.839130
9 0.839014 0.787527 0.194344 0.775362 0.582187 0.776812 0.852899 0.654348 0.000000 0.818972 0.839130
10 0.872556 0.858798 0.821868 0.851557 0.824041 0.852281 0.884142 0.813179 0.821144 0.000000 0.874728
11 0.840580 0.850000 0.843478 0.707246 0.848660 0.724638 0.857971 0.839855 0.839855 0.871832 0.000000
