11
1 0.000000 0.827254 0.795595 0.796832 0.813489 0.811554 0.818182 0.785420 0.803989 0.819807 0.808803
2 0.830007 0.000000 0.796284 0.797660 0.814178 0.786795 0.790778 0.790234 0.786107 0.808803 0.802613
3 0.798348 0.796972 0.000000 0.664143 0.777013 0.781981 0.786648 0.651995 0.579092 0.765475 0.762036
4 0.796143 0.799037 0.664143 0.000000 0.778390 0.781293 0.787190 0.593535 0.687758 0.768913 0.763411
5 0.812801 0.814866 0.779766 0.779078 0.000000 0.807428 0.798348 0.772352 0.773728 0.795048 0.794360
6 0.812242 0.786795 0.781293 0.777166 0.811554 0.000000 0.729711 0.764787 0.773728 0.790234 0.793673
7 0.817493 0.789401 0.785272 0.788567 0.801101 0.731774 0.000000 0.779917 0.777166 0.793673 0.794360
8 0.788858 0.791609 0.652682 0.595598 0.770977 0.766162 0.781981 0.000000 0.675378 0.761348 0.749656
9 0.807428 0.788171 0.583219 0.686382 0.773728 0.773728 0.778542 0.677442 0.000000 0.759973 0.751032
10 0.819120 0.810179 0.766162 0.769601 0.795736 0.791609 0.797799 0.760660 0.762036 0.000000 0.687070
11 0.813618 0.802613 0.760660 0.760660 0.797111 0.797799 0.795048 0.750344 0.751032 0.687758 0.000000
