11
1 0.000000 0.722741 0.736025 0.722741 0.710280 0.735202 0.700935 0.714724 0.713396 0.702786 0.735202
2 0.716511 0.000000 0.661491 0.670846 0.636364 0.658307 0.671875 0.392638 0.675000 0.544892 0.673981
3 0.742236 0.683230 0.000000 0.686335 0.680124 0.717391 0.692547 0.693252 0.639752 0.684211 0.711180
4 0.716511 0.661442 0.680124 0.000000 0.272727 0.413793 0.646875 0.668712 0.668750 0.665635 0.617555
5 0.710280 0.648903 0.680124 0.322884 0.000000 0.402516 0.625000 0.653374 0.693750 0.696594 0.623824
6 0.716511 0.664577 0.704969 0.407524 0.396226 0.000000 0.609375 0.656442 0.650000 0.637771 0.617555
7 0.704050 0.659375 0.667702 0.637500 0.606250 0.612500 0.000000 0.659509 0.678125 0.668731 0.603125
8 0.723926 0.414110 0.693252 0.687117 0.662577 0.674847 0.690184 0.000000 0.684049 0.533742 0.671779
9 0.707165 0.684375 0.621118 0.681250 0.671875 0.653125 0.681250 0.665644 0.000000 0.653251 0.696875
10 0.699690 0.544892 0.668731 0.656347 0.637771 0.625387 0.659443 0.509202 0.640867 0.000000 0.662539
11 0.735202 0.695925 0.698758 0.630094 0.592476 0.626959 0.615625 0.671779 0.706250 0.681115 0.000000
