11
1 0.000000 0.710135 0.707121 0.683397 0.719467 0.637924 0.859501 0.817303 0.643865 0.776837 0.806298
2 0.701486 0.000000 0.603278 0.618925 0.336422 0.503210 0.794902 0.767017 0.505216 0.672305 0.753041
3 0.711571 0.597103 0.000000 0.618960 0.608142 0.494944 0.802436 0.764544 0.495916 0.678095 0.755589
4 0.680993 0.625350 0.611979 0.000000 0.625583 0.526986 0.813630 0.730526 0.532917 0.694397 0.710425
5 0.714980 0.332328 0.597211 0.614994 0.000000 0.507298 0.797377 0.770336 0.510710 0.683513 0.751660
6 0.641169 0.503461 0.503353 0.527309 0.515833 0.000000 0.738982 0.720889 0.085368 0.577156 0.695571
7 0.848647 0.806508 0.792623 0.814258 0.808589 0.724386 0.000000 0.884938 0.729747 0.821416 0.868506
8 0.802426 0.763659 0.769122 0.724047 0.772502 0.703263 0.873368 0.000000 0.703510 0.813728 0.747874
9 0.647041 0.507694 0.498178 0.533653 0.520136 0.083844 0.746089 0.727911 0.000000 0.580034 0.687206
10 0.783763 0.690367 0.678257 0.700140 0.700210 0.571849 0.846531 0.822031 0.578975 0.000000 0.809851
11 0.801435 0.745397 0.749632 0.707698 0.750440 0.681460 0.883718 0.760201 0.685322 0.792033 0.000000
