11
1 0.000000 0.972302 0.967019 0.958519 0.971743 0.953268 0.983749 0.976594 0.954535 0.975961 0.974326
2 0.972540 0.000000 0.946992 0.953751 0.782547 0.915478 0.977551 0.977269 0.918813 0.967736 0.975680
3 0.967098 0.946952 0.000000 0.949460 0.948860 0.911627 0.976399 0.977509 0.912183 0.963762 0.973099
4 0.958717 0.953791 0.949658 0.000000 0.954228 0.925421 0.978942 0.965432 0.928163 0.967697 0.962850
5 0.971624 0.782189 0.948820 0.953830 0.000000 0.917385 0.976875 0.978104 0.920068 0.967736 0.974883
6 0.953745 0.915398 0.911786 0.925620 0.917703 0.000000 0.965671 0.969084 0.276972 0.936305 0.965667
7 0.983590 0.977670 0.976438 0.978822 0.977511 0.966227 0.000000 0.987007 0.966267 0.978822 0.985219
8 0.976673 0.977070 0.977509 0.965353 0.978302 0.968965 0.986968 0.000000 0.969878 0.983073 0.972024
9 0.954574 0.918375 0.912382 0.927924 0.920347 0.276773 0.965909 0.969758 0.000000 0.936703 0.965941
10 0.976040 0.967338 0.963603 0.967498 0.967855 0.936464 0.978902 0.982914 0.936902 0.000000 0.978702
11 0.974207 0.975362 0.973059 0.962889 0.975081 0.965468 0.985219 0.972024 0.965782 0.978663 0.000000
