11
1 0.000000 0.824638 0.836232 0.826812 0.842867 0.833333 0.837075 0.811594 0.818841 0.821274 0.823188
2 0.825362 0.000000 0.790580 0.731690 0.816075 0.720290 0.807386 0.609862 0.630892 0.707670 0.667391
3 0.839130 0.790580 0.000000 0.810870 0.776249 0.800000 0.828385 0.787681 0.791304 0.806078 0.803623
4 0.823188 0.731690 0.808696 0.000000 0.805214 0.548551 0.802317 0.720812 0.732415 0.769899 0.755797
5 0.842867 0.818248 0.779146 0.804489 0.000000 0.800145 0.814627 0.802317 0.812455 0.827062 0.825489
6 0.834783 0.717391 0.800725 0.549275 0.797973 0.000000 0.797973 0.701449 0.721014 0.748915 0.747101
7 0.840695 0.808834 0.827661 0.805938 0.816799 0.800145 0.000000 0.806662 0.811731 0.814038 0.813903
8 0.815942 0.609137 0.789130 0.720087 0.804489 0.700725 0.804489 0.000000 0.431472 0.611433 0.596377
9 0.823188 0.631617 0.789855 0.735315 0.813179 0.718116 0.806662 0.432197 0.000000 0.630970 0.625362
10 0.821997 0.708394 0.807525 0.773517 0.828509 0.743850 0.811867 0.612880 0.631693 0.000000 0.609986
11 0.826087 0.668116 0.802899 0.758696 0.826213 0.748551 0.810282 0.597101 0.627536 0.609986 0.000000
