11
1 0.000000 0.944803 0.945878 0.938929 0.939785 0.947312 0.956631 0.940860 0.946237 0.955556 0.954480
2 0.942652 0.000000 0.931541 0.931786 0.812545 0.753405 0.937276 0.737634 0.935125 0.950179 0.940860
3 0.944086 0.934050 0.000000 0.683571 0.918647 0.933646 0.893617 0.932203 0.894831 0.920778 0.853588
4 0.947500 0.936786 0.680714 0.000000 0.924286 0.936786 0.894286 0.939643 0.887500 0.921429 0.832143
5 0.931900 0.789606 0.905688 0.916429 0.000000 0.789057 0.925126 0.795896 0.922828 0.930166 0.926566
6 0.939068 0.727599 0.924630 0.924286 0.785817 0.000000 0.941835 0.720939 0.938622 0.947425 0.933189
7 0.946953 0.932258 0.885323 0.881786 0.924046 0.942919 0.000000 0.934657 0.679469 0.916817 0.890574
8 0.941935 0.751254 0.934367 0.933929 0.818574 0.732852 0.941155 0.000000 0.940057 0.947065 0.937906
9 0.944086 0.935125 0.876884 0.877500 0.923187 0.938263 0.677315 0.936827 0.000000 0.918162 0.890524
10 0.954839 0.949821 0.918977 0.912857 0.935205 0.953547 0.927980 0.948506 0.922111 0.000000 0.927260
11 0.943369 0.928315 0.819329 0.812500 0.920806 0.931744 0.879379 0.930325 0.880833 0.915376 0.000000
