11
1 0.000000 0.972938 0.974578 0.973867 0.980370 0.973985 0.975270 0.974900 0.976733 0.973175 0.974361
2 0.971771 0.000000 0.948967 0.939374 0.964180 0.946250 0.951178 0.952488 0.947743 0.947789 0.938136
3 0.974084 0.949739 0.000000 0.955322 0.972238 0.957654 0.959395 0.961935 0.914779 0.956847 0.955418
4 0.973017 0.939492 0.955183 0.000000 0.968401 0.954134 0.956845 0.958971 0.957063 0.953267 0.849146
5 0.978670 0.964041 0.971446 0.967748 0.000000 0.953848 0.956160 0.953852 0.969707 0.953010 0.968645
6 0.973056 0.946408 0.957377 0.953620 0.954581 0.000000 0.843357 0.934760 0.956489 0.826952 0.951988
7 0.974302 0.951435 0.959158 0.956707 0.956873 0.843991 0.000000 0.940492 0.959180 0.685033 0.956081
8 0.975671 0.954603 0.962686 0.960631 0.956263 0.936084 0.942211 0.000000 0.961836 0.936677 0.959860
9 0.976101 0.948258 0.915254 0.957063 0.970063 0.957439 0.959675 0.960710 0.000000 0.955680 0.955638
10 0.972681 0.948521 0.957124 0.953663 0.954414 0.827882 0.686121 0.935492 0.955403 0.000000 0.953307
11 0.972246 0.937364 0.954646 0.848810 0.968071 0.951810 0.955369 0.957607 0.954649 0.952239 0.000000
