11
1 0.000000 0.757816 0.734357 0.762945 0.727228 0.696278 0.750538 0.755281 0.748222 0.746237 0.735153
2 0.735649 0.000000 0.675582 0.708624 0.637295 0.619284 0.682587 0.685149 0.682090 0.672305 0.683129
3 0.727258 0.674922 0.000000 0.709097 0.618623 0.581971 0.579660 0.668317 0.577018 0.515272 0.569424
4 0.751696 0.713930 0.700512 0.000000 0.661597 0.668655 0.703372 0.723432 0.688133 0.713123 0.722406
5 0.717639 0.643412 0.623576 0.662589 0.000000 0.527525 0.624731 0.663861 0.610183 0.625723 0.660440
6 0.699586 0.622432 0.574212 0.668323 0.529178 0.000000 0.621935 0.614356 0.596753 0.607024 0.625746
7 0.751199 0.683914 0.580155 0.718485 0.627872 0.613983 0.000000 0.696865 0.235685 0.600066 0.604740
8 0.754951 0.692739 0.673432 0.727393 0.668482 0.613696 0.703300 0.000000 0.699340 0.679703 0.699835
9 0.747891 0.672637 0.568103 0.698091 0.621756 0.591948 0.244813 0.688284 0.000000 0.594357 0.612529
10 0.734160 0.665340 0.517418 0.720598 0.627872 0.602551 0.593091 0.674257 0.587552 0.000000 0.449287
11 0.741935 0.680809 0.566452 0.738150 0.661762 0.621107 0.613689 0.703300 0.629599 0.474975 0.000000
