11
1 0.000000 0.861581 0.828464 0.832754 0.842337 0.854278 0.856635 0.829160 0.830165 0.853544 0.853273
2 0.860577 0.000000 0.819239 0.823088 0.841607 0.796219 0.797804 0.820705 0.822392 0.841684 0.840716
3 0.829005 0.819549 0.000000 0.671292 0.790291 0.800108 0.806253 0.662364 0.576254 0.789828 0.783257
4 0.832097 0.822895 0.671176 0.000000 0.793185 0.805871 0.810525 0.564249 0.685707 0.794113 0.788188
5 0.839787 0.840331 0.788320 0.791560 0.000000 0.830129 0.831445 0.787498 0.795692 0.827509 0.827304
6 0.852848 0.795948 0.799915 0.806220 0.830786 0.000000 0.728007 0.802304 0.803774 0.835313 0.834493
7 0.855746 0.797688 0.805635 0.809481 0.832334 0.727891 0.000000 0.805474 0.810178 0.836472 0.835884
8 0.828773 0.821904 0.662132 0.564481 0.789779 0.802845 0.806247 0.000000 0.681112 0.790668 0.784709
9 0.829778 0.822624 0.575597 0.686519 0.797625 0.804045 0.810796 0.680725 0.000000 0.791515 0.787222
10 0.852230 0.840988 0.789402 0.792953 0.828322 0.834694 0.836240 0.789856 0.790780 0.000000 0.702342
11 0.853930 0.841759 0.784339 0.788961 0.829120 0.835421 0.837237 0.784477 0.787802 0.704004 0.000000
