11
1 0.000000 0.560091 0.559091 0.567198 0.562642 0.559091 0.561364 0.571754 0.556818 0.562358 0.556818
2 0.562358 0.000000 0.544218 0.557823 0.553288 0.532880 0.541950 0.548753 0.541950 0.541950 0.544218
3 0.556818 0.535147 0.000000 0.556818 0.538636 0.529545 0.525000 0.554545 0.525000 0.523810 0.529545
4 0.567198 0.557823 0.556818 0.000000 0.551253 0.554545 0.556818 0.567198 0.559091 0.560091 0.561364
5 0.564920 0.551020 0.540909 0.551253 0.000000 0.536364 0.538636 0.558087 0.543182 0.546485 0.543182
6 0.559091 0.532880 0.534091 0.554545 0.536364 0.000000 0.536364 0.538636 0.529545 0.537415 0.538636
7 0.561364 0.539683 0.527273 0.556818 0.538636 0.531818 0.000000 0.554545 0.404545 0.532880 0.531818
8 0.571754 0.548753 0.554545 0.569476 0.560364 0.538636 0.556818 0.000000 0.556818 0.560091 0.550000
9 0.556818 0.541950 0.525000 0.565909 0.545455 0.534091 0.406818 0.559091 0.000000 0.532880 0.529545
10 0.562358 0.539683 0.521542 0.557823 0.544218 0.535147 0.530612 0.560091 0.530612 0.000000 0.494331
11 0.556818 0.539683 0.531818 0.561364 0.545455 0.540909 0.534091 0.554545 0.529545 0.496599 0.000000
