11
1 0.000000 0.718535 0.665269 0.669399 0.702326 0.653450 0.632602 0.660503 0.692029 0.708381 0.705434
2 0.717391 0.000000 0.645444 0.655291 0.644724 0.630957 0.626311 0.647160 0.438299 0.698476 0.686940
3 0.665269 0.646779 0.000000 0.548227 0.636294 0.361799 0.503812 0.546702 0.612467 0.610095 0.615707
4 0.669209 0.654337 0.548418 0.000000 0.656816 0.524018 0.416397 0.181662 0.613346 0.606095 0.563203
5 0.703089 0.643198 0.635722 0.656053 0.000000 0.617423 0.606292 0.646207 0.590502 0.685143 0.680076
6 0.653069 0.633435 0.362181 0.524209 0.619329 0.000000 0.474838 0.520206 0.595883 0.581143 0.596073
7 0.632221 0.627455 0.506290 0.417159 0.607626 0.474647 0.000000 0.414220 0.574071 0.579238 0.474928
8 0.661647 0.647541 0.546512 0.182043 0.648303 0.520396 0.416508 0.000000 0.606367 0.599429 0.556424
9 0.693936 0.439634 0.613420 0.613537 0.591646 0.594548 0.573117 0.607511 0.000000 0.664762 0.651478
10 0.708762 0.700762 0.610857 0.607238 0.687810 0.581905 0.577905 0.600571 0.665524 0.000000 0.665905
11 0.704099 0.687131 0.616660 0.564728 0.681030 0.594548 0.475310 0.555661 0.649571 0.663810 0.000000
