11
1 0.000000 0.854270 0.858246 0.855332 0.841830 0.859877 0.857939 0.856171 0.861214 0.861042 0.861042
2 0.860458 0.000000 0.706918 0.854714 0.850123 0.860494 0.863243 0.852150 0.862933 0.859220 0.709468
3 0.859481 0.716183 0.000000 0.848981 0.847052 0.856173 0.859481 0.850834 0.860099 0.849907 0.619518
4 0.859351 0.856878 0.858246 0.000000 0.822174 0.851235 0.862751 0.835240 0.861206 0.855641 0.859660
5 0.852273 0.851658 0.845209 0.823710 0.000000 0.855344 0.863022 0.641585 0.859337 0.844287 0.848894
6 0.864815 0.856173 0.861728 0.852161 0.847666 0.000000 0.862346 0.852469 0.642593 0.848765 0.863272
7 0.850511 0.860148 0.856702 0.852241 0.843980 0.850617 0.000000 0.853387 0.855463 0.792943 0.860415
8 0.861738 0.855243 0.855466 0.831221 0.639435 0.853086 0.859264 0.000000 0.852768 0.839159 0.857099
9 0.859356 0.855198 0.853613 0.855641 0.846130 0.643827 0.861034 0.851531 0.000000 0.854399 0.862454
10 0.854529 0.848391 0.855775 0.846368 0.842445 0.845988 0.790777 0.841324 0.853779 0.000000 0.851955
11 0.858871 0.719988 0.623224 0.854096 0.847973 0.860185 0.860105 0.852150 0.863693 0.854128 0.000000
