11
1 0.000000 0.191453 0.193493 0.197615 0.190722 0.204117 0.190476 0.195205 0.194158 0.209262 0.209622
2 0.200000 0.000000 0.116239 0.148211 0.136752 0.150427 0.074830 0.119658 0.162393 0.210256 0.143590
3 0.198630 0.111111 0.000000 0.153322 0.140411 0.147260 0.119048 0.106164 0.162671 0.210616 0.128425
4 0.209540 0.153322 0.158433 0.000000 0.144804 0.114140 0.161565 0.153322 0.168654 0.209540 0.182283
5 0.190722 0.133333 0.136986 0.136286 0.000000 0.132075 0.130952 0.128425 0.142612 0.174957 0.151203
6 0.200686 0.145299 0.145548 0.105622 0.132075 0.000000 0.147959 0.138699 0.161235 0.193825 0.157804
7 0.202381 0.078231 0.127551 0.164966 0.137755 0.161565 0.000000 0.125850 0.164966 0.212585 0.147959
8 0.202055 0.119658 0.106164 0.148211 0.131849 0.143836 0.120748 0.000000 0.167808 0.208904 0.109589
9 0.197595 0.157265 0.164384 0.160136 0.144330 0.164666 0.156463 0.160959 0.000000 0.216124 0.171821
10 0.210978 0.205128 0.205479 0.201022 0.176672 0.197256 0.204082 0.203767 0.217839 0.000000 0.216124
11 0.211340 0.135043 0.125000 0.173765 0.152921 0.157804 0.137755 0.104452 0.171821 0.216124 0.000000
