11
1 0.000000 0.857536 0.863824 0.865795 0.868548 0.862354 0.864512 0.865795 0.860289 0.865887 0.864418
2 0.856848 0.000000 0.854883 0.854783 0.854683 0.833448 0.851444 0.851928 0.840330 0.865199 0.852030
3 0.861761 0.855571 0.000000 0.851444 0.852820 0.851444 0.850757 0.845254 0.861761 0.863824 0.846630
4 0.864418 0.856160 0.852820 0.000000 0.806607 0.856160 0.768226 0.823125 0.863042 0.866575 0.830007
5 0.865795 0.856061 0.848005 0.808672 0.000000 0.852030 0.804677 0.826446 0.860289 0.865199 0.828630
6 0.860977 0.833448 0.850069 0.855471 0.854095 0.000000 0.854883 0.847213 0.852719 0.852820 0.853407
7 0.866575 0.854195 0.852132 0.768226 0.806052 0.855571 0.000000 0.837001 0.861073 0.866575 0.834250
8 0.867171 0.849862 0.839752 0.823125 0.827135 0.845148 0.837689 0.000000 0.855471 0.865199 0.816242
9 0.860289 0.841019 0.861073 0.861666 0.862354 0.855471 0.859697 0.858913 0.000000 0.866575 0.863042
10 0.865199 0.864512 0.864512 0.865199 0.866575 0.854195 0.862448 0.863824 0.865887 0.000000 0.861761
11 0.863042 0.853407 0.843879 0.831383 0.830007 0.852719 0.832187 0.817619 0.863730 0.863136 0.000000
