11
1 0.000000 0.951029 0.952934 0.950457 0.953125 0.949505 0.950267 0.954649 0.951410 0.955221 0.948552
2 0.949505 0.000000 0.936904 0.936320 0.942972 0.847034 0.934211 0.931758 0.936499 0.932546 0.854393
3 0.952553 0.935570 0.000000 0.942623 0.944720 0.929279 0.943767 0.818719 0.943767 0.838034 0.930246
4 0.950267 0.937464 0.942623 0.000000 0.887512 0.932888 0.642135 0.938048 0.690562 0.938834 0.923766
5 0.951601 0.943162 0.942814 0.885224 0.000000 0.938382 0.892258 0.941479 0.900076 0.945884 0.935963
6 0.948742 0.848179 0.928708 0.932507 0.940481 0.000000 0.932113 0.921273 0.932876 0.922828 0.813798
7 0.949124 0.935355 0.943195 0.640610 0.892830 0.931922 0.000000 0.938048 0.630053 0.939787 0.928531
8 0.955412 0.932520 0.818528 0.938429 0.942242 0.921655 0.939192 0.000000 0.940336 0.726753 0.921479
9 0.951219 0.937071 0.944148 0.689418 0.900839 0.932113 0.630435 0.939192 0.000000 0.938262 0.928149
10 0.954649 0.934642 0.839558 0.938262 0.947599 0.922447 0.939596 0.722942 0.938072 0.000000 0.925495
11 0.947218 0.857061 0.930818 0.923575 0.938060 0.815132 0.929484 0.923575 0.929293 0.926639 0.000000
