11
1 0.000000 0.887489 0.879817 0.869676 0.875295 0.879599 0.891823 0.886027 0.896073 0.871473 0.871673
2 0.883653 0.000000 0.603253 0.618129 0.615524 0.610929 0.825897 0.688962 0.818232 0.670854 0.637988
3 0.880913 0.621711 0.000000 0.597015 0.610434 0.606922 0.808050 0.662829 0.810742 0.658292 0.636347
4 0.873680 0.622133 0.578813 0.000000 0.617888 0.620859 0.811613 0.669640 0.805788 0.655988 0.634146
5 0.881113 0.618978 0.606253 0.628613 0.000000 0.610434 0.816397 0.692420 0.826395 0.668060 0.609526
6 0.882331 0.632969 0.599636 0.613578 0.608980 0.000000 0.823712 0.672678 0.820036 0.641908 0.637705
7 0.894555 0.830632 0.817337 0.809793 0.817306 0.812967 0.000000 0.821526 0.639046 0.813763 0.822255
8 0.890959 0.689876 0.651681 0.676192 0.675877 0.667395 0.827718 0.000000 0.825904 0.645185 0.703974
9 0.895708 0.824991 0.816039 0.800146 0.817488 0.817851 0.646330 0.818232 0.000000 0.809394 0.818082
10 0.875296 0.678500 0.658656 0.652166 0.667515 0.646095 0.816312 0.642636 0.807209 0.000000 0.650282
11 0.873678 0.640904 0.619577 0.627594 0.606799 0.635883 0.813149 0.686657 0.815166 0.648098 0.000000
