11
1 0.000000 0.897236 0.888089 0.886337 0.885559 0.882639 0.900545 0.896458 0.890230 0.892371 0.900934
2 0.897431 0.000000 0.839953 0.838006 0.835475 0.827882 0.873832 0.857282 0.835864 0.841511 0.669132
3 0.888283 0.838980 0.000000 0.748053 0.695678 0.801402 0.850243 0.788746 0.664784 0.750195 0.850720
4 0.886726 0.838980 0.748832 0.000000 0.737344 0.803933 0.853583 0.740460 0.736760 0.630257 0.845076
5 0.885559 0.835086 0.696262 0.736760 0.000000 0.791277 0.850662 0.777453 0.669003 0.723520 0.843714
6 0.881471 0.828271 0.801402 0.803154 0.791472 0.000000 0.830218 0.826324 0.799650 0.809774 0.835734
7 0.899961 0.873637 0.850828 0.853583 0.850273 0.830218 0.000000 0.869159 0.850633 0.859229 0.875438
8 0.895485 0.857087 0.787967 0.740265 0.777064 0.823793 0.868769 0.000000 0.778232 0.753310 0.864149
9 0.890619 0.835475 0.665758 0.736371 0.669003 0.799260 0.850049 0.777453 0.000000 0.737344 0.843714
10 0.891397 0.841900 0.751168 0.629283 0.723131 0.809969 0.858645 0.753505 0.737539 0.000000 0.845076
11 0.899572 0.668743 0.851304 0.845660 0.843908 0.835539 0.876022 0.864733 0.844297 0.845660 0.000000
