11
1 0.000000 0.198543 0.188171 0.186739 0.213974 0.199964 0.198141 0.196175 0.203937 0.192462 0.190129
2 0.201457 0.000000 0.043494 0.043415 0.078785 0.065261 0.056648 0.055920 0.050091 0.048798 0.044254
3 0.193995 0.044950 0.000000 0.027248 0.062227 0.048900 0.040946 0.038944 0.051501 0.028025 0.014923
4 0.190554 0.045958 0.028520 0.000000 0.063034 0.049228 0.042325 0.039782 0.050863 0.036149 0.031608
5 0.219068 0.080604 0.062591 0.062307 0.000000 0.084167 0.052766 0.073690 0.084971 0.070233 0.066230
6 0.207235 0.066715 0.049082 0.047956 0.083076 0.000000 0.063625 0.042356 0.075804 0.053990 0.053263
7 0.205614 0.053916 0.036943 0.037057 0.048217 0.059626 0.000000 0.048270 0.059778 0.042061 0.039883
8 0.199454 0.056284 0.037853 0.037057 0.071870 0.041265 0.051366 0.000000 0.064481 0.042607 0.041158
9 0.208675 0.049909 0.050045 0.047956 0.082969 0.074532 0.062329 0.063934 0.000000 0.055899 0.051903
10 0.193190 0.048980 0.026570 0.033606 0.068777 0.052899 0.044792 0.042425 0.056264 0.000000 0.029315
11 0.192497 0.044618 0.013831 0.029246 0.065138 0.052172 0.043162 0.041522 0.052449 0.029680 0.000000
