11
1 0.000000 0.568182 0.575000 0.570455 0.569476 0.574032 0.572727 0.572727 0.575000 0.573696 0.566893
2 0.572727 0.000000 0.534091 0.540909 0.525000 0.511364 0.518182 0.520455 0.536364 0.544218 0.526077
3 0.575000 0.534091 0.000000 0.540909 0.429545 0.513636 0.527273 0.520455 0.543182 0.541950 0.519274
4 0.570455 0.538636 0.540909 0.000000 0.534091 0.484091 0.506818 0.504545 0.550000 0.539683 0.501134
5 0.567198 0.520455 0.429545 0.529545 0.000000 0.498861 0.506818 0.511364 0.543182 0.535147 0.510204
6 0.578588 0.513636 0.509091 0.484091 0.498861 0.000000 0.395455 0.413636 0.540909 0.528345 0.428571
7 0.577273 0.522727 0.525000 0.511364 0.513636 0.395455 0.000000 0.209091 0.522727 0.519274 0.312925
8 0.572727 0.518182 0.513636 0.504545 0.513636 0.413636 0.209091 0.000000 0.525000 0.521542 0.344671
9 0.579545 0.538636 0.543182 0.547727 0.540909 0.540909 0.520455 0.527273 0.000000 0.473923 0.528345
10 0.569161 0.544218 0.535147 0.539683 0.532880 0.526077 0.517007 0.519274 0.471655 0.000000 0.510204
11 0.571429 0.528345 0.521542 0.503401 0.514739 0.435374 0.315193 0.346939 0.528345 0.512472 0.000000
