11
1 0.000000 0.841573 0.837302 0.727469 0.837965 0.703717 0.866474 0.856009 0.847458 0.903319 0.833273
2 0.820642 0.000000 0.763709 0.772531 0.757499 0.766065 0.858896 0.769704 0.761269 0.873377 0.853941
3 0.844156 0.772006 0.000000 0.749820 0.549423 0.766595 0.862915 0.621934 0.166967 0.804113 0.853175
4 0.701154 0.779380 0.747657 0.000000 0.741168 0.364095 0.811464 0.773252 0.744412 0.866619 0.659337
5 0.818838 0.752801 0.533189 0.736482 0.000000 0.729603 0.867557 0.564510 0.521096 0.800144 0.829057
6 0.707326 0.796390 0.768398 0.392574 0.765343 0.000000 0.806207 0.791697 0.771367 0.881313 0.706859
7 0.853843 0.870444 0.852814 0.824802 0.872970 0.801516 0.000000 0.874414 0.861522 0.909452 0.874774
8 0.853482 0.793565 0.634921 0.791637 0.589086 0.752347 0.870805 0.000000 0.636134 0.820707 0.862369
9 0.849621 0.787595 0.161197 0.744412 0.532997 0.759466 0.866210 0.621349 0.000000 0.806347 0.843491
10 0.904401 0.877706 0.821789 0.882120 0.827922 0.886003 0.917749 0.828283 0.828345 0.000000 0.915945
11 0.827499 0.860448 0.844877 0.683850 0.845681 0.696390 0.882353 0.866715 0.846015 0.913420 0.000000
