11
1 0.000000 0.396362 0.401874 0.373208 0.383131 0.375618 0.409241 0.389746 0.375758 0.388644 0.377619
2 0.395810 0.000000 0.365651 0.364842 0.392049 0.380011 0.410891 0.383766 0.359229 0.384318 0.387258
3 0.400772 0.370637 0.000000 0.364842 0.393705 0.381109 0.399340 0.395362 0.359780 0.382109 0.390582
4 0.371555 0.360420 0.359867 0.000000 0.380453 0.369028 0.393839 0.382109 0.314050 0.358366 0.381426
5 0.387541 0.409166 0.406957 0.385975 0.000000 0.388797 0.285479 0.319713 0.387328 0.341800 0.390944
6 0.390994 0.384953 0.384953 0.369577 0.375069 0.000000 0.380011 0.372872 0.372323 0.357496 0.323998
7 0.396590 0.416392 0.410341 0.401540 0.287679 0.378364 0.000000 0.319032 0.391639 0.347085 0.394389
8 0.388093 0.391496 0.397018 0.378796 0.313639 0.373421 0.311881 0.000000 0.381267 0.319161 0.392049
9 0.371901 0.364738 0.361983 0.315702 0.383471 0.373970 0.391089 0.375207 0.000000 0.367493 0.381818
10 0.382580 0.383766 0.383766 0.364440 0.332413 0.352554 0.331683 0.320265 0.364187 0.000000 0.365544
11 0.374862 0.398338 0.394460 0.381426 0.387079 0.325645 0.386689 0.383766 0.371350 0.370514 0.000000
