11
1 0.000000 0.621276 0.643066 0.617980 0.636513 0.635736 0.616184 0.628420 0.651521 0.644831 0.648406
2 0.630049 0.000000 0.353832 0.457330 0.447200 0.457236 0.199016 0.327070 0.474685 0.569183 0.360994
3 0.633212 0.366241 0.000000 0.461160 0.477841 0.475032 0.361400 0.289858 0.478102 0.586131 0.341423
4 0.611050 0.455325 0.462436 0.000000 0.463895 0.346650 0.454711 0.426331 0.479942 0.566740 0.487965
5 0.641437 0.460879 0.471092 0.470095 0.000000 0.481932 0.445599 0.455225 0.495349 0.583804 0.501185
6 0.629562 0.445796 0.478664 0.348647 0.479935 0.000000 0.444525 0.443072 0.479390 0.579808 0.493190
7 0.605978 0.187534 0.341535 0.434846 0.445234 0.439985 0.000000 0.321305 0.461637 0.569528 0.357390
8 0.618752 0.326158 0.286392 0.422867 0.451942 0.437080 0.339348 0.000000 0.460233 0.575155 0.328895
9 0.639978 0.454030 0.460401 0.452772 0.492978 0.472308 0.470385 0.459686 0.000000 0.576944 0.501651
10 0.626350 0.568269 0.559489 0.576222 0.586905 0.575268 0.565154 0.556184 0.574199 0.000000 0.581885
11 0.643276 0.376714 0.336679 0.482312 0.483677 0.483022 0.371788 0.324881 0.501101 0.589570 0.000000
