11
1 0.000000 0.525776 0.538175 0.523986 0.529467 0.530776 0.536991 0.519219 0.535098 0.498613 0.516229
2 0.527019 0.000000 0.451893 0.467348 0.467122 0.450356 0.491677 0.196528 0.451047 0.284746 0.452550
3 0.539106 0.459342 0.000000 0.484370 0.485112 0.486854 0.503699 0.456293 0.367919 0.452696 0.455023
4 0.521820 0.482823 0.484061 0.000000 0.164036 0.202598 0.441122 0.484680 0.479064 0.471495 0.390726
5 0.526985 0.471774 0.482940 0.161869 0.000000 0.199814 0.446054 0.484501 0.499384 0.469337 0.394436
6 0.522116 0.466131 0.491494 0.199814 0.200742 0.000000 0.430333 0.466749 0.468904 0.461633 0.382689
7 0.541615 0.490136 0.506782 0.445129 0.448520 0.440814 0.000000 0.505549 0.500616 0.484746 0.391184
8 0.516119 0.200868 0.461252 0.483442 0.488531 0.477575 0.500000 0.000000 0.467980 0.289368 0.442658
9 0.538177 0.450431 0.371921 0.474138 0.490764 0.476601 0.499692 0.452586 0.000000 0.455665 0.455357
10 0.506626 0.287211 0.459168 0.467180 0.470878 0.459784 0.473035 0.290601 0.454126 0.000000 0.426502
11 0.520556 0.446059 0.459042 0.384544 0.396909 0.388872 0.385943 0.440804 0.458744 0.425270 0.000000
