11
1 0.000000 0.737675 0.741994 0.799208 0.757827 0.806405 0.711767 0.828356 0.819000 0.817200 0.830155
2 0.734437 0.000000 0.626844 0.745952 0.664268 0.733357 0.533285 0.738395 0.748111 0.707089 0.777618
3 0.724001 0.598057 0.000000 0.759539 0.654414 0.710991 0.567568 0.759726 0.770450 0.702342 0.786306
4 0.770781 0.709608 0.732901 0.000000 0.662347 0.791217 0.706983 0.800936 0.406767 0.794456 0.766379
5 0.749910 0.639079 0.687928 0.697624 0.000000 0.763472 0.629509 0.761527 0.698011 0.736747 0.738362
6 0.816841 0.734797 0.749189 0.799136 0.768535 0.000000 0.720058 0.638689 0.822785 0.596105 0.852400
7 0.713566 0.504858 0.582703 0.724982 0.624459 0.689394 0.000000 0.701369 0.716450 0.690588 0.754690
8 0.827276 0.717524 0.757205 0.829374 0.775216 0.641571 0.721902 0.000000 0.834294 0.447767 0.843660
9 0.807845 0.743073 0.765405 0.401728 0.700543 0.813743 0.733045 0.826729 0.000000 0.812838 0.797907
10 0.788773 0.687657 0.704865 0.798056 0.731699 0.580959 0.683736 0.434438 0.786152 0.000000 0.816444
11 0.822238 0.778697 0.782342 0.790857 0.752797 0.851317 0.747836 0.831052 0.799711 0.836278 0.000000
