11
1 0.000000 0.900382 0.903114 0.896922 0.901657 0.887634 0.894008 0.893462 0.893644 0.907667 0.899654
2 0.894555 0.000000 0.903374 0.876054 0.772627 0.874199 0.887159 0.899890 0.876054 0.793546 0.896715
3 0.896740 0.903924 0.000000 0.885159 0.901796 0.889581 0.861330 0.839361 0.886972 0.904902 0.902007
4 0.891277 0.877704 0.883875 0.000000 0.879993 0.863212 0.868840 0.882407 0.858375 0.870849 0.876095
5 0.898015 0.775925 0.901429 0.879443 0.000000 0.883538 0.887525 0.894833 0.881275 0.813118 0.891971
6 0.881989 0.878411 0.891412 0.865959 0.883538 0.000000 0.866691 0.878044 0.868156 0.880974 0.866788
7 0.890912 0.886426 0.862979 0.869940 0.888624 0.869438 0.000000 0.857849 0.874702 0.893387 0.884672
8 0.885995 0.900807 0.847439 0.882040 0.892268 0.875114 0.856018 0.000000 0.880917 0.899081 0.893978
9 0.888727 0.878988 0.884954 0.855256 0.880359 0.864311 0.873603 0.880550 0.000000 0.878716 0.879015
10 0.899290 0.792446 0.904718 0.869015 0.812935 0.877495 0.890822 0.897243 0.875780 0.000000 0.891788
11 0.900565 0.900547 0.908394 0.881569 0.895073 0.870803 0.888321 0.898723 0.882117 0.901460 0.000000
