11
1 0.000000 0.413636 0.409091 0.436364 0.415909 0.434091 0.419501 0.406818 0.410431 0.429864 0.405896
2 0.413636 0.000000 0.229545 0.315909 0.293182 0.329545 0.154195 0.265909 0.344671 0.411765 0.299320
3 0.409091 0.227273 0.000000 0.320455 0.315909 0.325000 0.269841 0.245455 0.353741 0.414027 0.283447
4 0.431818 0.311364 0.318182 0.000000 0.297727 0.229545 0.353741 0.304545 0.353741 0.418552 0.353741
5 0.415909 0.293182 0.315909 0.300000 0.000000 0.302273 0.303855 0.286364 0.308390 0.382353 0.308390
6 0.431818 0.329545 0.325000 0.231818 0.300000 0.000000 0.351474 0.302273 0.362812 0.407240 0.326531
7 0.419501 0.154195 0.274376 0.358277 0.308390 0.351474 0.000000 0.278912 0.340136 0.425339 0.310658
8 0.411364 0.265909 0.247727 0.311364 0.288636 0.304545 0.278912 0.000000 0.360544 0.411765 0.206349
9 0.408163 0.349206 0.356009 0.356009 0.308390 0.369615 0.340136 0.358277 0.000000 0.434389 0.356009
10 0.429864 0.409502 0.414027 0.427602 0.386878 0.411765 0.423077 0.411765 0.436652 0.000000 0.420814
11 0.410431 0.299320 0.285714 0.358277 0.308390 0.331066 0.310658 0.206349 0.351474 0.420814 0.000000
