11
1 0.000000 0.557772 0.527510 0.542641 0.506190 0.501375 0.490371 0.603851 0.503439 0.505842 0.534021
2 0.555708 0.000000 0.512397 0.216644 0.513421 0.454233 0.488292 0.603579 0.495179 0.507217 0.514777
3 0.525447 0.511708 0.000000 0.496561 0.364763 0.473503 0.486226 0.582932 0.337466 0.348454 0.426804
4 0.542641 0.218019 0.497249 0.000000 0.495186 0.454608 0.464237 0.597662 0.477992 0.485911 0.505155
5 0.506878 0.514109 0.366139 0.493122 0.000000 0.465933 0.464556 0.560908 0.317963 0.327148 0.367698
6 0.500000 0.456297 0.474880 0.455983 0.467997 0.000000 0.440468 0.581555 0.455609 0.447423 0.509278
7 0.490371 0.488981 0.486915 0.462173 0.465244 0.439780 0.000000 0.580179 0.463499 0.446735 0.484536
8 0.601788 0.604955 0.584308 0.598349 0.562973 0.577426 0.579491 0.000000 0.562285 0.571134 0.604811
9 0.502751 0.494490 0.338154 0.477304 0.317963 0.454233 0.462810 0.560908 0.000000 0.195189 0.390378
10 0.506529 0.507217 0.351203 0.484536 0.328522 0.447423 0.447423 0.571134 0.195876 0.000000 0.384192
11 0.538144 0.515464 0.429553 0.507217 0.371134 0.509966 0.490034 0.604811 0.391065 0.384192 0.000000
