11
1 0.000000 0.127506 0.117727 0.113490 0.157096 0.138797 0.162125 0.132762 0.135851 0.148472 0.132762
2 0.127506 0.000000 0.084452 0.080607 0.132957 0.103193 0.139938 0.093069 0.096925 0.106441 0.094997
3 0.118116 0.084647 0.000000 0.052345 0.125122 0.095738 0.129208 0.087371 0.090679 0.106441 0.087955
4 0.113296 0.080413 0.051761 0.000000 0.120109 0.092679 0.125146 0.086059 0.088167 0.103717 0.085458
5 0.157096 0.132957 0.124927 0.120498 0.000000 0.146778 0.129428 0.138797 0.142468 0.154894 0.138408
6 0.138602 0.102998 0.095349 0.092679 0.146584 0.000000 0.153756 0.075545 0.078435 0.114030 0.075141
7 0.162515 0.140132 0.129208 0.125730 0.129622 0.154146 0.000000 0.145582 0.150058 0.158202 0.145971
8 0.132762 0.093069 0.086982 0.086449 0.138797 0.075740 0.145387 0.000000 0.073569 0.106441 0.070664
9 0.136240 0.097314 0.090679 0.088945 0.142857 0.079019 0.150253 0.073959 0.000000 0.113446 0.074543
10 0.148862 0.107025 0.106636 0.104495 0.155283 0.114808 0.158397 0.106830 0.113446 0.000000 0.107414
11 0.132957 0.094997 0.087760 0.085848 0.138408 0.075530 0.145777 0.070664 0.074153 0.107219 0.000000
