11
1 0.000000 0.602161 0.580685 0.580247 0.590503 0.551543 0.570370 0.557716 0.581790 0.587654 0.625578
2 0.591358 0.000000 0.586239 0.580935 0.566451 0.540056 0.521253 0.547626 0.473342 0.533975 0.600924
3 0.574823 0.585313 0.000000 0.459118 0.515572 0.367171 0.508794 0.378587 0.509102 0.565258 0.378428
4 0.575309 0.625503 0.463129 0.000000 0.581560 0.422518 0.540699 0.445373 0.553699 0.552770 0.514330
5 0.592661 0.584027 0.527598 0.579402 0.000000 0.523898 0.533148 0.535924 0.559050 0.536540 0.590139
6 0.541049 0.535725 0.361925 0.419734 0.519272 0.000000 0.470152 0.377049 0.473245 0.502320 0.429276
7 0.554321 0.524666 0.503857 0.532962 0.510022 0.461491 0.000000 0.488516 0.477371 0.256992 0.554391
8 0.545062 0.539870 0.375501 0.437635 0.521739 0.370863 0.494413 0.000000 0.507130 0.523588 0.448382
9 0.588272 0.490391 0.511879 0.570102 0.555658 0.475719 0.487601 0.509609 0.000000 0.522009 0.566410
10 0.582716 0.540490 0.551682 0.544723 0.523589 0.513455 0.266314 0.514277 0.517359 0.000000 0.576271
11 0.614484 0.621880 0.390139 0.514022 0.573806 0.432666 0.570416 0.442527 0.564253 0.583667 0.000000
