11
1 0.000000 0.758621 0.768750 0.766562 0.763407 0.750789 0.768519 0.788644 0.785489 0.757764 0.776025
2 0.777429 0.000000 0.715625 0.752351 0.711599 0.755486 0.700617 0.730408 0.479624 0.714286 0.764890
3 0.778125 0.715625 0.000000 0.771875 0.734375 0.765625 0.728395 0.750000 0.740625 0.552795 0.765625
4 0.757098 0.724138 0.750000 0.000000 0.731861 0.744479 0.734568 0.740506 0.743671 0.742236 0.753165
5 0.779180 0.721003 0.737500 0.750789 0.000000 0.741325 0.722222 0.731861 0.722397 0.745342 0.794953
6 0.757098 0.771160 0.768750 0.741325 0.728707 0.000000 0.771605 0.760252 0.766562 0.745342 0.712934
7 0.780864 0.697531 0.719136 0.743827 0.728395 0.737654 0.000000 0.743827 0.700617 0.703704 0.753086
8 0.782334 0.739812 0.753125 0.762658 0.738170 0.760252 0.750000 0.000000 0.787302 0.704969 0.794304
9 0.788644 0.514107 0.756250 0.791139 0.766562 0.785489 0.722222 0.787302 0.000000 0.754658 0.781646
10 0.776398 0.723602 0.562112 0.754658 0.742236 0.748447 0.722222 0.714286 0.745342 0.000000 0.754658
11 0.810726 0.771160 0.787500 0.781646 0.794953 0.725552 0.768519 0.806962 0.797468 0.742236 0.000000
