11
1 0.000000 0.956217 0.959243 0.958965 0.957173 0.956038 0.962628 0.957232 0.959184 0.954624 0.955958
2 0.956177 0.000000 0.739514 0.756696 0.748780 0.701020 0.923149 0.787124 0.920150 0.775791 0.744434
3 0.959263 0.739494 0.000000 0.733078 0.752305 0.731449 0.920580 0.783062 0.918158 0.776886 0.739634
4 0.958985 0.756815 0.732979 0.000000 0.768525 0.744350 0.921740 0.794114 0.918995 0.784074 0.754605
5 0.956934 0.748641 0.752365 0.768505 0.000000 0.734442 0.924963 0.794970 0.922898 0.787181 0.731734
6 0.956297 0.700940 0.731469 0.744469 0.734541 0.000000 0.920261 0.771970 0.918895 0.759662 0.736189
7 0.962688 0.923229 0.920739 0.921680 0.925301 0.920401 0.000000 0.921202 0.730839 0.917863 0.921854
8 0.957451 0.787383 0.783221 0.794173 0.795169 0.771970 0.921222 0.000000 0.919951 0.764760 0.785829
9 0.959263 0.920329 0.918318 0.919015 0.922938 0.918915 0.730998 0.919990 0.000000 0.918719 0.918816
10 0.954564 0.775871 0.777065 0.784074 0.787280 0.759563 0.917903 0.764620 0.918679 0.000000 0.773899
11 0.956217 0.744474 0.739674 0.754744 0.731853 0.736269 0.921815 0.785750 0.918855 0.773840 0.000000
