11
1 0.000000 0.458194 0.419873 0.320596 0.418440 0.303658 0.486656 0.429265 0.419300 0.552883 0.419784
2 0.450953 0.000000 0.373124 0.395103 0.369712 0.388245 0.523177 0.393173 0.378209 0.510282 0.477815
3 0.415321 0.373824 0.000000 0.354940 0.215529 0.344493 0.496248 0.257278 0.059866 0.420109 0.448194
4 0.316653 0.392122 0.350434 0.000000 0.351547 0.141512 0.430855 0.370428 0.352746 0.493881 0.281931
5 0.415536 0.370824 0.217663 0.354129 0.000000 0.344338 0.495454 0.238035 0.219618 0.414418 0.437120
6 0.300808 0.384528 0.341674 0.142860 0.342401 0.000000 0.425700 0.362320 0.344085 0.486559 0.300770
7 0.481028 0.521364 0.489571 0.432238 0.484300 0.420726 0.000000 0.499973 0.489925 0.594032 0.502808
8 0.426864 0.395666 0.258767 0.376025 0.237299 0.363720 0.505031 0.000000 0.260453 0.412653 0.453228
9 0.412901 0.373290 0.058053 0.352350 0.216462 0.343313 0.490266 0.261153 0.000000 0.420307 0.443099
10 0.540677 0.510318 0.421222 0.498331 0.414077 0.487977 0.607795 0.412079 0.423160 0.000000 0.565728
11 0.414604 0.477134 0.447082 0.284784 0.440025 0.301290 0.506253 0.455542 0.446400 0.561709 0.000000
