11
1 0.000000 0.400310 0.438390 0.481734 0.412074 0.438390 0.462848 0.478947 0.430031 0.484428 0.443653
2 0.384830 0.000000 0.341410 0.376821 0.308746 0.347610 0.373916 0.389699 0.252406 0.399630 0.350140
3 0.430031 0.347002 0.000000 0.421134 0.361914 0.241465 0.411710 0.443376 0.370382 0.448042 0.348555
4 0.466563 0.372482 0.414627 0.000000 0.334056 0.417725 0.438352 0.428571 0.404400 0.446500 0.421444
5 0.409907 0.309991 0.359739 0.330028 0.000000 0.354128 0.383519 0.382563 0.327538 0.412889 0.362391
6 0.424149 0.348231 0.237741 0.416486 0.356300 0.000000 0.393432 0.416693 0.372750 0.428924 0.344817
7 0.458514 0.382900 0.413259 0.438971 0.383829 0.408302 0.000000 0.450434 0.400558 0.381437 0.413259
8 0.470898 0.387837 0.431275 0.437558 0.386596 0.429414 0.449195 0.000000 0.429414 0.465618 0.422588
9 0.411455 0.252717 0.359516 0.397583 0.324744 0.370888 0.381351 0.410487 0.000000 0.417823 0.369450
10 0.481961 0.399938 0.448042 0.460068 0.417515 0.433549 0.383287 0.463151 0.419673 0.000000 0.446500
11 0.443963 0.366013 0.354147 0.437868 0.374222 0.353817 0.416976 0.434688 0.383111 0.451434 0.000000
