11
1 0.000000 0.727648 0.725396 0.728837 0.746731 0.729023 0.724707 0.730902 0.733150 0.727835 0.726772
2 0.729023 0.000000 0.627235 0.296424 0.661623 0.455983 0.633425 0.526135 0.662999 0.220619 0.642366
3 0.725396 0.626547 0.000000 0.634549 0.658637 0.641678 0.439780 0.640743 0.600413 0.631615 0.586373
4 0.727460 0.295048 0.633173 0.000000 0.658637 0.444292 0.646937 0.525120 0.667813 0.314777 0.642808
5 0.743290 0.658184 0.657261 0.655196 0.000000 0.660248 0.670337 0.663912 0.686382 0.662543 0.678596
6 0.730399 0.455983 0.640990 0.444979 0.660248 0.000000 0.654058 0.552270 0.665750 0.465979 0.658184
7 0.726084 0.635488 0.440468 0.648314 0.672402 0.656121 0.000000 0.665520 0.601788 0.648110 0.594632
8 0.728837 0.524759 0.640743 0.525120 0.665289 0.552270 0.662078 0.000000 0.671252 0.535395 0.658637
9 0.733838 0.662311 0.601100 0.667125 0.688446 0.665062 0.599725 0.673315 0.000000 0.670790 0.577717
10 0.730584 0.219244 0.632990 0.316151 0.665979 0.465979 0.646735 0.534021 0.672165 0.000000 0.649485
11 0.728837 0.639615 0.588438 0.642808 0.679284 0.656809 0.593944 0.659326 0.579092 0.647423 0.000000
