11
1 0.000000 0.926362 0.928203 0.930044 0.926757 0.925313 0.930070 0.928624 0.925708 0.923077 0.925313
2 0.925258 0.000000 0.920442 0.926731 0.881487 0.874540 0.926389 0.925681 0.887459 0.814869 0.916851
3 0.928940 0.923020 0.000000 0.928940 0.912403 0.920898 0.926389 0.927152 0.920559 0.920133 0.920530
4 0.928571 0.928571 0.927835 0.000000 0.925285 0.925313 0.753773 0.928992 0.928282 0.927494 0.926784
5 0.925653 0.883327 0.914980 0.924549 0.000000 0.884106 0.925653 0.920162 0.897021 0.874126 0.905445
6 0.927888 0.877851 0.922369 0.926784 0.888521 0.000000 0.926784 0.925681 0.847003 0.867550 0.916851
7 0.928966 0.927126 0.927494 0.750092 0.926021 0.926784 0.000000 0.929728 0.929018 0.928966 0.926049
8 0.930096 0.925313 0.927888 0.929360 0.920898 0.924945 0.930096 0.000000 0.926444 0.926784 0.927888
9 0.928650 0.890401 0.921295 0.930489 0.898124 0.846267 0.928650 0.926811 0.000000 0.880103 0.916146
10 0.924549 0.815605 0.918660 0.927494 0.870445 0.863135 0.928230 0.924209 0.876425 0.000000 0.916483
11 0.925313 0.919794 0.922001 0.927520 0.903606 0.913907 0.927520 0.926416 0.915042 0.915011 0.000000
