11
1 0.000000 0.952006 0.947656 0.953838 0.944262 0.948892 0.959700 0.954754 0.950357 0.951090 0.948389
2 0.950540 0.000000 0.942185 0.946209 0.944809 0.948497 0.949844 0.954253 0.949532 0.947060 0.872987
3 0.950575 0.949663 0.000000 0.909903 0.936248 0.925223 0.953675 0.925223 0.929053 0.927047 0.947474
4 0.952555 0.945291 0.901879 0.000000 0.928415 0.929985 0.944557 0.925831 0.904386 0.904195 0.943448
5 0.948998 0.950638 0.938980 0.935701 0.000000 0.943716 0.936430 0.944627 0.937887 0.938434 0.947177
6 0.949808 0.951246 0.921393 0.932918 0.939344 0.000000 0.947214 0.874084 0.932185 0.941015 0.948572
7 0.950174 0.945802 0.939996 0.941068 0.925137 0.938050 0.000000 0.949015 0.932281 0.936435 0.947840
8 0.952189 0.952600 0.919205 0.927667 0.936976 0.871334 0.953249 0.000000 0.931731 0.934970 0.948938
9 0.949624 0.948247 0.921941 0.906588 0.929508 0.926136 0.937236 0.934300 0.000000 0.904744 0.945827
10 0.952189 0.949258 0.924676 0.910423 0.933151 0.940832 0.945228 0.939000 0.908225 0.000000 0.949488
11 0.950037 0.877379 0.946015 0.945827 0.942805 0.949488 0.956625 0.952233 0.948572 0.950586 0.000000
