11
1 0.000000 0.868040 0.865561 0.870310 0.872117 0.865128 0.874023 0.864927 0.887152 0.881915 0.865524
2 0.867277 0.000000 0.804920 0.787088 0.713932 0.766400 0.722508 0.837493 0.857987 0.837529 0.804000
3 0.866133 0.803394 0.000000 0.809179 0.809796 0.785660 0.813417 0.822252 0.853603 0.841915 0.528571
4 0.872215 0.788993 0.811845 0.000000 0.797943 0.727480 0.801181 0.843268 0.862883 0.838888 0.810512
5 0.872880 0.714313 0.810749 0.797372 0.000000 0.773966 0.577282 0.840541 0.859539 0.843148 0.810857
6 0.866082 0.766781 0.787185 0.726719 0.773585 0.000000 0.775300 0.833873 0.856653 0.826593 0.786286
7 0.874786 0.721936 0.815323 0.800419 0.576711 0.775491 0.000000 0.841875 0.862588 0.844673 0.814476
8 0.866070 0.838064 0.822633 0.841935 0.841684 0.834826 0.841875 0.000000 0.872357 0.855973 0.824190
9 0.888296 0.859131 0.853793 0.863264 0.861063 0.857796 0.862207 0.870642 0.000000 0.876287 0.854857
10 0.881915 0.836194 0.840008 0.836793 0.841433 0.826784 0.841814 0.854639 0.873999 0.000000 0.839619
11 0.868190 0.804000 0.529143 0.810893 0.812571 0.787810 0.815048 0.824571 0.855048 0.841333 0.000000
