11
1 0.000000 0.697161 0.709779 0.700315 0.716088 0.655172 0.794953 0.678233 0.681388 0.665615 0.668770
2 0.697161 0.000000 0.290221 0.460568 0.195584 0.564263 0.722397 0.514196 0.457413 0.574133 0.589905
3 0.735016 0.331230 0.000000 0.525316 0.357595 0.658307 0.737342 0.541139 0.556962 0.667722 0.680380
4 0.725552 0.507886 0.544304 0.000000 0.493631 0.583072 0.748408 0.568254 0.203175 0.582278 0.616613
5 0.719243 0.217666 0.335443 0.474522 0.000000 0.592476 0.735669 0.530159 0.482540 0.588608 0.611465
6 0.652038 0.561128 0.598746 0.561128 0.579937 0.000000 0.736677 0.429467 0.567398 0.094044 0.128527
7 0.779180 0.725552 0.731013 0.729299 0.729299 0.727273 0.000000 0.711111 0.717460 0.743671 0.748408
8 0.662461 0.501577 0.528481 0.533333 0.511111 0.410658 0.723810 0.000000 0.536508 0.417722 0.419048
9 0.681388 0.460568 0.503165 0.196825 0.514286 0.573668 0.726984 0.546032 0.000000 0.579114 0.603175
10 0.646688 0.555205 0.601266 0.566456 0.572785 0.084639 0.772152 0.424051 0.579114 0.000000 0.158228
11 0.646688 0.561514 0.601266 0.581470 0.573248 0.103448 0.729299 0.409524 0.580952 0.142405 0.000000
