11
1 0.000000 0.989463 0.986345 0.990765 0.989068 0.989680 0.989226 0.988911 0.988417 0.988654 0.989542
2 0.986484 0.000000 0.977583 0.977789 0.914984 0.986543 0.985575 0.983895 0.983875 0.985733 0.915502
3 0.986523 0.979753 0.000000 0.986660 0.982319 0.987193 0.986226 0.984726 0.983542 0.986127 0.982891
4 0.986701 0.976465 0.982970 0.000000 0.978173 0.987837 0.987148 0.987204 0.985870 0.987174 0.978278
5 0.987332 0.915182 0.980424 0.979872 0.000000 0.987062 0.986430 0.985186 0.984929 0.986272 0.731344
6 0.986819 0.986088 0.983838 0.988173 0.985857 0.000000 0.975206 0.946484 0.975535 0.767396 0.986678
7 0.986148 0.984922 0.983108 0.987425 0.985442 0.975621 0.000000 0.957114 0.966839 0.974625 0.986085
8 0.985832 0.983381 0.981056 0.987916 0.983842 0.946939 0.956778 0.000000 0.962610 0.948499 0.984465
9 0.985990 0.984033 0.981233 0.986838 0.984218 0.976878 0.967808 0.963322 0.000000 0.975930 0.985258
10 0.986089 0.985673 0.983621 0.988380 0.985620 0.769669 0.975435 0.949606 0.976048 0.000000 0.985988
11 0.986858 0.915265 0.979753 0.978970 0.731067 0.987153 0.986382 0.984662 0.984763 0.985435 0.000000
