11
1 0.000000 0.527273 0.527273 0.525000 0.529545 0.540909 0.536364 0.534091 0.536364 0.526077 0.528345
2 0.525000 0.000000 0.479545 0.502273 0.504545 0.522727 0.420455 0.488636 0.297727 0.478458 0.487528
3 0.527273 0.481818 0.000000 0.270455 0.406818 0.500000 0.488636 0.479545 0.490909 0.467120 0.462585
4 0.527273 0.502273 0.268182 0.000000 0.443182 0.495455 0.504545 0.486364 0.509091 0.476190 0.462585
5 0.529545 0.504545 0.404545 0.438636 0.000000 0.501139 0.511364 0.468182 0.504545 0.460317 0.462585
6 0.540909 0.525000 0.500000 0.497727 0.498861 0.000000 0.527273 0.502273 0.529545 0.496599 0.519274
7 0.534091 0.415909 0.484091 0.500000 0.511364 0.522727 0.000000 0.488636 0.443182 0.473923 0.487528
8 0.531818 0.490909 0.477273 0.488636 0.468182 0.500000 0.488636 0.000000 0.502273 0.426304 0.226757
9 0.538636 0.300000 0.495455 0.506818 0.511364 0.531818 0.445455 0.504545 0.000000 0.507937 0.505669
10 0.521542 0.478458 0.467120 0.482993 0.460317 0.492063 0.471655 0.426304 0.503401 0.000000 0.392290
11 0.523810 0.487528 0.458050 0.467120 0.460317 0.514739 0.489796 0.229025 0.501134 0.390023 0.000000
