11
1 0.000000 0.854305 0.867772 0.860140 0.860611 0.838176 0.889827 0.821797 0.860876 0.841118 0.837808
2 0.855408 0.000000 0.409860 0.671818 0.349025 0.748069 0.859346 0.673289 0.676233 0.744024 0.746598
3 0.866667 0.408389 0.000000 0.715495 0.483266 0.770872 0.867058 0.707658 0.716231 0.767194 0.768297
4 0.861244 0.669242 0.717335 0.000000 0.671938 0.764619 0.862284 0.705926 0.313949 0.763884 0.762413
5 0.860611 0.350129 0.485105 0.673777 0.000000 0.753586 0.859346 0.675984 0.678926 0.751379 0.755057
6 0.842589 0.749540 0.774917 0.763148 0.754321 0.000000 0.853470 0.582935 0.762413 0.097462 0.109967
7 0.893133 0.862651 0.871833 0.864120 0.862284 0.853838 0.000000 0.836577 0.863019 0.855307 0.854205
8 0.824374 0.675497 0.711340 0.706294 0.675248 0.580728 0.836577 0.000000 0.711815 0.585509 0.582567
9 0.863084 0.673289 0.718439 0.313581 0.677455 0.763516 0.860448 0.710342 0.000000 0.762045 0.763148
10 0.845531 0.743288 0.769401 0.763148 0.750276 0.097095 0.854572 0.585877 0.762413 0.000000 0.127253
11 0.844060 0.747701 0.772711 0.762413 0.754689 0.109967 0.854205 0.584774 0.764252 0.127253 0.000000
