11
1 0.000000 0.671958 0.673740 0.669312 0.671088 0.673740 0.669312 0.669312 0.673740 0.667546 0.666667
2 0.671958 0.000000 0.235450 0.661376 0.653439 0.653439 0.664021 0.653439 0.666667 0.670185 0.661376
3 0.673740 0.235450 0.000000 0.664021 0.657825 0.657825 0.666667 0.661376 0.663130 0.672823 0.664021
4 0.669312 0.658730 0.658730 0.000000 0.653439 0.658730 0.661376 0.661376 0.664021 0.667546 0.664021
5 0.671088 0.650794 0.655172 0.656085 0.000000 0.363395 0.664021 0.666667 0.665783 0.670185 0.664021
6 0.673740 0.653439 0.657825 0.664021 0.363395 0.000000 0.669312 0.669312 0.668435 0.675462 0.658730
7 0.671958 0.656085 0.658730 0.650794 0.666667 0.669312 0.000000 0.658730 0.653439 0.667546 0.666667
8 0.671958 0.656085 0.661376 0.658730 0.666667 0.666667 0.661376 0.000000 0.658730 0.667546 0.666667
9 0.673740 0.664021 0.660477 0.658730 0.668435 0.668435 0.661376 0.656085 0.000000 0.672823 0.669312
10 0.670185 0.672823 0.675462 0.670185 0.675462 0.672823 0.667546 0.672823 0.675462 0.000000 0.670185
11 0.669312 0.664021 0.666667 0.666667 0.666667 0.656085 0.666667 0.664021 0.666667 0.670185 0.000000
