11
1 0.000000 0.908762 0.908762 0.908762 0.909486 0.910210 0.910210 0.908762 0.908762 0.908104 0.908104
2 0.908762 0.000000 0.908762 0.910210 0.908038 0.905865 0.908038 0.907314 0.847212 0.908104 0.908104
3 0.909486 0.909486 0.000000 0.909486 0.910210 0.909486 0.910210 0.909486 0.908762 0.909551 0.908828
4 0.908762 0.910210 0.909486 0.000000 0.909420 0.908696 0.909420 0.909486 0.907971 0.909551 0.907381
5 0.908762 0.908762 0.910934 0.910145 0.000000 0.910145 0.908696 0.908762 0.907971 0.908828 0.909551
6 0.910210 0.905141 0.909486 0.909420 0.909420 0.000000 0.909420 0.910210 0.905072 0.909551 0.909551
7 0.908762 0.908762 0.909486 0.910145 0.908696 0.910145 0.000000 0.908762 0.908696 0.908104 0.908828
8 0.909486 0.908038 0.908762 0.910210 0.908038 0.910210 0.909486 0.000000 0.909486 0.908828 0.908828
9 0.908038 0.845764 0.909486 0.907971 0.907971 0.905797 0.908696 0.908762 0.000000 0.909551 0.907381
10 0.907381 0.908104 0.908828 0.909551 0.909551 0.910999 0.907381 0.908828 0.909551 0.000000 0.908104
11 0.908828 0.908104 0.909551 0.908828 0.910275 0.908828 0.910275 0.909551 0.908828 0.907381 0.000000
