11
1 0.000000 0.538252 0.516839 0.539031 0.495815 0.568036 0.582717 0.579132 0.521900 0.575516 0.523263
2 0.537473 0.000000 0.372591 0.456581 0.387266 0.472157 0.527637 0.475467 0.416358 0.462826 0.402959
3 0.516644 0.372980 0.000000 0.437025 0.368503 0.465447 0.514597 0.455129 0.412303 0.441612 0.398287
4 0.539031 0.456776 0.437025 0.000000 0.367017 0.440421 0.550993 0.508567 0.433411 0.491047 0.433132
5 0.496009 0.387850 0.368308 0.367017 0.000000 0.404400 0.489685 0.459891 0.385903 0.443363 0.370644
6 0.569009 0.472741 0.465836 0.440615 0.404790 0.000000 0.555469 0.523364 0.476246 0.510121 0.461553
7 0.582133 0.527832 0.514208 0.551771 0.489879 0.555274 0.000000 0.580187 0.515765 0.575127 0.504476
8 0.578937 0.475662 0.454935 0.507983 0.459502 0.522780 0.580381 0.000000 0.491822 0.152199 0.480825
9 0.522484 0.416553 0.412108 0.433411 0.385903 0.476051 0.515960 0.491628 0.000000 0.482483 0.270781
10 0.575321 0.463215 0.441612 0.490463 0.442974 0.510121 0.575516 0.152394 0.483457 0.000000 0.470222
11 0.523068 0.403543 0.398092 0.432938 0.370839 0.461359 0.504671 0.480825 0.271170 0.469833 0.000000
