11
1 0.000000 0.948784 0.944232 0.944941 0.944566 0.945862 0.952913 0.945474 0.945594 0.944172 0.950907
2 0.948967 0.000000 0.837616 0.810757 0.931072 0.865658 0.922810 0.935660 0.893543 0.906165 0.930492
3 0.946419 0.838892 0.000000 0.752324 0.929834 0.821032 0.917623 0.934569 0.887370 0.896708 0.935848
4 0.946582 0.806563 0.759796 0.000000 0.924521 0.763033 0.916500 0.933479 0.883683 0.889434 0.931267
5 0.947119 0.935266 0.934026 0.928897 0.000000 0.935290 0.939096 0.935115 0.921955 0.932715 0.941101
6 0.948050 0.867663 0.816475 0.766497 0.931644 0.000000 0.923624 0.932752 0.902479 0.911075 0.939118
7 0.948699 0.919151 0.912338 0.911395 0.929613 0.918338 0.000000 0.937114 0.826159 0.921077 0.933871
8 0.949836 0.942566 0.936205 0.935660 0.933842 0.934933 0.944747 0.000000 0.936568 0.937477 0.946565
9 0.944129 0.891531 0.883907 0.881495 0.917396 0.901203 0.819564 0.931843 0.000000 0.907983 0.922696
10 0.951082 0.912348 0.903073 0.894708 0.935079 0.916712 0.931624 0.938023 0.915621 0.000000 0.938534
11 0.948892 0.930492 0.934937 0.928715 0.936360 0.937113 0.936802 0.939477 0.922513 0.931260 0.000000
