11
1 0.000000 0.970726 0.964493 0.965580 0.959828 0.963459 0.967101 0.963773 0.964855 0.963419 0.959581
2 0.971449 0.000000 0.938200 0.953741 0.953372 0.954102 0.954825 0.890603 0.958077 0.942537 0.951642
3 0.968478 0.946512 0.000000 0.948151 0.950143 0.955499 0.957701 0.935796 0.960841 0.741398 0.953807
4 0.966304 0.956993 0.945250 0.000000 0.937948 0.838640 0.874548 0.938666 0.838838 0.948932 0.853843
5 0.960904 0.959110 0.949785 0.945481 0.000000 0.940100 0.938307 0.952296 0.948350 0.956600 0.938666
6 0.959479 0.950126 0.949711 0.848408 0.934720 0.000000 0.866233 0.945122 0.576700 0.949349 0.857813
7 0.971077 0.957355 0.953724 0.869125 0.934003 0.848156 0.000000 0.950143 0.852856 0.949747 0.813786
8 0.971306 0.903515 0.938307 0.947633 0.953013 0.952296 0.956958 0.000000 0.963415 0.939024 0.953013
9 0.963043 0.947597 0.952864 0.841016 0.939024 0.569826 0.862979 0.947991 0.000000 0.950380 0.859617
10 0.967041 0.947958 0.719305 0.949294 0.952296 0.950434 0.958062 0.935079 0.959797 0.000000 0.949838
11 0.963190 0.957416 0.955612 0.866113 0.939024 0.864309 0.829304 0.948709 0.870083 0.953086 0.000000
