11
1 0.000000 0.865349 0.868974 0.867016 0.864706 0.864690 0.865616 0.866625 0.865699 0.868421 0.868437
2 0.867511 0.000000 0.866584 0.868251 0.866893 0.863805 0.865967 0.864464 0.863847 0.871526 0.868437
3 0.872991 0.868437 0.000000 0.869793 0.867120 0.868088 0.864381 0.864773 0.865082 0.873300 0.862878
4 0.867325 0.866708 0.866708 0.000000 0.796668 0.865782 0.694539 0.865782 0.818574 0.872262 0.867016
5 0.863777 0.863187 0.863721 0.796051 0.000000 0.865616 0.803522 0.864156 0.440568 0.866130 0.866584
6 0.866852 0.861643 0.866852 0.864548 0.865616 0.000000 0.868706 0.860451 0.863538 0.869941 0.864731
7 0.865307 0.864423 0.859438 0.676952 0.813099 0.861291 0.000000 0.862612 0.811053 0.866543 0.865040
8 0.868478 0.860759 0.865082 0.870102 0.869095 0.861377 0.867860 0.000000 0.863538 0.873109 0.869095
9 0.866934 0.866625 0.865699 0.782783 0.448904 0.867860 0.795307 0.868169 0.000000 0.872183 0.869095
10 0.866563 0.867511 0.865575 0.866091 0.866130 0.864998 0.863454 0.864156 0.861686 0.000000 0.816553
11 0.870908 0.864423 0.861952 0.867016 0.865967 0.861334 0.862878 0.862303 0.863538 0.810068 0.000000
