11
1 0.000000 0.908696 0.909420 0.906589 0.911594 0.908762 0.908696 0.910145 0.909420 0.908828 0.907246
2 0.910145 0.000000 0.910145 0.909486 0.911594 0.910210 0.910145 0.910145 0.867391 0.909551 0.910145
3 0.909420 0.910145 0.000000 0.901521 0.911530 0.893555 0.900725 0.902103 0.910145 0.907381 0.897101
4 0.908762 0.908762 0.903693 0.000000 0.911658 0.898624 0.892107 0.833454 0.911658 0.906657 0.900797
5 0.911594 0.910145 0.910080 0.909486 0.000000 0.907314 0.907246 0.910805 0.910145 0.879161 0.906522
6 0.908762 0.908038 0.895728 0.897176 0.910210 0.000000 0.858074 0.900797 0.908038 0.909551 0.669805
7 0.909420 0.909420 0.902174 0.889935 0.910145 0.859522 0.000000 0.902899 0.909420 0.909551 0.849275
8 0.910870 0.909420 0.905004 0.830558 0.911530 0.901521 0.903623 0.000000 0.910145 0.909551 0.900000
9 0.910145 0.865217 0.910870 0.909486 0.910145 0.908762 0.911594 0.910870 0.000000 0.909551 0.910145
10 0.909551 0.910275 0.907381 0.908104 0.877713 0.908828 0.908104 0.910999 0.910275 0.000000 0.906657
11 0.907971 0.908696 0.895652 0.898624 0.907971 0.671253 0.847101 0.900000 0.910145 0.905933 0.000000
