11
1 0.000000 0.596273 0.601246 0.586420 0.590062 0.585670 0.590062 0.595016 0.644860 0.601246 0.597523
2 0.596273 0.000000 0.490683 0.151235 0.481366 0.329193 0.450311 0.391304 0.521739 0.124224 0.501548
3 0.607477 0.487578 0.000000 0.490741 0.512422 0.501558 0.298137 0.489097 0.479751 0.482866 0.436532
4 0.589506 0.160494 0.496914 0.000000 0.496914 0.348765 0.469136 0.382716 0.527778 0.188272 0.503086
5 0.655280 0.493789 0.506211 0.487654 0.000000 0.472050 0.475155 0.472050 0.555901 0.503106 0.532508
6 0.591900 0.332298 0.492212 0.339506 0.475155 0.000000 0.459627 0.401869 0.554517 0.348910 0.517028
7 0.580745 0.444099 0.279503 0.456790 0.475155 0.459627 0.000000 0.472050 0.409938 0.465839 0.390093
8 0.579439 0.375776 0.482866 0.425926 0.453416 0.436137 0.468944 0.000000 0.538941 0.376947 0.520124
9 0.619938 0.512422 0.445483 0.512346 0.546584 0.548287 0.397516 0.532710 0.000000 0.525000 0.411765
10 0.588785 0.114907 0.476636 0.175926 0.490683 0.336449 0.453416 0.376947 0.534375 0.000000 0.501548
11 0.609907 0.510836 0.424149 0.506173 0.535604 0.513932 0.390093 0.510836 0.433437 0.510836 0.000000
