11
1 0.000000 0.958437 0.960137 0.957905 0.959810 0.961509 0.960526 0.961289 0.958262 0.960366 0.960549
2 0.960343 0.000000 0.954623 0.942476 0.953714 0.952744 0.954242 0.955767 0.883743 0.954649 0.948733
3 0.959947 0.952908 0.000000 0.952190 0.957143 0.934070 0.958429 0.958619 0.953307 0.890244 0.927768
4 0.960000 0.942667 0.955619 0.000000 0.958476 0.955238 0.958667 0.957333 0.942095 0.956952 0.955238
5 0.961524 0.955048 0.959238 0.958667 0.000000 0.959048 0.958286 0.958095 0.954857 0.958857 0.959048
6 0.962271 0.952363 0.935213 0.954667 0.958476 0.000000 0.960556 0.958079 0.956555 0.942645 0.881479
7 0.961289 0.954814 0.959001 0.957714 0.957333 0.959032 0.000000 0.919527 0.955594 0.959985 0.959977
8 0.961670 0.955577 0.958619 0.956381 0.957524 0.958460 0.921053 0.000000 0.955975 0.959985 0.960168
9 0.959405 0.883171 0.955212 0.942667 0.954286 0.956936 0.955022 0.956928 0.000000 0.954840 0.954069
10 0.960556 0.954268 0.891387 0.954286 0.959238 0.943598 0.960175 0.959985 0.955031 0.000000 0.938834
11 0.962264 0.949304 0.929674 0.954286 0.959429 0.879192 0.959787 0.959787 0.952926 0.938643 0.000000
