11
1 0.000000 0.965493 0.969718 0.960563 0.961268 0.963432 0.969014 0.971831 0.969014 0.962676 0.961268
2 0.950704 0.000000 0.959831 0.959831 0.952817 0.944444 0.935870 0.965469 0.961240 0.953488 0.952079
3 0.948592 0.961945 0.000000 0.960508 0.954930 0.952883 0.967330 0.961648 0.963830 0.963855 0.958953
4 0.955634 0.965469 0.969676 0.000000 0.773239 0.959212 0.965444 0.973202 0.963329 0.968265 0.923131
5 0.957747 0.966901 0.967606 0.763380 0.000000 0.954993 0.973944 0.973239 0.969718 0.962676 0.919014
6 0.958509 0.957103 0.967651 0.969761 0.962025 0.000000 0.964838 0.972574 0.958509 0.670886 0.964135
7 0.955634 0.938689 0.976562 0.964739 0.964789 0.958509 0.000000 0.980824 0.965957 0.964564 0.967445
8 0.963380 0.971811 0.973011 0.964739 0.965493 0.963432 0.977273 0.000000 0.964539 0.969525 0.968861
9 0.957747 0.959126 0.965248 0.956276 0.959859 0.944444 0.959574 0.972340 0.000000 0.958894 0.960368
10 0.956338 0.957012 0.970943 0.964739 0.959155 0.699719 0.964564 0.968816 0.952516 0.000000 0.963907
11 0.961268 0.959831 0.961783 0.917489 0.920423 0.954290 0.964614 0.961783 0.966737 0.958245 0.000000
