11
1 0.000000 0.763264 0.761068 0.749954 0.758577 0.750000 0.762898 0.759188 0.751006 0.738765 0.759239
2 0.760154 0.000000 0.689239 0.718859 0.734307 0.726112 0.691589 0.695008 0.709234 0.698940 0.691489
3 0.761617 0.692716 0.000000 0.711725 0.733029 0.731583 0.558382 0.659536 0.711750 0.699306 0.667460
4 0.750686 0.721419 0.712457 0.000000 0.697080 0.689278 0.718310 0.716402 0.665081 0.640848 0.715749
5 0.759307 0.737226 0.733942 0.694526 0.000000 0.478848 0.735766 0.733029 0.691058 0.672993 0.734124
6 0.753465 0.735047 0.731947 0.688184 0.479942 0.000000 0.733042 0.730124 0.685996 0.669402 0.730124
7 0.757958 0.691589 0.557650 0.713920 0.729380 0.727206 0.000000 0.646736 0.707402 0.693277 0.649624
8 0.760285 0.697934 0.658073 0.716402 0.731569 0.727571 0.651490 0.000000 0.714939 0.702959 0.664655
9 0.753202 0.715647 0.712665 0.666545 0.689781 0.687637 0.711250 0.714756 0.000000 0.628060 0.711433
10 0.742419 0.706065 0.700767 0.646511 0.678832 0.671772 0.700767 0.701863 0.632992 0.000000 0.699854
11 0.755214 0.689839 0.662518 0.713188 0.731934 0.725748 0.651274 0.659901 0.708318 0.695104 0.000000
