11
1 0.000000 0.863284 0.861170 0.869993 0.854940 0.830867 0.883016 0.868217 0.855938 0.857042 0.842847
2 0.832276 0.000000 0.722458 0.712579 0.632095 0.752294 0.855226 0.712571 0.701335 0.704225 0.704802
3 0.848485 0.714689 0.000000 0.787772 0.714786 0.788991 0.870305 0.500354 0.560084 0.730986 0.731725
4 0.856641 0.722417 0.770204 0.000000 0.690259 0.811665 0.877020 0.768096 0.761771 0.778637 0.775123
5 0.825508 0.644709 0.704275 0.683252 0.000000 0.751226 0.846531 0.702873 0.695165 0.709180 0.698669
6 0.801973 0.749471 0.764996 0.801827 0.747022 0.000000 0.831334 0.771348 0.775826 0.739437 0.742414
7 0.876674 0.868644 0.876683 0.874912 0.859846 0.851094 0.000000 0.872431 0.872804 0.873239 0.866761
8 0.835095 0.713277 0.460666 0.751230 0.693062 0.776288 0.851878 0.000000 0.380183 0.713380 0.703756
9 0.832045 0.708363 0.531272 0.767393 0.696566 0.785664 0.860155 0.391427 0.000000 0.721715 0.708363
10 0.826056 0.709859 0.727465 0.772312 0.702172 0.742254 0.854930 0.718310 0.713282 0.000000 0.626056
11 0.820296 0.692797 0.694819 0.760365 0.689559 0.736768 0.841956 0.708009 0.687280 0.619718 0.000000
