11
1 0.000000 0.785477 0.785398 0.793237 0.781163 0.779484 0.786386 0.786070 0.788248 0.781026 0.781457
2 0.782151 0.000000 0.772677 0.784922 0.772299 0.771805 0.777532 0.775014 0.773282 0.762824 0.777594
3 0.785951 0.771018 0.000000 0.705199 0.650996 0.752057 0.752212 0.750691 0.757743 0.768891 0.608168
4 0.786585 0.781596 0.733960 0.000000 0.711911 0.763028 0.769231 0.772250 0.763465 0.769994 0.735651
5 0.778393 0.765651 0.668142 0.718560 0.000000 0.748217 0.743221 0.755666 0.742936 0.767788 0.610375
6 0.783873 0.782227 0.772902 0.769611 0.755348 0.000000 0.422929 0.445968 0.438289 0.773999 0.764125
7 0.778639 0.776978 0.751659 0.771444 0.750968 0.413055 0.000000 0.404643 0.310459 0.770546 0.754967
8 0.779436 0.781095 0.752349 0.775567 0.756219 0.436643 0.401327 0.000000 0.399116 0.777717 0.765453
9 0.784922 0.777716 0.766040 0.759023 0.742936 0.414701 0.308799 0.390271 0.000000 0.774959 0.747792
10 0.787093 0.766685 0.778820 0.777165 0.778820 0.760834 0.776613 0.777165 0.775510 0.000000 0.780474
11 0.788631 0.778146 0.614790 0.735651 0.639073 0.760834 0.753311 0.769316 0.754415 0.773856 0.000000
