11
1 0.000000 0.959032 0.954649 0.956555 0.956364 0.955221 0.954086 0.956745 0.957889 0.955412 0.952753
2 0.957698 0.000000 0.952726 0.951791 0.955204 0.949104 0.944370 0.953878 0.877430 0.954441 0.946085
3 0.954078 0.953298 0.000000 0.944550 0.951963 0.925453 0.923033 0.948161 0.951582 0.951001 0.918080
4 0.954840 0.951982 0.945694 0.000000 0.949886 0.931212 0.920556 0.819931 0.949695 0.952363 0.928939
5 0.955983 0.955776 0.952154 0.951791 0.000000 0.948151 0.943227 0.953878 0.954632 0.884483 0.947038
6 0.953697 0.948532 0.924881 0.930640 0.948532 0.000000 0.867403 0.939966 0.947770 0.948332 0.617641
7 0.953134 0.945132 0.925319 0.919223 0.943608 0.867594 0.000000 0.930844 0.941322 0.945132 0.858068
8 0.955793 0.954641 0.949495 0.819741 0.952163 0.940537 0.931797 0.000000 0.951782 0.953688 0.935416
9 0.956936 0.877430 0.951010 0.950838 0.955013 0.947579 0.941703 0.951591 0.000000 0.953870 0.945132
10 0.954459 0.955395 0.951382 0.952363 0.885627 0.947569 0.946275 0.953307 0.953679 0.000000 0.946657
11 0.953134 0.947228 0.918651 0.929510 0.946466 0.620118 0.859592 0.937131 0.946085 0.947990 0.000000
