11
1 0.000000 0.772464 0.771739 0.771904 0.792180 0.776087 0.772464 0.777536 0.778261 0.771511 0.772629
2 0.770290 0.000000 0.660870 0.320058 0.700217 0.481884 0.668116 0.553623 0.701449 0.244396 0.674873
3 0.768116 0.657971 0.000000 0.666908 0.695148 0.678261 0.465942 0.675362 0.632609 0.663051 0.620565
4 0.770456 0.320058 0.668356 0.000000 0.692252 0.469949 0.681390 0.550326 0.704562 0.336949 0.674873
5 0.792904 0.700941 0.697321 0.692976 0.000000 0.701665 0.710355 0.704562 0.730630 0.702820 0.723389
6 0.776087 0.481884 0.678261 0.467777 0.700941 0.000000 0.693478 0.581884 0.708696 0.491685 0.696597
7 0.766667 0.665942 0.465942 0.679218 0.710355 0.693478 0.000000 0.697826 0.634058 0.677513 0.627082
8 0.775362 0.552899 0.676087 0.549602 0.703838 0.580435 0.699275 0.000000 0.712319 0.558930 0.695873
9 0.778261 0.699275 0.635507 0.704562 0.729906 0.708696 0.634058 0.710870 0.000000 0.707158 0.608979
10 0.771511 0.245842 0.667390 0.337672 0.703543 0.495300 0.682574 0.561099 0.707881 0.000000 0.681851
11 0.771904 0.675597 0.620565 0.674873 0.723389 0.699493 0.627082 0.695873 0.608979 0.681851 0.000000
