11
1 0.000000 0.859813 0.859813 0.866044 0.856698 0.866044 0.850467 0.862928 0.869159 0.853583 0.850932
2 0.859813 0.000000 0.868339 0.865204 0.853583 0.858934 0.827586 0.858934 0.849530 0.858934 0.844720
3 0.856698 0.849530 0.000000 0.867925 0.856698 0.855799 0.843260 0.852665 0.867925 0.855799 0.857143
4 0.862928 0.858934 0.864780 0.000000 0.613707 0.868339 0.852665 0.855799 0.861635 0.855799 0.798137
5 0.878505 0.856698 0.859813 0.613707 0.000000 0.875389 0.859813 0.856698 0.862928 0.869159 0.795031
6 0.862928 0.865204 0.865204 0.880878 0.869159 0.000000 0.865204 0.868339 0.865204 0.573668 0.854037
7 0.856698 0.846395 0.855799 0.868339 0.844237 0.849530 0.000000 0.858934 0.858934 0.855799 0.838509
8 0.866044 0.865204 0.865204 0.868339 0.841121 0.865204 0.852665 0.000000 0.865204 0.877743 0.847826
9 0.859813 0.865204 0.871069 0.864780 0.844237 0.849530 0.855799 0.855799 0.000000 0.862069 0.841615
10 0.862928 0.858934 0.865204 0.877743 0.862928 0.576802 0.862069 0.858934 0.865204 0.000000 0.857143
11 0.866460 0.860248 0.878882 0.819876 0.804348 0.863354 0.866460 0.869565 0.866460 0.860248 0.000000
