11
1 0.000000 0.959323 0.937524 0.936551 0.937135 0.939471 0.936940 0.941222 0.936746 0.938108 0.935578
2 0.960101 0.000000 0.933048 0.915126 0.931088 0.910843 0.930504 0.912984 0.932256 0.935371 0.925443
3 0.936551 0.933048 0.000000 0.721682 0.869794 0.843324 0.257882 0.842351 0.882250 0.873881 0.852666
4 0.934216 0.913763 0.721292 0.000000 0.843458 0.781931 0.720210 0.779206 0.858088 0.845824 0.808059
5 0.936551 0.930699 0.869404 0.844626 0.000000 0.845600 0.867796 0.844626 0.828304 0.800273 0.730387
6 0.939471 0.910648 0.843130 0.782516 0.845405 0.000000 0.835864 0.373832 0.867238 0.852248 0.812342
7 0.936357 0.930699 0.257688 0.720016 0.867601 0.835086 0.000000 0.835864 0.878139 0.869379 0.849134
8 0.940638 0.913763 0.840989 0.779400 0.842874 0.373637 0.836059 0.000000 0.865875 0.851275 0.814483
9 0.935967 0.932840 0.883223 0.858867 0.829083 0.867627 0.879112 0.866264 0.000000 0.658556 0.750827
10 0.938108 0.934398 0.874854 0.845630 0.800662 0.852638 0.870742 0.852054 0.658945 0.000000 0.730387
11 0.934605 0.925638 0.852472 0.806113 0.730582 0.810785 0.848939 0.814678 0.750633 0.730193 0.000000
