11
1 0.000000 0.896377 0.893555 0.894279 0.895728 0.890659 0.897101 0.896377 0.896377 0.893632 0.889211
2 0.896377 0.000000 0.865315 0.841419 0.779146 0.821144 0.797101 0.884783 0.893478 0.882779 0.864591
3 0.893555 0.866039 0.000000 0.864591 0.867487 0.847936 0.870384 0.876901 0.889935 0.880608 0.616220
4 0.894279 0.839971 0.865315 0.000000 0.857350 0.790731 0.857350 0.883418 0.890659 0.884226 0.864591
5 0.896452 0.784938 0.867487 0.855902 0.000000 0.846488 0.666908 0.883418 0.889211 0.873372 0.866039
6 0.891383 0.824041 0.851557 0.789283 0.844316 0.000000 0.843592 0.880521 0.890659 0.874819 0.853005
7 0.897101 0.799275 0.871832 0.855177 0.669080 0.842867 0.000000 0.881159 0.889130 0.879884 0.865315
8 0.894203 0.884058 0.879797 0.882694 0.882694 0.883418 0.883333 0.000000 0.889130 0.884949 0.876901
9 0.896377 0.892029 0.890659 0.888487 0.887762 0.889211 0.889130 0.892754 0.000000 0.895080 0.887762
10 0.891462 0.881331 0.879884 0.881331 0.873372 0.874095 0.880608 0.884949 0.895080 0.000000 0.882055
11 0.889211 0.861694 0.616220 0.860970 0.862419 0.849384 0.865315 0.874004 0.888487 0.881331 0.000000
