11
1 0.000000 0.528270 0.565338 0.521595 0.584675 0.490556 0.506579 0.509652 0.496659 0.509131 0.515000
2 0.528270 0.000000 0.408084 0.406423 0.403548 0.390798 0.415022 0.392168 0.391907 0.431655 0.393016
3 0.559247 0.413621 0.000000 0.397010 0.406977 0.377630 0.195724 0.386652 0.385936 0.413392 0.394795
4 0.503322 0.412514 0.401440 0.000000 0.189369 0.383167 0.421601 0.405405 0.386489 0.402878 0.400886
5 0.598556 0.410754 0.411406 0.182171 0.000000 0.366463 0.432018 0.399890 0.379789 0.395683 0.404775
6 0.497222 0.392461 0.377076 0.379291 0.370905 0.000000 0.387610 0.362934 0.070556 0.384062 0.375556
7 0.532895 0.440241 0.209430 0.413377 0.427083 0.396382 0.000000 0.389254 0.402961 0.436404 0.411732
8 0.518478 0.391065 0.388307 0.403751 0.405405 0.373414 0.405702 0.000000 0.382791 0.422504 0.151682
9 0.498330 0.388027 0.378184 0.377630 0.364242 0.067222 0.388158 0.370656 0.000000 0.379635 0.369444
10 0.527947 0.433868 0.410625 0.403985 0.402878 0.389596 0.418311 0.407612 0.390703 0.000000 0.413946
11 0.514444 0.383592 0.389812 0.397564 0.405330 0.374444 0.394189 0.144512 0.376111 0.413946 0.000000
