11
1 0.000000 0.517766 0.517007 0.513514 0.522109 0.511905 0.522920 0.520408 0.523569 0.522109 0.525510
2 0.519459 0.000000 0.384095 0.501689 0.263959 0.514382 0.367174 0.502538 0.457912 0.414552 0.510998
3 0.517007 0.379019 0.000000 0.505068 0.407155 0.507692 0.415959 0.497445 0.461279 0.351629 0.511111
4 0.525338 0.505068 0.510135 0.000000 0.503378 0.447635 0.505068 0.510135 0.506734 0.523649 0.500000
5 0.518707 0.252115 0.407155 0.493243 0.000000 0.504259 0.378608 0.494037 0.459596 0.410562 0.505963
6 0.511905 0.509306 0.505983 0.459459 0.504259 0.000000 0.505942 0.499148 0.500000 0.517949 0.490598
7 0.521222 0.372250 0.422750 0.500000 0.378608 0.512733 0.000000 0.500849 0.473064 0.439728 0.512733
8 0.520408 0.499154 0.502555 0.494932 0.485520 0.492334 0.490662 0.000000 0.491582 0.512777 0.504259
9 0.520202 0.466330 0.481481 0.513468 0.478114 0.518519 0.489899 0.506734 0.000000 0.500000 0.523569
10 0.527211 0.395939 0.353345 0.511824 0.395230 0.521368 0.434635 0.519591 0.481481 0.000000 0.523077
11 0.517007 0.509306 0.512821 0.483108 0.488927 0.476923 0.507640 0.512777 0.503367 0.512821 0.000000
