11
1 0.000000 0.978075 0.975048 0.975645 0.978018 0.968812 0.988469 0.964870 0.969436 0.969894 0.964178
2 0.978195 0.000000 0.812812 0.907004 0.947355 0.976940 0.979370 0.940857 0.863927 0.872387 0.976225
3 0.974988 0.812872 0.000000 0.879262 0.936045 0.972399 0.974988 0.927055 0.813651 0.829178 0.972879
4 0.975745 0.906984 0.879282 0.000000 0.932740 0.972240 0.974072 0.928509 0.795014 0.804647 0.972620
5 0.978098 0.947196 0.936005 0.932959 0.000000 0.976784 0.959282 0.941640 0.910380 0.914900 0.976107
6 0.968972 0.977079 0.972578 0.972399 0.976883 0.000000 0.989106 0.960269 0.967385 0.967942 0.959100
7 0.988608 0.979310 0.974928 0.974052 0.959282 0.988967 0.000000 0.974947 0.966589 0.968102 0.987654
8 0.964850 0.940737 0.927155 0.928648 0.941680 0.960110 0.975026 0.000000 0.900106 0.904524 0.960494
9 0.969536 0.863907 0.813890 0.795373 0.910599 0.967346 0.966609 0.900265 0.000000 0.670569 0.967804
10 0.969993 0.872307 0.829318 0.804767 0.914800 0.967683 0.968082 0.904524 0.670470 0.000000 0.967863
11 0.964237 0.976145 0.972899 0.972859 0.975987 0.959020 0.987674 0.960354 0.967704 0.967763 0.000000
