11
1 0.000000 0.789094 0.791821 0.781195 0.790652 0.783379 0.789412 0.791513 0.782710 0.772975 0.786604
2 0.789094 0.000000 0.722298 0.747323 0.765725 0.759439 0.721682 0.731945 0.746106 0.734424 0.720600
3 0.791626 0.721714 0.000000 0.746350 0.765725 0.761970 0.596925 0.692622 0.745327 0.734618 0.700350
4 0.781779 0.747907 0.746350 0.000000 0.729219 0.721682 0.746983 0.750049 0.700409 0.678996 0.744987
5 0.790847 0.766115 0.765725 0.729025 0.000000 0.529194 0.765668 0.765233 0.726246 0.710864 0.766939
6 0.783573 0.760023 0.762359 0.721292 0.529584 0.000000 0.762748 0.762164 0.721292 0.703776 0.761386
7 0.790191 0.723044 0.598287 0.746983 0.766251 0.762359 0.000000 0.681977 0.745037 0.731802 0.686065
8 0.791902 0.732529 0.693206 0.749270 0.766206 0.761775 0.681783 0.000000 0.748686 0.738369 0.698462
9 0.783684 0.746690 0.746106 0.700019 0.726441 0.721292 0.745037 0.749270 0.000000 0.667056 0.742407
10 0.774143 0.734618 0.734813 0.679190 0.710280 0.703387 0.731802 0.738174 0.666861 0.000000 0.731114
11 0.786215 0.720600 0.699961 0.745377 0.767718 0.761775 0.685481 0.697878 0.742407 0.731503 0.000000
