11
1 0.000000 0.951487 0.953672 0.947927 0.950686 0.950616 0.950745 0.947907 0.953638 0.951708 0.948502
2 0.951803 0.000000 0.905903 0.855495 0.884428 0.779986 0.881850 0.863258 0.899792 0.884695 0.869618
3 0.955015 0.906416 0.000000 0.883568 0.903019 0.901361 0.852525 0.859634 0.862616 0.902565 0.830230
4 0.948954 0.856048 0.883055 0.000000 0.798519 0.848451 0.841173 0.804251 0.872108 0.795184 0.818771
5 0.951378 0.884921 0.902644 0.798756 0.000000 0.880438 0.874849 0.854133 0.893769 0.408137 0.862802
6 0.950873 0.780085 0.900926 0.848175 0.879313 0.000000 0.873973 0.855009 0.893114 0.878773 0.861982
7 0.950152 0.881079 0.850886 0.839928 0.873882 0.873222 0.000000 0.787954 0.834170 0.873602 0.604280
8 0.948460 0.863061 0.859772 0.803915 0.854133 0.855247 0.788744 0.000000 0.840066 0.854211 0.745817
9 0.952590 0.898587 0.860799 0.870390 0.892288 0.892146 0.833834 0.838842 0.000000 0.892741 0.807308
10 0.951708 0.884063 0.901815 0.794394 0.407524 0.878575 0.873819 0.853934 0.893413 0.000000 0.860861
11 0.948660 0.869301 0.828749 0.817625 0.861894 0.861745 0.604300 0.745224 0.807822 0.861177 0.000000
