11
1 0.000000 0.938734 0.920151 0.811035 0.802771 0.925726 0.915312 0.817083 0.846039 0.825422 0.927229
2 0.939774 0.000000 0.953999 0.900433 0.894712 0.545084 0.946666 0.901713 0.917907 0.908435 0.559316
3 0.922365 0.955195 0.000000 0.848082 0.798734 0.945108 0.938104 0.873731 0.871033 0.857333 0.946024
4 0.811408 0.900806 0.847906 0.000000 0.544236 0.875243 0.857527 0.654760 0.651727 0.595689 0.878545
5 0.805143 0.895790 0.798910 0.545549 0.000000 0.869579 0.848693 0.635909 0.641174 0.583297 0.871313
6 0.928410 0.545672 0.945362 0.876301 0.869148 0.000000 0.933055 0.879806 0.897564 0.887844 0.177906
7 0.916920 0.946548 0.937065 0.858566 0.847830 0.932683 0.000000 0.863385 0.879743 0.867762 0.933991
8 0.819003 0.902575 0.873183 0.655151 0.635753 0.879041 0.863620 0.000000 0.726810 0.690207 0.881785
9 0.846530 0.917436 0.869172 0.651119 0.640567 0.895585 0.878253 0.725477 0.000000 0.485465 0.898869
10 0.825932 0.908023 0.856000 0.595610 0.581925 0.885472 0.866213 0.689050 0.485798 0.000000 0.887913
11 0.929110 0.559787 0.945750 0.880113 0.870980 0.178572 0.934520 0.882764 0.900711 0.889481 0.000000
