11
1 0.000000 0.869404 0.871528 0.875970 0.896211 0.870601 0.869743 0.873576 0.870756 0.871219 0.873112
2 0.868979 0.000000 0.833688 0.671278 0.875705 0.706364 0.828307 0.842020 0.831936 0.647157 0.834422
3 0.871528 0.833765 0.000000 0.836187 0.877328 0.827336 0.706391 0.847429 0.370166 0.830861 0.376522
4 0.874966 0.670350 0.835762 0.000000 0.880457 0.724426 0.831357 0.848202 0.835375 0.627183 0.835382
5 0.896211 0.875782 0.877366 0.881462 0.000000 0.873426 0.874532 0.868369 0.875749 0.873628 0.876671
6 0.870795 0.706326 0.827529 0.724233 0.873348 0.000000 0.825642 0.841711 0.825213 0.702867 0.827341
7 0.868816 0.828268 0.706468 0.832864 0.874995 0.825642 0.000000 0.844874 0.706739 0.825874 0.710021
8 0.873923 0.842986 0.848626 0.849361 0.869837 0.842329 0.844642 0.000000 0.845149 0.845348 0.848549
9 0.871181 0.832593 0.370398 0.836456 0.876637 0.826411 0.707473 0.845111 0.000000 0.829624 0.361318
10 0.871413 0.647543 0.832058 0.627106 0.873513 0.703910 0.825874 0.844692 0.829238 0.000000 0.831131
11 0.871065 0.833533 0.373855 0.835460 0.875898 0.827148 0.707820 0.846579 0.360546 0.829431 0.000000
