11
1 0.000000 0.901258 0.893844 0.880625 0.886537 0.875024 0.898551 0.890032 0.878170 0.894165 0.889779
2 0.902402 0.000000 0.851725 0.854746 0.861609 0.830253 0.854175 0.830189 0.828059 0.867518 0.830538
3 0.893463 0.850200 0.000000 0.843720 0.852487 0.825491 0.581285 0.824471 0.826758 0.847532 0.831713
4 0.880625 0.854556 0.842005 0.000000 0.551297 0.828158 0.855072 0.829617 0.831459 0.847826 0.829329
5 0.888063 0.860084 0.850200 0.550153 0.000000 0.829110 0.860221 0.839527 0.830124 0.859241 0.838482
6 0.875786 0.829491 0.826253 0.829872 0.830825 0.000000 0.819585 0.810250 0.227091 0.828158 0.810631
7 0.897216 0.853412 0.579188 0.856217 0.859268 0.820156 0.000000 0.831332 0.823260 0.850496 0.835812
8 0.890604 0.829998 0.825615 0.832857 0.840861 0.810631 0.833238 0.000000 0.811893 0.844864 0.398704
9 0.877598 0.826916 0.826377 0.830696 0.829171 0.226138 0.823451 0.811130 0.000000 0.833365 0.813918
10 0.892067 0.862943 0.845817 0.847254 0.857715 0.824729 0.849352 0.839527 0.830696 0.000000 0.838101
11 0.890542 0.827869 0.832095 0.829519 0.837529 0.810821 0.835050 0.397942 0.812965 0.840580 0.000000
