11
1 0.000000 0.442186 0.454423 0.479070 0.439088 0.435093 0.531968 0.451013 0.456077 0.445104 0.431122
2 0.442541 0.000000 0.317071 0.327198 0.267666 0.351752 0.475665 0.298286 0.318599 0.322365 0.305044
3 0.454672 0.314654 0.000000 0.365480 0.313604 0.378489 0.492066 0.193038 0.217178 0.337972 0.322294
4 0.476580 0.323182 0.363665 0.000000 0.313639 0.396053 0.507508 0.349704 0.363930 0.363028 0.353352
5 0.438910 0.268199 0.314243 0.316766 0.000000 0.352400 0.468210 0.300273 0.314954 0.317512 0.303447
6 0.431716 0.349691 0.372409 0.394311 0.350233 0.000000 0.456956 0.356517 0.366028 0.356907 0.336173
7 0.535518 0.475026 0.490184 0.504349 0.475416 0.463488 0.000000 0.481566 0.489936 0.477440 0.462393
8 0.448600 0.298109 0.196019 0.354494 0.302154 0.355275 0.480040 0.000000 0.158937 0.323338 0.309996
9 0.461054 0.317710 0.218138 0.367841 0.316481 0.369263 0.496042 0.158263 0.000000 0.340645 0.326305
10 0.448625 0.318847 0.335872 0.365164 0.317867 0.356729 0.473180 0.320819 0.338405 0.000000 0.265076
11 0.437866 0.306144 0.323714 0.358428 0.305115 0.341781 0.459234 0.309819 0.326554 0.269478 0.000000
