11
1 0.000000 0.915306 0.903912 0.819286 0.813900 0.911128 0.908090 0.836371 0.833270 0.822323 0.912267
2 0.914926 0.000000 0.932776 0.893698 0.889100 0.600456 0.921003 0.901670 0.904292 0.898254 0.600076
3 0.901633 0.931637 0.000000 0.852316 0.815420 0.928951 0.911888 0.863705 0.865881 0.859909 0.931257
4 0.818527 0.893318 0.853455 0.000000 0.575550 0.878132 0.862946 0.680334 0.666667 0.613516 0.875854
5 0.812381 0.887201 0.815799 0.575550 0.000000 0.875807 0.859476 0.657935 0.660463 0.607062 0.874288
6 0.909229 0.599316 0.931991 0.876234 0.872769 0.000000 0.914926 0.880790 0.893237 0.881929 0.230536
7 0.907710 0.919104 0.912647 0.864465 0.861375 0.913407 0.000000 0.862946 0.881124 0.865224 0.913787
8 0.835611 0.900532 0.861048 0.680334 0.657935 0.884586 0.864085 0.000000 0.728170 0.693622 0.886864
9 0.833270 0.904671 0.866641 0.665907 0.660843 0.893617 0.880365 0.726272 0.000000 0.510630 0.895556
10 0.822323 0.896355 0.859909 0.612756 0.607441 0.880030 0.864844 0.693242 0.511010 0.000000 0.876993
11 0.909989 0.600076 0.932017 0.876234 0.873149 0.231295 0.917584 0.883068 0.892898 0.875475 0.000000
