11
1 0.000000 0.943226 0.950046 0.950805 0.939282 0.947359 0.945020 0.949648 0.941046 0.944199 0.947272
2 0.944147 0.000000 0.942673 0.939908 0.924195 0.935947 0.932166 0.942120 0.924834 0.931676 0.929818
3 0.947641 0.937696 0.000000 0.784354 0.937442 0.784465 0.939685 0.790749 0.935704 0.914549 0.920448
4 0.947291 0.936037 0.785833 0.000000 0.934683 0.584392 0.937303 0.557980 0.933677 0.917495 0.919530
5 0.941490 0.928611 0.943146 0.942410 0.000000 0.935603 0.905796 0.941674 0.512787 0.932843 0.937902
6 0.949015 0.938524 0.804712 0.603718 0.936339 0.000000 0.940917 0.563777 0.936683 0.916068 0.920632
7 0.942984 0.930507 0.940611 0.940078 0.900644 0.936131 0.000000 0.939248 0.900884 0.936280 0.934227
8 0.945946 0.938249 0.805920 0.582208 0.935051 0.578134 0.938322 0.000000 0.934598 0.919337 0.923939
9 0.942336 0.926492 0.940862 0.938836 0.501932 0.934659 0.902358 0.939204 0.000000 0.930939 0.935881
10 0.944383 0.932965 0.921363 0.923757 0.932475 0.917541 0.939963 0.923204 0.932044 0.000000 0.836487
11 0.949476 0.934044 0.927430 0.927981 0.936248 0.922469 0.940107 0.931839 0.939372 0.846224 0.000000
