11
1 0.000000 0.780474 0.780474 0.783784 0.776613 0.772752 0.787093 0.790403 0.781577 0.772752 0.784887
2 0.772752 0.000000 0.762562 0.778761 0.516004 0.511589 0.781285 0.779933 0.565578 0.381688 0.733002
3 0.780474 0.776367 0.000000 0.781888 0.739514 0.754415 0.785202 0.789619 0.771397 0.744622 0.765323
4 0.783784 0.782080 0.781888 0.000000 0.773731 0.768764 0.317478 0.784845 0.774336 0.773856 0.775567
5 0.773304 0.516556 0.735651 0.775386 0.000000 0.581126 0.778146 0.764349 0.557947 0.517926 0.711921
6 0.778268 0.503863 0.758278 0.777594 0.568985 0.000000 0.785320 0.788631 0.423289 0.456702 0.696468
7 0.782681 0.785714 0.787962 0.316925 0.778146 0.778146 0.000000 0.790144 0.787493 0.783784 0.782200
8 0.782129 0.784368 0.782993 0.781527 0.756071 0.772075 0.783499 0.000000 0.774211 0.774407 0.781095
9 0.782129 0.581074 0.776367 0.784292 0.571192 0.446468 0.787493 0.788600 0.000000 0.560397 0.756219
10 0.771649 0.389410 0.740761 0.777165 0.503034 0.446222 0.777165 0.777717 0.546056 0.000000 0.687259
11 0.777717 0.729685 0.762562 0.777778 0.680464 0.726821 0.780542 0.789939 0.749033 0.682846 0.000000
