11
1 0.000000 0.939755 0.946609 0.943362 0.945907 0.928932 0.945166 0.943627 0.945887 0.940288 0.943362
2 0.933622 0.000000 0.921300 0.908303 0.919942 0.803610 0.914440 0.908438 0.898268 0.908273 0.917329
3 0.941919 0.920578 0.000000 0.929191 0.880274 0.913357 0.430174 0.852424 0.930014 0.853957 0.509400
4 0.940476 0.900361 0.930275 0.000000 0.926433 0.888448 0.923049 0.925673 0.879149 0.927698 0.918353
5 0.940498 0.915975 0.868013 0.920664 0.000000 0.902993 0.853228 0.800718 0.934367 0.799640 0.856473
6 0.924964 0.787004 0.907942 0.893863 0.913091 0.000000 0.904332 0.900180 0.883478 0.893525 0.897473
7 0.939394 0.914079 0.404124 0.917269 0.853228 0.903610 0.000000 0.856373 0.922439 0.832374 0.471077
8 0.945781 0.914542 0.869659 0.934650 0.828366 0.909156 0.867864 0.000000 0.932136 0.386355 0.867504
9 0.939033 0.894661 0.932540 0.889250 0.935088 0.892136 0.924603 0.927110 0.000000 0.930576 0.924964
10 0.938489 0.916187 0.866906 0.936331 0.828777 0.900360 0.862950 0.384919 0.934892 0.000000 0.863309
11 0.940115 0.911913 0.484454 0.917991 0.859358 0.902166 0.436732 0.844524 0.922078 0.846403 0.000000
