11
1 0.000000 0.931388 0.928720 0.940283 0.927336 0.927198 0.944435 0.934591 0.926288 0.925807 0.928364
2 0.930499 0.000000 0.618947 0.852327 0.621058 0.773733 0.872802 0.820599 0.855532 0.772343 0.614994
3 0.927692 0.619303 0.000000 0.837791 0.329656 0.744481 0.860282 0.805515 0.843349 0.743844 0.383642
4 0.938702 0.851516 0.836545 0.000000 0.835735 0.827171 0.892718 0.860591 0.879385 0.825448 0.833409
5 0.927059 0.622423 0.329953 0.836704 0.000000 0.745942 0.859439 0.805100 0.843643 0.745682 0.401419
6 0.925122 0.772665 0.743927 0.827330 0.744974 0.000000 0.850269 0.791756 0.830079 0.384106 0.739294
7 0.941983 0.871041 0.859491 0.891946 0.857264 0.849141 0.000000 0.805397 0.890168 0.846852 0.856612
8 0.934432 0.821489 0.806207 0.861738 0.805219 0.793121 0.807769 0.000000 0.858555 0.792304 0.805417
9 0.925280 0.855928 0.843527 0.880453 0.842931 0.831167 0.891276 0.858357 0.000000 0.829558 0.840728
10 0.925392 0.773371 0.744338 0.826910 0.746611 0.385252 0.849322 0.792027 0.830033 0.000000 0.740741
11 0.927494 0.614855 0.383286 0.834042 0.400648 0.739788 0.857660 0.804487 0.840411 0.739377 0.000000
