11
1 0.000000 0.828221 0.830247 0.837423 0.842593 0.823171 0.845679 0.811728 0.807927 0.809816 0.788991
2 0.834356 0.000000 0.797546 0.806748 0.794479 0.756098 0.809816 0.711656 0.743902 0.794479 0.782875
3 0.820988 0.788344 0.000000 0.622699 0.804954 0.777439 0.458204 0.768519 0.768293 0.803681 0.755352
4 0.837423 0.806748 0.650307 0.000000 0.834356 0.804878 0.668712 0.794479 0.807927 0.809816 0.813456
5 0.817901 0.769939 0.798762 0.806748 0.000000 0.762195 0.815625 0.731481 0.728659 0.806748 0.752294
6 0.838415 0.774390 0.817073 0.807927 0.783537 0.000000 0.820122 0.719512 0.759146 0.807927 0.801829
7 0.811728 0.791411 0.442724 0.650307 0.821875 0.786585 0.000000 0.783951 0.780488 0.822086 0.785933
8 0.817901 0.699386 0.765432 0.776074 0.737654 0.707317 0.787037 0.000000 0.707317 0.769939 0.746177
9 0.817073 0.756098 0.783537 0.801829 0.743902 0.756098 0.807927 0.722561 0.000000 0.792683 0.746951
10 0.803681 0.797546 0.815951 0.806748 0.822086 0.792683 0.855828 0.803681 0.798781 0.000000 0.792049
11 0.788991 0.785933 0.770642 0.807339 0.785933 0.792683 0.807339 0.764526 0.743902 0.788991 0.000000
