11
1 0.000000 0.968151 0.964234 0.964893 0.962094 0.943383 0.950306 0.955380 0.956318 0.958379 0.963217
2 0.973218 0.000000 0.969292 0.521928 0.458845 0.945907 0.957508 0.961137 0.964621 0.969214 0.775694
3 0.958815 0.962789 0.000000 0.963512 0.959567 0.949874 0.910335 0.960417 0.880144 0.966040 0.958889
4 0.957655 0.478797 0.964234 0.000000 0.478700 0.941219 0.951746 0.953580 0.959567 0.960884 0.772088
5 0.966065 0.460650 0.967870 0.521661 0.000000 0.947710 0.953907 0.958618 0.964982 0.967148 0.763433
6 0.937252 0.943022 0.953841 0.948071 0.939416 0.000000 0.921498 0.911479 0.942661 0.909845 0.949153
7 0.953907 0.960029 0.922938 0.962189 0.956428 0.931581 0.000000 0.953940 0.880447 0.961109 0.959669
8 0.955739 0.960058 0.966895 0.964736 0.960058 0.918316 0.947463 0.000000 0.956819 0.960417 0.955739
9 0.952347 0.961372 0.894585 0.963899 0.961011 0.942301 0.872164 0.953580 0.000000 0.960650 0.961414
10 0.951140 0.962695 0.962789 0.962695 0.958123 0.904436 0.951026 0.944584 0.953791 0.000000 0.957447
11 0.962135 0.749369 0.966462 0.764515 0.734944 0.948071 0.953547 0.955020 0.958889 0.962135 0.000000
