11
1 0.000000 0.471792 0.461624 0.473190 0.461326 0.546858 0.453591 0.474820 0.460133 0.452935 0.473684
2 0.454646 0.000000 0.340155 0.342178 0.341989 0.402977 0.216575 0.346792 0.133850 0.317478 0.352323
3 0.468298 0.336283 0.000000 0.171918 0.261326 0.344542 0.348619 0.306032 0.344961 0.276301 0.315235
4 0.467662 0.355445 0.181316 0.000000 0.274586 0.364939 0.380111 0.318408 0.374793 0.289663 0.333333
5 0.469061 0.351934 0.261878 0.275691 0.000000 0.363837 0.369613 0.316575 0.360773 0.282320 0.320994
6 0.554024 0.405733 0.359978 0.370452 0.364388 0.000000 0.421169 0.369350 0.407387 0.341786 0.375413
7 0.464641 0.228177 0.361878 0.370166 0.380111 0.426130 0.000000 0.362983 0.229834 0.340884 0.373481
8 0.471500 0.363385 0.315440 0.322278 0.311602 0.358875 0.361326 0.000000 0.358052 0.214167 0.115108
9 0.461240 0.137721 0.357697 0.367606 0.360221 0.403528 0.228729 0.360266 0.000000 0.338317 0.367110
10 0.438538 0.320796 0.282946 0.289663 0.276796 0.333517 0.340331 0.214721 0.337763 0.000000 0.215393
11 0.477562 0.375553 0.323546 0.337203 0.318232 0.377067 0.375138 0.116215 0.378738 0.218715 0.000000
