11
1 0.000000 0.906522 0.908762 0.907971 0.907246 0.902969 0.907246 0.905141 0.907971 0.905865 0.904417
2 0.907246 0.000000 0.907314 0.907971 0.904348 0.904417 0.902174 0.905141 0.902899 0.902969 0.908038
3 0.909486 0.908038 0.000000 0.897900 0.892107 0.902969 0.900797 0.898624 0.901521 0.905865 0.886314
4 0.906522 0.907246 0.898624 0.000000 0.888406 0.903693 0.902899 0.902969 0.902899 0.904417 0.895004
5 0.905797 0.906522 0.890659 0.886957 0.000000 0.901521 0.898551 0.902245 0.900725 0.904417 0.888487
6 0.904417 0.904417 0.902969 0.904417 0.900072 0.000000 0.832006 0.842143 0.838523 0.902969 0.905141
7 0.906522 0.903623 0.902969 0.904348 0.900000 0.832006 0.000000 0.817524 0.730435 0.902245 0.904417
8 0.907314 0.905865 0.900797 0.902969 0.900797 0.847936 0.818248 0.000000 0.825489 0.904417 0.902969
9 0.907971 0.902899 0.900797 0.899275 0.900000 0.839971 0.731159 0.821868 0.000000 0.901521 0.901521
10 0.906589 0.901521 0.905141 0.905141 0.904417 0.902969 0.904417 0.904417 0.902969 0.000000 0.906589
11 0.905141 0.908038 0.887762 0.897900 0.889211 0.904417 0.903693 0.905141 0.902245 0.905141 0.000000
