11
1 0.000000 0.674873 0.724837 0.686459 0.725561 0.695873 0.705286 0.729182 0.713975 0.710774 0.683068
2 0.674873 0.000000 0.690080 0.643736 0.695873 0.664012 0.667632 0.690804 0.682838 0.679682 0.157019
3 0.724837 0.687907 0.000000 0.534783 0.468841 0.548878 0.537681 0.187545 0.450000 0.560376 0.688857
4 0.687907 0.643012 0.535507 0.000000 0.544203 0.468501 0.448551 0.540912 0.523913 0.495300 0.638206
5 0.721941 0.695148 0.468841 0.543478 0.000000 0.548154 0.542029 0.471398 0.289855 0.556761 0.697540
6 0.698045 0.664012 0.549602 0.469225 0.549602 0.000000 0.359160 0.561912 0.536568 0.311641 0.664255
7 0.706734 0.666184 0.537681 0.448551 0.541304 0.358436 0.000000 0.543085 0.506522 0.394794 0.667149
8 0.728458 0.688631 0.187545 0.540912 0.472122 0.561188 0.543809 0.000000 0.449674 0.569776 0.688857
9 0.713975 0.681390 0.450000 0.523913 0.291304 0.535844 0.507246 0.450398 0.000000 0.550253 0.678726
10 0.713666 0.678959 0.561822 0.496023 0.556761 0.311641 0.396240 0.570499 0.550253 0.000000 0.680405
11 0.683068 0.158466 0.691028 0.638929 0.698263 0.663531 0.668596 0.691751 0.679450 0.680405 0.000000
