11
1 0.000000 0.730887 0.722741 0.741433 0.717391 0.688272 0.769470 0.736025 0.722741 0.714286 0.741433
2 0.749235 0.000000 0.648318 0.651376 0.562691 0.642202 0.779817 0.636086 0.611621 0.617737 0.617737
3 0.722741 0.617737 0.000000 0.672897 0.602484 0.688272 0.797508 0.428571 0.473520 0.673913 0.651090
4 0.732087 0.636086 0.682243 0.000000 0.602484 0.700617 0.778125 0.698758 0.681250 0.708075 0.684375
5 0.714286 0.550459 0.599379 0.608696 0.000000 0.645062 0.782609 0.627329 0.605590 0.611801 0.608696
6 0.712963 0.639144 0.709877 0.703704 0.648148 0.000000 0.753086 0.725309 0.712963 0.641975 0.663580
7 0.766355 0.761468 0.800623 0.775000 0.767081 0.731481 0.000000 0.785714 0.796875 0.763975 0.775000
8 0.748447 0.623853 0.437888 0.695652 0.624224 0.700617 0.785714 0.000000 0.344720 0.655280 0.642857
9 0.713396 0.596330 0.479751 0.675000 0.593168 0.691358 0.778125 0.338509 0.000000 0.639752 0.634375
10 0.720497 0.611621 0.677019 0.708075 0.618012 0.632716 0.776398 0.658385 0.645963 0.000000 0.537267
11 0.772586 0.657492 0.679128 0.668750 0.645963 0.697531 0.790625 0.639752 0.687500 0.599379 0.000000
