11
1 0.000000 0.931542 0.929386 0.932253 0.931517 0.932303 0.929754 0.930857 0.931910 0.932597 0.931174
2 0.932646 0.000000 0.922030 0.930070 0.919764 0.929728 0.928650 0.921295 0.929334 0.931174 0.901730
3 0.931960 0.920927 0.000000 0.930489 0.837440 0.930121 0.929754 0.831556 0.929018 0.932696 0.918720
4 0.930781 0.929334 0.928650 0.000000 0.930781 0.931567 0.929386 0.930857 0.931542 0.893593 0.931910
5 0.930781 0.917556 0.835969 0.930781 0.000000 0.931567 0.929386 0.840383 0.929334 0.931517 0.917924
6 0.931567 0.930464 0.929754 0.930464 0.931199 0.000000 0.929754 0.928650 0.928256 0.932671 0.930096
7 0.931593 0.929386 0.930489 0.931225 0.930489 0.931593 0.000000 0.928282 0.931225 0.931225 0.930489
8 0.933431 0.922030 0.830452 0.931225 0.841486 0.930489 0.929386 0.000000 0.931225 0.931593 0.920191
9 0.931910 0.930070 0.929754 0.931542 0.930806 0.928256 0.928650 0.929754 0.000000 0.930070 0.930070
10 0.932965 0.930070 0.930489 0.891384 0.930412 0.930831 0.929754 0.930121 0.928966 0.000000 0.931174
11 0.931910 0.901730 0.919088 0.930806 0.919028 0.931199 0.929754 0.920191 0.928598 0.931542 0.000000
