11
1 0.000000 0.869660 0.869660 0.874004 0.874728 0.854453 0.891383 0.850833 0.876177 0.856006 0.857350
2 0.868936 0.000000 0.404779 0.675597 0.343230 0.758870 0.862419 0.685735 0.682114 0.751809 0.753078
3 0.867487 0.404055 0.000000 0.721014 0.471739 0.772629 0.871014 0.722464 0.731159 0.767004 0.768841
4 0.874004 0.674873 0.724638 0.000000 0.660870 0.758870 0.865942 0.728261 0.325598 0.753980 0.751449
5 0.873280 0.343230 0.472464 0.661594 0.000000 0.755250 0.867391 0.686957 0.690580 0.752533 0.754348
6 0.854453 0.756698 0.773353 0.758870 0.755974 0.000000 0.871108 0.582187 0.764663 0.129522 0.131064
7 0.892831 0.863143 0.873913 0.866667 0.868116 0.872556 0.000000 0.852899 0.871014 0.867583 0.868841
8 0.846488 0.685011 0.724638 0.726812 0.688406 0.582187 0.855072 0.000000 0.734783 0.578148 0.578261
9 0.871832 0.680666 0.733333 0.324873 0.687681 0.756698 0.871739 0.730435 0.000000 0.749638 0.747101
10 0.853111 0.750362 0.767728 0.754703 0.752533 0.129522 0.866136 0.577424 0.759045 0.000000 0.162808
11 0.853005 0.751629 0.769565 0.747826 0.753623 0.131064 0.868841 0.578261 0.750000 0.162808 0.000000
