11
1 0.000000 0.954221 0.954555 0.954058 0.955596 0.949418 0.954183 0.954476 0.955173 0.955640 0.954145
2 0.954122 0.000000 0.928515 0.924393 0.931105 0.921784 0.928237 0.926782 0.927141 0.933260 0.586174
3 0.954595 0.928574 0.000000 0.893082 0.667510 0.921058 0.683837 0.894511 0.895945 0.682787 0.928202
4 0.953979 0.924413 0.892923 0.000000 0.891878 0.916341 0.886999 0.756731 0.753883 0.894614 0.924020
5 0.955696 0.931204 0.667510 0.892057 0.000000 0.920651 0.692479 0.896239 0.895402 0.582001 0.931367
6 0.949418 0.921724 0.921257 0.916580 0.920372 0.000000 0.917485 0.918107 0.917991 0.921274 0.921930
7 0.954302 0.928416 0.683738 0.887139 0.692380 0.917584 0.000000 0.889966 0.891480 0.699950 0.928480
8 0.954595 0.926882 0.894691 0.756831 0.896179 0.918167 0.889946 0.000000 0.587983 0.897919 0.927206
9 0.955213 0.927101 0.895985 0.753843 0.895382 0.917991 0.891221 0.587944 0.000000 0.898477 0.927326
10 0.955759 0.933280 0.682748 0.894674 0.582021 0.921215 0.699791 0.897740 0.898437 0.000000 0.933002
11 0.954106 0.586234 0.928261 0.924160 0.931427 0.921930 0.928361 0.926927 0.927326 0.933021 0.000000
