11
1 0.000000 0.241999 0.273916 0.258102 0.273390 0.269771 0.264282 0.272727 0.275873 0.278851 0.243503
2 0.244639 0.000000 0.242494 0.232102 0.244309 0.240350 0.239690 0.245793 0.238040 0.248433 0.061861
3 0.271764 0.239855 0.000000 0.174107 0.142502 0.179792 0.181562 0.058259 0.135882 0.196137 0.241476
4 0.258929 0.226328 0.174438 0.000000 0.173280 0.142975 0.138889 0.176753 0.170304 0.157999 0.228505
5 0.274218 0.240185 0.142668 0.171958 0.000000 0.179627 0.176685 0.144229 0.079152 0.196962 0.243172
6 0.270431 0.237545 0.182764 0.146277 0.181278 0.000000 0.103021 0.184745 0.178801 0.111276 0.239227
7 0.265772 0.233586 0.179245 0.138889 0.177513 0.099884 0.000000 0.179891 0.174093 0.127456 0.233405
8 0.271403 0.239360 0.056107 0.174769 0.143898 0.179462 0.182707 0.000000 0.136017 0.196797 0.242510
9 0.269581 0.233751 0.134227 0.170304 0.078159 0.175004 0.175418 0.137674 0.000000 0.187552 0.236550
10 0.281658 0.246123 0.198283 0.160641 0.199108 0.110616 0.132244 0.201750 0.192339 0.000000 0.250949
11 0.243999 0.058726 0.242469 0.230159 0.242013 0.239227 0.235557 0.242344 0.237378 0.251610 0.000000
