11
1 0.000000 0.942868 0.937557 0.938656 0.937374 0.925865 0.927003 0.939938 0.930216 0.931549 0.930764
2 0.938839 0.000000 0.936973 0.495236 0.411646 0.902435 0.922795 0.926476 0.934965 0.922265 0.749543
3 0.938290 0.940271 0.000000 0.937706 0.937557 0.923485 0.875046 0.942103 0.825904 0.928819 0.932590
4 0.938290 0.498717 0.937523 0.000000 0.511262 0.903716 0.921881 0.925431 0.936427 0.925542 0.741871
5 0.937740 0.417506 0.937923 0.508698 0.000000 0.901519 0.922612 0.926936 0.935148 0.923357 0.759591
6 0.924950 0.903899 0.922204 0.898591 0.898591 0.000000 0.892060 0.894380 0.907380 0.885127 0.890026
7 0.929565 0.928101 0.878522 0.923710 0.922247 0.896085 0.000000 0.929382 0.841980 0.918806 0.920716
8 0.934994 0.926293 0.935874 0.919751 0.920711 0.891086 0.923161 0.000000 0.932225 0.917349 0.917793
9 0.932042 0.936609 0.833029 0.935879 0.935331 0.910121 0.835404 0.937888 0.000000 0.927362 0.926562
10 0.936647 0.931913 0.934826 0.930093 0.926088 0.889678 0.922993 0.929365 0.931731 0.000000 0.925906
11 0.934600 0.761783 0.935513 0.756120 0.754658 0.894775 0.921447 0.925831 0.927293 0.924631 0.000000
