11
1 0.000000 0.971590 0.972174 0.972952 0.971395 0.973146 0.972952 0.973536 0.971784 0.972757 0.973146
2 0.971590 0.000000 0.957376 0.956793 0.676333 0.966329 0.935383 0.969833 0.955819 0.722265 0.967692
3 0.971979 0.956598 0.000000 0.951333 0.953864 0.967685 0.942573 0.969243 0.951917 0.954059 0.964188
4 0.972757 0.956598 0.950944 0.000000 0.952872 0.971184 0.949562 0.968464 0.464863 0.952307 0.969054
5 0.970811 0.676333 0.955616 0.953457 0.000000 0.965537 0.925024 0.968269 0.950944 0.494452 0.966135
6 0.972368 0.965940 0.968075 0.970794 0.964759 0.000000 0.965537 0.962235 0.968853 0.967685 0.939276
7 0.972563 0.935189 0.941989 0.949951 0.924635 0.964953 0.000000 0.966907 0.952891 0.923691 0.960880
8 0.972757 0.970027 0.969243 0.968269 0.968464 0.963208 0.966323 0.000000 0.970411 0.968075 0.965940
9 0.971395 0.955430 0.950360 0.465252 0.950749 0.968659 0.951917 0.969632 0.000000 0.950944 0.968470
10 0.972368 0.721876 0.954643 0.952307 0.494063 0.968269 0.925638 0.967491 0.950944 0.000000 0.967692
11 0.972757 0.967108 0.964967 0.969249 0.965940 0.938497 0.961658 0.966329 0.968859 0.967886 0.000000
