11
1 0.000000 0.950988 0.952146 0.954027 0.952146 0.952508 0.953267 0.951386 0.951006 0.952905 0.950266
2 0.950228 0.000000 0.947968 0.951748 0.947968 0.945669 0.945669 0.944550 0.946829 0.954045 0.947229
3 0.952146 0.948348 0.000000 0.953665 0.926700 0.949487 0.951006 0.951386 0.952146 0.951386 0.796128
4 0.953647 0.950228 0.954045 0.000000 0.950627 0.951748 0.952508 0.952146 0.952146 0.952146 0.952164
5 0.952146 0.947588 0.925180 0.951006 0.000000 0.949107 0.951006 0.951006 0.951006 0.951766 0.923690
6 0.951368 0.947188 0.948728 0.951748 0.948728 0.000000 0.950608 0.950627 0.949867 0.953285 0.949127
7 0.952508 0.945669 0.950247 0.952888 0.950247 0.951368 0.000000 0.939233 0.941512 0.952146 0.950266
8 0.952146 0.943790 0.952146 0.951386 0.951386 0.949487 0.942271 0.000000 0.858716 0.952526 0.951025
9 0.951006 0.948348 0.952526 0.952146 0.951766 0.951006 0.941891 0.859476 0.000000 0.952146 0.951025
10 0.952905 0.954425 0.951006 0.951766 0.952146 0.953285 0.952905 0.951386 0.951766 0.000000 0.948367
11 0.950266 0.948747 0.797267 0.952544 0.923311 0.949127 0.951405 0.951025 0.951405 0.948747 0.000000
