11
1 0.000000 0.783443 0.786184 0.780154 0.782895 0.789474 0.787281 0.788377 0.788377 0.787829 0.786732
2 0.786732 0.000000 0.753727 0.745875 0.486486 0.778023 0.775814 0.763667 0.774710 0.778023 0.448371
3 0.780154 0.753175 0.000000 0.762376 0.764479 0.778333 0.770000 0.766722 0.767610 0.773783 0.759978
4 0.780702 0.751375 0.761826 0.000000 0.738724 0.776128 0.784929 0.762376 0.767327 0.778878 0.739274
5 0.787281 0.469388 0.768891 0.740924 0.000000 0.770546 0.767237 0.765582 0.763927 0.773304 0.283508
6 0.784539 0.774158 0.773889 0.771177 0.768340 0.000000 0.704444 0.540630 0.692734 0.295354 0.771619
7 0.781798 0.773054 0.776667 0.775578 0.771098 0.725000 0.000000 0.644555 0.683860 0.712942 0.766075
8 0.783443 0.756488 0.760641 0.760726 0.763927 0.535655 0.627971 0.000000 0.644002 0.526810 0.754008
9 0.782895 0.760353 0.771492 0.772277 0.763927 0.716583 0.702163 0.669983 0.000000 0.737832 0.771619
10 0.789474 0.768084 0.773230 0.774477 0.774959 0.305310 0.709071 0.514649 0.720133 0.000000 0.780420
11 0.782895 0.453341 0.774390 0.744774 0.278544 0.776608 0.775499 0.757877 0.778825 0.780973 0.000000
