11
1 0.000000 0.529485 0.531356 0.513656 0.545313 0.495965 0.517327 0.535626 0.494420 0.558413 0.527144
2 0.537554 0.000000 0.427865 0.408696 0.432919 0.390683 0.431621 0.397150 0.390577 0.445305 0.384639
3 0.546494 0.430646 0.000000 0.424776 0.441767 0.398826 0.215941 0.410256 0.396664 0.443930 0.403455
4 0.526071 0.411491 0.422305 0.000000 0.192475 0.383851 0.424196 0.400558 0.378487 0.417106 0.405305
5 0.560521 0.425776 0.425085 0.190299 0.000000 0.386646 0.424196 0.412639 0.384687 0.428881 0.410549
6 0.497517 0.388509 0.399444 0.384783 0.404037 0.000000 0.389542 0.377633 0.069436 0.403781 0.366132
7 0.543317 0.432859 0.214705 0.430074 0.443379 0.400062 0.000000 0.419554 0.402228 0.443069 0.416101
8 0.522615 0.392193 0.405005 0.398079 0.421004 0.369269 0.409344 0.000000 0.369579 0.411090 0.138186
9 0.500620 0.393676 0.404078 0.385617 0.404836 0.072536 0.396968 0.380731 0.000000 0.398822 0.370142
10 0.559653 0.448714 0.439296 0.422064 0.433220 0.407809 0.435644 0.430297 0.408429 0.000000 0.427205
11 0.517890 0.383405 0.405614 0.405922 0.417027 0.378162 0.408081 0.151758 0.378779 0.417027 0.000000
