11
1 0.000000 0.525610 0.515354 0.557155 0.495479 0.568316 0.567372 0.594675 0.524196 0.589999 0.518541
2 0.525571 0.000000 0.363260 0.456990 0.371781 0.473325 0.499542 0.493089 0.417990 0.485652 0.408836
3 0.515314 0.363280 0.000000 0.441554 0.348179 0.459743 0.484625 0.477913 0.396977 0.469403 0.387960
4 0.557215 0.457050 0.441634 0.000000 0.369515 0.444568 0.535252 0.542243 0.457547 0.534241 0.449401
5 0.495519 0.371841 0.348198 0.369515 0.000000 0.387932 0.460924 0.472356 0.370626 0.463469 0.359810
6 0.568296 0.473384 0.459743 0.444529 0.387952 0.000000 0.542746 0.555352 0.470437 0.548221 0.463308
7 0.567411 0.499542 0.484625 0.535192 0.460884 0.542766 0.000000 0.577913 0.494642 0.572117 0.485879
8 0.594615 0.493069 0.477873 0.542163 0.472296 0.555272 0.577893 0.000000 0.511293 0.153335 0.502709
9 0.524196 0.418029 0.396996 0.457528 0.370646 0.470477 0.494682 0.511312 0.000000 0.502300 0.283825
10 0.590059 0.485792 0.469482 0.534301 0.463449 0.548280 0.572197 0.153454 0.502380 0.000000 0.494394
11 0.518501 0.408876 0.387980 0.449362 0.359790 0.463288 0.485859 0.502748 0.283785 0.494275 0.000000
