11
1 0.000000 0.960373 0.961876 0.960175 0.961494 0.959398 0.961883 0.962066 0.962257 0.960747 0.962074
2 0.961326 0.000000 0.957516 0.860926 0.948752 0.955039 0.950276 0.949705 0.953705 0.950657 0.954658
3 0.961876 0.956182 0.000000 0.953125 0.947750 0.960526 0.958643 0.948513 0.903890 0.883956 0.902230
4 0.960747 0.860926 0.953887 0.000000 0.950076 0.951219 0.953125 0.951219 0.951791 0.951601 0.952363
5 0.961113 0.947990 0.946606 0.948171 0.000000 0.955352 0.952354 0.805646 0.944699 0.942835 0.940728
6 0.957873 0.953324 0.959954 0.950648 0.954207 0.000000 0.954641 0.954606 0.960336 0.959794 0.958452
7 0.962074 0.949705 0.958643 0.953125 0.953307 0.956356 0.000000 0.957500 0.959024 0.956936 0.956165
8 0.961494 0.949705 0.949466 0.949505 0.805836 0.955369 0.958071 0.000000 0.943364 0.944931 0.943777
9 0.962448 0.953515 0.902937 0.951982 0.944889 0.961480 0.958262 0.943364 0.000000 0.854611 0.537450
10 0.960938 0.950848 0.887386 0.952363 0.942645 0.959985 0.956936 0.944360 0.855945 0.000000 0.855183
11 0.962074 0.954086 0.903183 0.952363 0.941872 0.959977 0.956356 0.944159 0.537259 0.854040 0.000000
