11
1 0.000000 0.961158 0.953390 0.957627 0.954802 0.950739 0.954096 0.954802 0.959746 0.949296 0.962571
2 0.963983 0.000000 0.938920 0.937500 0.839349 0.945109 0.948446 0.953868 0.961648 0.948592 0.845170
3 0.963983 0.946023 0.000000 0.950994 0.949045 0.949331 0.947740 0.957417 0.958097 0.949296 0.965909
4 0.957627 0.943182 0.946023 0.000000 0.936306 0.940183 0.944915 0.951029 0.950284 0.947183 0.947443
5 0.964689 0.847134 0.950460 0.948337 0.000000 0.947924 0.951977 0.961076 0.963199 0.959155 0.632696
6 0.961999 0.958480 0.954961 0.958480 0.952146 0.000000 0.933849 0.865588 0.942998 0.668543 0.963406
7 0.959040 0.955508 0.945621 0.955508 0.945621 0.935961 0.000000 0.922316 0.939972 0.938028 0.955508
8 0.959746 0.951739 0.948900 0.953868 0.949752 0.862069 0.908898 0.000000 0.926899 0.875352 0.960965
9 0.955508 0.949574 0.950994 0.951705 0.945506 0.926108 0.926554 0.934705 0.000000 0.935915 0.960086
10 0.957042 0.954225 0.951408 0.953521 0.958451 0.665025 0.934507 0.888732 0.952113 0.000000 0.963380
11 0.957627 0.869318 0.950994 0.945312 0.670205 0.943702 0.940678 0.951029 0.957947 0.942958 0.000000
