11
1 0.000000 0.862354 0.858815 0.859601 0.856259 0.860193 0.855471 0.856061 0.861570 0.860193 0.855670
2 0.860289 0.000000 0.834136 0.837577 0.839752 0.838954 0.834136 0.781831 0.835513 0.852030 0.848110
3 0.858127 0.835513 0.000000 0.746043 0.825997 0.849862 0.586373 0.825758 0.840220 0.838154 0.831615
4 0.858913 0.839642 0.744666 0.000000 0.839752 0.854095 0.727460 0.830007 0.844460 0.842395 0.833677
5 0.855571 0.845254 0.828061 0.839752 0.000000 0.838377 0.832875 0.816369 0.827373 0.838377 0.832990
6 0.860193 0.836889 0.847107 0.854095 0.835626 0.000000 0.847213 0.804408 0.834711 0.849862 0.843986
7 0.855471 0.835513 0.587061 0.726772 0.830812 0.851342 0.000000 0.823125 0.843083 0.838954 0.837801
8 0.851928 0.779766 0.823691 0.827942 0.814305 0.805785 0.820372 0.000000 0.813361 0.826446 0.826117
9 0.860193 0.839642 0.840909 0.846524 0.825310 0.838154 0.843772 0.812672 0.000000 0.844353 0.836426
10 0.858127 0.848589 0.838154 0.838266 0.840440 0.852617 0.835513 0.828512 0.845041 0.000000 0.838488
11 0.855670 0.848797 0.832990 0.835052 0.832990 0.848110 0.837801 0.829553 0.837801 0.842612 0.000000
