11
1 0.000000 0.914650 0.913324 0.906353 0.923600 0.916639 0.916473 0.916142 0.910036 0.911501 0.913656
2 0.905038 0.000000 0.109416 0.557743 0.646100 0.657532 0.738733 0.678197 0.739188 0.863161 0.838421
3 0.909181 0.111903 0.000000 0.566512 0.650696 0.671253 0.727288 0.701591 0.764609 0.871353 0.836704
4 0.903541 0.580245 0.587856 0.000000 0.551621 0.577929 0.683653 0.618465 0.688016 0.866810 0.809067
5 0.909513 0.677532 0.665119 0.584547 0.000000 0.208769 0.761065 0.711292 0.751238 0.875767 0.803583
6 0.911004 0.680618 0.690981 0.578259 0.211427 0.000000 0.787577 0.710347 0.756355 0.894676 0.812210
7 0.909513 0.745385 0.731598 0.652052 0.721298 0.752533 0.000000 0.684517 0.712116 0.894178 0.868779
8 0.908684 0.689007 0.690153 0.617803 0.698487 0.717655 0.687344 0.000000 0.703863 0.886714 0.872097
9 0.913008 0.783922 0.780291 0.722516 0.756520 0.753714 0.746781 0.707824 0.000000 0.905249 0.886431
10 0.908850 0.874772 0.873839 0.860854 0.888041 0.888373 0.903798 0.890032 0.892869 0.000000 0.899320
11 0.917965 0.832780 0.841015 0.812707 0.813205 0.823159 0.869443 0.869111 0.868108 0.901144 0.000000
