11
1 0.000000 0.944930 0.948348 0.944550 0.947229 0.944951 0.945310 0.944212 0.944951 0.947229 0.942293
2 0.944170 0.000000 0.919483 0.889100 0.904328 0.831435 0.894037 0.897533 0.917616 0.901670 0.893318
3 0.947209 0.920243 0.000000 0.904635 0.918375 0.918755 0.881079 0.886528 0.894457 0.917616 0.865983
4 0.943411 0.889100 0.903495 0.000000 0.836750 0.888003 0.875380 0.843264 0.900532 0.831815 0.851557
5 0.946090 0.903948 0.919894 0.838648 0.000000 0.902430 0.902050 0.881594 0.916477 0.458238 0.895216
6 0.944571 0.832194 0.919134 0.889142 0.905467 0.000000 0.897874 0.890702 0.915338 0.906226 0.896355
7 0.945310 0.895556 0.882219 0.875380 0.899393 0.897115 0.000000 0.834915 0.866743 0.897115 0.649203
8 0.943833 0.896774 0.884630 0.842505 0.880835 0.890323 0.834535 0.000000 0.870588 0.878937 0.789374
9 0.944571 0.918755 0.895216 0.900532 0.916856 0.914579 0.865604 0.869070 0.000000 0.918375 0.846621
10 0.945710 0.903569 0.917616 0.831435 0.457479 0.904708 0.898633 0.879696 0.918755 0.000000 0.892938
11 0.942673 0.891800 0.866363 0.850797 0.894837 0.895596 0.648823 0.788615 0.848519 0.890281 0.000000
