11
1 0.000000 0.969159 0.969660 0.970278 0.968500 0.970355 0.969221 0.971708 0.968198 0.969281 0.969405
2 0.969353 0.000000 0.884328 0.849353 0.961198 0.898164 0.949371 0.965449 0.931721 0.937326 0.954859
3 0.970742 0.884019 0.000000 0.797588 0.961342 0.865316 0.951456 0.967759 0.934271 0.940417 0.960261
4 0.968886 0.847768 0.794959 0.000000 0.956900 0.817823 0.945702 0.963618 0.922640 0.928323 0.954011
5 0.967766 0.960271 0.960453 0.957945 0.000000 0.961802 0.959218 0.964522 0.950500 0.961128 0.961958
6 0.969505 0.897275 0.864350 0.819370 0.961879 0.000000 0.951379 0.965629 0.939681 0.942504 0.958409
7 0.969954 0.949139 0.951495 0.948637 0.960416 0.952769 0.000000 0.965784 0.858809 0.953117 0.955824
8 0.969080 0.963401 0.963700 0.962573 0.962162 0.963503 0.963698 0.000000 0.960161 0.963910 0.964350
9 0.967619 0.931837 0.933730 0.924495 0.950810 0.940183 0.857612 0.961629 0.000000 0.939142 0.943439
10 0.969861 0.937828 0.940031 0.930294 0.962403 0.944049 0.953078 0.967272 0.940726 0.000000 0.959451
11 0.970755 0.957059 0.961380 0.957521 0.964813 0.961380 0.956634 0.968093 0.945291 0.961573 0.000000
