11
1 0.000000 0.439294 0.447091 0.424627 0.448124 0.444627 0.443031 0.445983 0.459399 0.444077 0.454042
2 0.454194 0.000000 0.340508 0.123620 0.347130 0.186404 0.332230 0.230684 0.364238 0.091460 0.352649
3 0.452632 0.339956 0.000000 0.339591 0.350993 0.338268 0.173119 0.340720 0.286427 0.346556 0.286268
4 0.451684 0.123620 0.327996 0.000000 0.352649 0.181469 0.332965 0.228051 0.352844 0.124518 0.342352
5 0.466336 0.367550 0.354857 0.355408 0.000000 0.359101 0.358720 0.369205 0.385210 0.355923 0.369757
6 0.464912 0.190241 0.342654 0.188048 0.360197 0.000000 0.337171 0.242325 0.358553 0.190241 0.357456
7 0.457411 0.336645 0.179204 0.341800 0.357616 0.338816 0.000000 0.348451 0.297013 0.345455 0.282633
8 0.453740 0.225166 0.332410 0.229707 0.354857 0.235197 0.339602 0.000000 0.357895 0.234160 0.344961
9 0.467742 0.349890 0.280886 0.348426 0.371413 0.347588 0.283186 0.351247 0.000000 0.353719 0.275748
10 0.458953 0.092562 0.348760 0.127824 0.354270 0.194627 0.341047 0.238017 0.358127 0.000000 0.357576
11 0.461794 0.346578 0.271318 0.341248 0.365894 0.345943 0.272677 0.348283 0.274086 0.349311 0.000000
