11
1 0.000000 0.829741 0.837621 0.844068 0.856519 0.838090 0.831844 0.838404 0.839554 0.832818 0.832330
2 0.834673 0.000000 0.782886 0.615357 0.829206 0.655097 0.770564 0.795045 0.791377 0.584137 0.782704
3 0.834702 0.772852 0.000000 0.783115 0.821194 0.775588 0.638519 0.786664 0.355957 0.773331 0.326035
4 0.842067 0.600255 0.778020 0.000000 0.832424 0.671034 0.775655 0.798581 0.785844 0.559396 0.778566
5 0.859978 0.831755 0.827932 0.838792 0.000000 0.829024 0.829206 0.819738 0.831937 0.827360 0.825382
6 0.839554 0.643405 0.775953 0.665939 0.827932 0.000000 0.772387 0.799235 0.778774 0.634164 0.777048
7 0.834397 0.776947 0.634689 0.774927 0.818099 0.772023 0.000000 0.789761 0.642714 0.761870 0.634871
8 0.841137 0.789397 0.795773 0.803675 0.814093 0.800510 0.793952 0.000000 0.798506 0.796616 0.799053
9 0.836626 0.779503 0.355045 0.791485 0.820466 0.774199 0.642531 0.795227 0.000000 0.769693 0.345010
10 0.828270 0.566855 0.766964 0.559032 0.819902 0.638894 0.764781 0.786611 0.770420 0.000000 0.764235
11 0.832330 0.777230 0.327677 0.785480 0.820648 0.777413 0.638519 0.796866 0.338989 0.775332 0.000000
