11
1 0.000000 0.402430 0.381078 0.396819 0.362130 0.379479 0.393014 0.401705 0.404912 0.377793 0.406619
2 0.404189 0.000000 0.357095 0.374181 0.341017 0.327702 0.208241 0.142437 0.355112 0.353529 0.238314
3 0.380270 0.354116 0.000000 0.329282 0.268924 0.324223 0.343790 0.347353 0.349389 0.088530 0.354511
4 0.399673 0.373948 0.330395 0.000000 0.315401 0.348542 0.362979 0.372098 0.371455 0.329337 0.375462
5 0.363080 0.341196 0.271956 0.317500 0.000000 0.310180 0.330451 0.337357 0.337304 0.269821 0.342422
6 0.380860 0.328886 0.327092 0.350604 0.309283 0.000000 0.319308 0.327433 0.238316 0.324868 0.334589
7 0.393624 0.207111 0.343808 0.363284 0.326738 0.313480 0.000000 0.201095 0.342411 0.343156 0.219031
8 0.401095 0.142473 0.351247 0.372259 0.337196 0.326375 0.201328 0.000000 0.351380 0.350511 0.233309
9 0.405037 0.356762 0.353641 0.374110 0.336568 0.238172 0.343774 0.352403 0.000000 0.352941 0.358942
10 0.378744 0.354032 0.091007 0.328781 0.268871 0.322662 0.343910 0.349847 0.350250 0.000000 0.357256
11 0.408287 0.239785 0.356825 0.376574 0.341220 0.331038 0.220413 0.233794 0.357202 0.358996 0.000000
