11
1 0.000000 0.640688 0.640117 0.631902 0.644162 0.626076 0.649707 0.638546 0.629353 0.614945 0.635989
2 0.639587 0.000000 0.378281 0.376265 0.440695 0.302725 0.445242 0.223758 0.357891 0.433462 0.353735
3 0.652787 0.382331 0.000000 0.166649 0.453463 0.358778 0.460899 0.388626 0.285313 0.450865 0.282895
4 0.644686 0.377366 0.166755 0.000000 0.443734 0.358759 0.456482 0.384290 0.279251 0.446398 0.278612
5 0.651735 0.443004 0.448948 0.444942 0.000000 0.414605 0.204477 0.437536 0.424950 0.453884 0.422853
6 0.624440 0.300629 0.358103 0.353219 0.415636 0.000000 0.419897 0.307865 0.330584 0.407536 0.331828
7 0.657701 0.442826 0.457062 0.456944 0.204264 0.422455 0.000000 0.441748 0.436667 0.465106 0.432546
8 0.642067 0.226919 0.387310 0.386314 0.439171 0.309358 0.438977 0.000000 0.364762 0.437902 0.359495
9 0.632092 0.353593 0.286451 0.275807 0.421608 0.333997 0.436205 0.364797 0.000000 0.421139 0.120164
10 0.615939 0.429378 0.452179 0.445510 0.451220 0.412544 0.456192 0.434812 0.425862 0.000000 0.426288
11 0.628307 0.351320 0.280228 0.278009 0.424061 0.329446 0.438764 0.358855 0.120199 0.427886 0.000000
