11
1 0.000000 0.570455 0.559091 0.547727 0.556818 0.543182 0.556818 0.547727 0.559091 0.552036 0.551020
2 0.570455 0.000000 0.556818 0.554545 0.550000 0.552273 0.552273 0.552273 0.561364 0.549774 0.555556
3 0.556818 0.563636 0.000000 0.425000 0.531818 0.496583 0.123007 0.498861 0.536364 0.542986 0.514739
4 0.547727 0.561364 0.429545 0.000000 0.481818 0.456818 0.440909 0.456818 0.511364 0.513575 0.489796
5 0.561364 0.547727 0.527273 0.486364 0.000000 0.481818 0.529545 0.493182 0.486364 0.475113 0.469388
6 0.545455 0.554545 0.496583 0.459091 0.481818 0.000000 0.503417 0.230068 0.504545 0.511312 0.480726
7 0.556818 0.559091 0.123007 0.436364 0.529545 0.501139 0.000000 0.505695 0.538636 0.540724 0.517007
8 0.550000 0.554545 0.498861 0.454545 0.495455 0.230068 0.510251 0.000000 0.513636 0.513575 0.492063
9 0.559091 0.561364 0.534091 0.511364 0.484091 0.502273 0.534091 0.509091 0.000000 0.427602 0.458050
10 0.556561 0.558824 0.545249 0.520362 0.475113 0.513575 0.545249 0.515837 0.427602 0.000000 0.427602
11 0.553288 0.557823 0.521542 0.492063 0.471655 0.480726 0.523810 0.494331 0.458050 0.427602 0.000000
