11
1 0.000000 0.725812 0.825083 0.828600 0.760643 0.797554 0.758335 0.683721 0.773344 0.770764 0.861355
2 0.726806 0.000000 0.564612 0.621107 0.480868 0.490993 0.391484 0.165673 0.479470 0.422465 0.620176
3 0.822757 0.556329 0.000000 0.734762 0.684612 0.687159 0.408857 0.525258 0.668377 0.432019 0.761968
4 0.840724 0.617628 0.743066 0.000000 0.717906 0.732110 0.643224 0.561369 0.706954 0.636771 0.792944
5 0.801723 0.492794 0.714925 0.735465 0.000000 0.279293 0.560212 0.447408 0.210265 0.602948 0.353652
6 0.823335 0.508511 0.732937 0.759709 0.277310 0.000000 0.623038 0.474467 0.277475 0.625186 0.442076
7 0.743407 0.386514 0.410350 0.605905 0.546629 0.597918 0.000000 0.343341 0.555464 0.159894 0.666225
8 0.685216 0.164844 0.531073 0.553895 0.444757 0.462899 0.343672 0.000000 0.439901 0.369558 0.575948
9 0.805629 0.482285 0.712252 0.735762 0.209272 0.275161 0.569536 0.444868 0.000000 0.608444 0.390066
10 0.760133 0.416501 0.427193 0.626142 0.573464 0.600727 0.156411 0.365902 0.578642 0.000000 0.691403
11 0.864999 0.628292 0.773729 0.797416 0.352327 0.437779 0.679808 0.581249 0.393046 0.707305 0.000000
