11
1 0.000000 0.946874 0.961451 0.955866 0.965486 0.946678 0.960382 0.961363 0.953746 0.962188 0.959557
2 0.944558 0.000000 0.931774 0.923738 0.939725 0.834585 0.931167 0.938116 0.916686 0.936938 0.931882
3 0.963217 0.935307 0.000000 0.950067 0.901154 0.930557 0.449046 0.891105 0.951558 0.890516 0.557941
4 0.954885 0.924681 0.948418 0.000000 0.953858 0.919694 0.948086 0.950992 0.890242 0.949656 0.947300
5 0.963601 0.940354 0.898917 0.953034 0.000000 0.937367 0.895454 0.865349 0.951945 0.862206 0.897667
6 0.944636 0.835174 0.926867 0.917730 0.937328 0.000000 0.925628 0.931201 0.912128 0.929472 0.925440
7 0.958890 0.930735 0.448575 0.947261 0.895454 0.926256 0.000000 0.880525 0.947472 0.880407 0.501886
8 0.960185 0.938666 0.888160 0.949539 0.865310 0.931673 0.880132 0.000000 0.947900 0.437193 0.882267
9 0.951154 0.915861 0.947319 0.888671 0.951670 0.912167 0.946372 0.947114 0.000000 0.948254 0.946182
10 0.960028 0.937723 0.887886 0.948046 0.862324 0.930376 0.880839 0.437625 0.948921 0.000000 0.883839
11 0.957908 0.932393 0.557981 0.946318 0.897627 0.925833 0.502082 0.882503 0.947635 0.883132 0.000000
