11
1 0.000000 0.737860 0.744843 0.772871 0.745630 0.736258 0.716453 0.763058 0.746507 0.748608 0.749449
2 0.737589 0.000000 0.664345 0.634630 0.664333 0.340335 0.412614 0.622998 0.665932 0.666306 0.672857
3 0.744146 0.664500 0.000000 0.708437 0.174428 0.662102 0.628347 0.700147 0.288949 0.346689 0.305957
4 0.772368 0.634359 0.707933 0.000000 0.709777 0.633979 0.591588 0.426294 0.710023 0.708501 0.714745
5 0.745436 0.664643 0.174466 0.711750 0.000000 0.662090 0.631498 0.701733 0.284073 0.348468 0.305074
6 0.737109 0.341379 0.664500 0.635062 0.663869 0.000000 0.411009 0.621639 0.666821 0.663096 0.674249
7 0.715640 0.411917 0.627534 0.591162 0.629834 0.407566 0.000000 0.575640 0.633455 0.632619 0.640381
8 0.763600 0.621179 0.701540 0.426101 0.701423 0.621407 0.575253 0.000000 0.701424 0.703628 0.706918
9 0.746043 0.666396 0.288446 0.710681 0.284615 0.666705 0.635002 0.701656 0.000000 0.350054 0.271665
10 0.748569 0.667041 0.347811 0.712059 0.350054 0.663366 0.634592 0.705562 0.353032 0.000000 0.372795
11 0.750261 0.672974 0.306924 0.715673 0.305693 0.671889 0.641348 0.707808 0.272439 0.372022 0.000000
