11
1 0.000000 0.580866 0.579545 0.581818 0.583144 0.581818 0.583144 0.581818 0.577273 0.573696 0.573696
2 0.578588 0.000000 0.570455 0.579545 0.576310 0.575000 0.574032 0.577273 0.577273 0.582766 0.569161
3 0.579545 0.570455 0.000000 0.577273 0.556818 0.577273 0.577273 0.579545 0.572727 0.582766 0.471655
4 0.584091 0.584091 0.577273 0.000000 0.581818 0.577273 0.581818 0.584091 0.581818 0.582766 0.578231
5 0.580866 0.578588 0.554545 0.577273 0.000000 0.577273 0.583144 0.581818 0.581818 0.582766 0.551020
6 0.581818 0.579545 0.575000 0.575000 0.575000 0.000000 0.581818 0.577273 0.577273 0.580499 0.575964
7 0.585421 0.576310 0.577273 0.579545 0.580866 0.581818 0.000000 0.561364 0.545455 0.580499 0.578231
8 0.581818 0.577273 0.579545 0.581818 0.584091 0.577273 0.561364 0.000000 0.502273 0.578231 0.582766
9 0.579545 0.577273 0.575000 0.579545 0.581818 0.577273 0.550000 0.504545 0.000000 0.580499 0.578231
10 0.573696 0.585034 0.578231 0.582766 0.585034 0.580499 0.582766 0.580499 0.582766 0.000000 0.575964
11 0.580499 0.573696 0.476190 0.575964 0.555556 0.578231 0.580499 0.582766 0.580499 0.580499 0.000000
