11
1 0.000000 0.968817 0.975951 0.974874 0.972362 0.970208 0.973080 0.970208 0.978823 0.972721 0.971644
2 0.963799 0.000000 0.965950 0.966667 0.962366 0.963799 0.965591 0.959140 0.969176 0.959857 0.962366
3 0.958004 0.959498 0.000000 0.945965 0.927233 0.949964 0.948847 0.947860 0.958934 0.966138 0.920446
4 0.958722 0.958064 0.950648 0.000000 0.939416 0.953204 0.953807 0.951456 0.961344 0.964634 0.948164
5 0.962312 0.962007 0.929035 0.943743 0.000000 0.953204 0.946989 0.952535 0.961774 0.967184 0.918287
6 0.961235 0.958423 0.958963 0.959683 0.946004 0.000000 0.841973 0.866235 0.846292 0.960763 0.953564
7 0.967696 0.959498 0.956772 0.962108 0.947349 0.845212 0.000000 0.851492 0.749549 0.962829 0.960043
8 0.962671 0.956272 0.957929 0.958288 0.952895 0.862639 0.834592 0.000000 0.830996 0.963323 0.960086
9 0.961594 0.960215 0.958934 0.960621 0.950234 0.825054 0.741610 0.837469 0.000000 0.960303 0.956443
10 0.958004 0.955556 0.966499 0.965355 0.958889 0.958963 0.957416 0.951456 0.962829 0.000000 0.962563
11 0.956927 0.959140 0.927286 0.951764 0.918287 0.951044 0.956443 0.954333 0.960403 0.963643 0.000000
