11
1 0.000000 0.910759 0.894509 0.882055 0.913091 0.909190 0.905708 0.898342 0.906441 0.908894 0.895495
2 0.911479 0.000000 0.898884 0.880533 0.920475 0.922274 0.903922 0.889169 0.565311 0.920475 0.898525
3 0.876445 0.883411 0.000000 0.738078 0.849982 0.847543 0.808526 0.775054 0.887370 0.843931 0.801802
4 0.875905 0.883051 0.760838 0.000000 0.852146 0.836048 0.798410 0.785508 0.878374 0.835864 0.768288
5 0.915254 0.923714 0.868734 0.853949 0.000000 0.680851 0.893256 0.875991 0.922634 0.681572 0.872072
6 0.904124 0.917596 0.853324 0.827724 0.669311 0.000000 0.864884 0.852920 0.914717 0.343456 0.836757
7 0.891618 0.898165 0.801662 0.783237 0.877028 0.867775 0.000000 0.739726 0.899604 0.864884 0.827387
8 0.894016 0.893847 0.787671 0.778298 0.876352 0.874549 0.741889 0.000000 0.899244 0.873107 0.840000
9 0.903922 0.528607 0.893127 0.874775 0.916157 0.912199 0.895286 0.889169 0.000000 0.917596 0.895286
10 0.899855 0.916877 0.859104 0.840926 0.679769 0.365148 0.877529 0.869142 0.919755 0.000000 0.855135
11 0.890090 0.897445 0.827748 0.777297 0.868829 0.849369 0.841081 0.819820 0.890248 0.850090 0.000000
