11
1 0.000000 0.961219 0.961832 0.961833 0.964540 0.962306 0.959677 0.958610 0.960400 0.961516 0.954716
2 0.961041 0.000000 0.934907 0.951210 0.940995 0.935697 0.929767 0.922710 0.930458 0.935164 0.924885
3 0.961239 0.934946 0.000000 0.954804 0.855872 0.878808 0.867963 0.898270 0.934763 0.921013 0.930126
4 0.963117 0.953185 0.956699 0.000000 0.959701 0.957193 0.953935 0.952474 0.954113 0.957173 0.947340
5 0.963868 0.940382 0.856346 0.957805 0.000000 0.885352 0.876673 0.907838 0.942091 0.926411 0.937719
6 0.962010 0.935025 0.879125 0.955337 0.885154 0.000000 0.862676 0.898685 0.936008 0.918784 0.930092
7 0.959203 0.929253 0.868081 0.951191 0.876673 0.862399 0.000000 0.879035 0.929115 0.905908 0.923542
8 0.958254 0.922177 0.898666 0.950894 0.908155 0.898883 0.879174 0.000000 0.925066 0.859346 0.916754
9 0.961407 0.932136 0.936659 0.954429 0.943888 0.937509 0.930872 0.926211 0.000000 0.936679 0.927831
10 0.960903 0.934670 0.921013 0.955258 0.926529 0.918428 0.906066 0.859484 0.934961 0.000000 0.930938
11 0.954064 0.925083 0.930008 0.945050 0.937521 0.929776 0.923325 0.915726 0.926073 0.930721 0.000000
