11
1 0.000000 0.971286 0.970822 0.971054 0.969993 0.970088 0.972020 0.970668 0.970861 0.971016 0.969130
2 0.970320 0.000000 0.952918 0.951709 0.711478 0.963884 0.932756 0.962376 0.951245 0.742615 0.963644
3 0.970668 0.952725 0.000000 0.945226 0.949023 0.965365 0.948937 0.964863 0.944956 0.950251 0.965769
4 0.969624 0.951322 0.944260 0.000000 0.943809 0.965125 0.948732 0.964352 0.492693 0.945909 0.964030
5 0.970263 0.713331 0.950452 0.945238 0.000000 0.962346 0.925581 0.961844 0.945354 0.499537 0.963351
6 0.969277 0.965237 0.965172 0.965435 0.962501 0.000000 0.964132 0.961986 0.965319 0.962535 0.927713
7 0.969199 0.931905 0.947893 0.948384 0.922801 0.962739 0.000000 0.961638 0.947301 0.923716 0.961442
8 0.969199 0.962376 0.963896 0.965319 0.959913 0.961638 0.962412 0.000000 0.964777 0.961491 0.960553
9 0.969277 0.949892 0.944105 0.491958 0.944427 0.964545 0.947920 0.964777 0.000000 0.945677 0.964378
10 0.969470 0.742886 0.949092 0.946219 0.498301 0.962535 0.924142 0.961530 0.945600 0.000000 0.961596
11 0.969401 0.964649 0.966039 0.965383 0.962424 0.927906 0.963876 0.961596 0.965537 0.963258 0.000000
