11
1 0.000000 0.981959 0.981473 0.985421 0.984293 0.980812 0.985223 0.985262 0.983725 0.984938 0.983185
2 0.980950 0.000000 0.969109 0.981102 0.971149 0.969933 0.971917 0.973138 0.972552 0.983416 0.971870
3 0.983784 0.971835 0.000000 0.983073 0.932984 0.976496 0.979656 0.981256 0.980367 0.985424 0.768517
4 0.985084 0.981537 0.980644 0.000000 0.983101 0.980951 0.984703 0.984941 0.983705 0.981934 0.982962
5 0.983541 0.971189 0.930377 0.982745 0.000000 0.975016 0.979915 0.981835 0.979810 0.984543 0.932246
6 0.980990 0.971238 0.974501 0.981406 0.976025 0.000000 0.980397 0.981524 0.980284 0.983851 0.976737
7 0.985144 0.972174 0.977345 0.984822 0.980034 0.979922 0.000000 0.963011 0.959936 0.985729 0.979952
8 0.984570 0.973474 0.977977 0.984525 0.981479 0.980694 0.962456 0.000000 0.834484 0.985274 0.979947
9 0.984121 0.973442 0.978471 0.984556 0.980502 0.979968 0.960391 0.835907 0.000000 0.985195 0.980462
10 0.985492 0.984919 0.983824 0.982764 0.985571 0.984128 0.986085 0.986460 0.985294 0.000000 0.985670
11 0.982631 0.972127 0.766186 0.982685 0.932583 0.975867 0.979892 0.980799 0.979335 0.984266 0.000000
