11
1 0.000000 0.793167 0.791697 0.792065 0.796106 0.791697 0.789493 0.792799 0.801249 0.796106 0.794269
2 0.790595 0.000000 0.708088 0.328797 0.733726 0.501287 0.713130 0.585142 0.727106 0.239426 0.715337
3 0.790595 0.711397 0.000000 0.715809 0.729412 0.717279 0.488235 0.716176 0.656250 0.716544 0.650368
4 0.793167 0.329165 0.716912 0.000000 0.736203 0.501840 0.718279 0.580942 0.734731 0.347314 0.722590
5 0.795371 0.734461 0.729412 0.736571 0.000000 0.729113 0.723060 0.738314 0.747976 0.737675 0.729581
6 0.790595 0.500552 0.716544 0.500368 0.728009 0.000000 0.720853 0.586676 0.730316 0.521707 0.717071
7 0.791697 0.714969 0.486765 0.716072 0.725267 0.720118 0.000000 0.723428 0.645826 0.720485 0.642883
8 0.792432 0.583303 0.713971 0.577999 0.738314 0.582996 0.721221 0.000000 0.739146 0.593083 0.725901
9 0.799045 0.728577 0.657353 0.733996 0.748712 0.732524 0.648032 0.740986 0.000000 0.736939 0.633554
10 0.792799 0.238691 0.714338 0.345475 0.735835 0.520235 0.717911 0.594187 0.736203 0.000000 0.722222
11 0.793534 0.715704 0.650735 0.721118 0.731420 0.717807 0.642148 0.728477 0.634658 0.723326 0.000000
