11
1 0.000000 0.984236 0.983839 0.982094 0.983342 0.982697 0.983254 0.981244 0.982674 0.983877 0.982365
2 0.984747 0.000000 0.946731 0.981073 0.825286 0.979518 0.934117 0.980186 0.971948 0.945670 0.980480
3 0.984114 0.947282 0.000000 0.982251 0.949711 0.980024 0.949762 0.980851 0.974266 0.907554 0.979380
4 0.986531 0.984921 0.985942 0.000000 0.984057 0.966504 0.984528 0.984214 0.984528 0.985824 0.979188
5 0.984560 0.825247 0.950379 0.981465 0.000000 0.979020 0.941579 0.980827 0.972930 0.950301 0.980755
6 0.982461 0.977828 0.979749 0.961714 0.977959 0.000000 0.977515 0.975779 0.980120 0.980139 0.973175
7 0.984394 0.934510 0.949841 0.980994 0.941932 0.978655 0.000000 0.981210 0.971595 0.946971 0.979773
8 0.982542 0.979950 0.981991 0.980602 0.980277 0.977194 0.981131 0.000000 0.980749 0.981991 0.981069
9 0.984403 0.972852 0.975091 0.981701 0.973363 0.981220 0.972223 0.980513 0.000000 0.974856 0.982562
10 0.983916 0.944883 0.907318 0.980994 0.950261 0.980061 0.946146 0.980261 0.972813 0.000000 0.979773
11 0.985861 0.983072 0.982522 0.978795 0.982719 0.976317 0.981855 0.983229 0.984761 0.983308 0.000000
