11
1 0.000000 0.987244 0.987126 0.988735 0.987519 0.986812 0.987440 0.986302 0.987872 0.985713 0.987322
2 0.984182 0.000000 0.969214 0.969057 0.751041 0.978324 0.951072 0.977578 0.967214 0.778716 0.979149
3 0.983908 0.968154 0.000000 0.962756 0.966765 0.979964 0.963978 0.979341 0.961795 0.965298 0.980363
4 0.984457 0.967604 0.961617 0.000000 0.963033 0.979648 0.964843 0.979027 0.522970 0.962118 0.979617
5 0.984025 0.750844 0.966608 0.963465 0.000000 0.976783 0.943788 0.976395 0.962227 0.535801 0.978203
6 0.982338 0.977892 0.979728 0.979844 0.976783 0.000000 0.977334 0.975885 0.979190 0.975426 0.947373
7 0.983908 0.950130 0.963664 0.965785 0.943984 0.976863 0.000000 0.977102 0.964033 0.942608 0.976946
8 0.983397 0.977499 0.979105 0.980598 0.977495 0.976042 0.977259 0.000000 0.979190 0.975897 0.975886
9 0.985046 0.967017 0.962306 0.523323 0.962188 0.979779 0.965211 0.979307 0.000000 0.961686 0.980446
10 0.985046 0.779187 0.967418 0.964317 0.536076 0.977664 0.944924 0.977192 0.963257 0.000000 0.978880
11 0.985242 0.980484 0.982444 0.982248 0.980324 0.949140 0.979185 0.977967 0.981545 0.979430 0.000000
