11
1 0.000000 0.582766 0.584091 0.586364 0.584091 0.584091 0.590909 0.584091 0.584091 0.582766 0.578231
2 0.582766 0.000000 0.585034 0.585034 0.582766 0.582766 0.582766 0.585034 0.528345 0.582766 0.580499
3 0.584091 0.582766 0.000000 0.586364 0.584091 0.581818 0.586364 0.586364 0.584091 0.587302 0.580499
4 0.581818 0.580499 0.584091 0.000000 0.581818 0.581818 0.587699 0.583144 0.581818 0.582766 0.582766
5 0.584091 0.582766 0.584091 0.584091 0.000000 0.581818 0.586364 0.586364 0.579545 0.585034 0.580499
6 0.584091 0.578231 0.581818 0.584091 0.581818 0.000000 0.584091 0.586364 0.579545 0.580499 0.580499
7 0.584091 0.582766 0.584091 0.585421 0.581818 0.579545 0.000000 0.584475 0.584091 0.582766 0.582766
8 0.581818 0.580499 0.581818 0.580866 0.584091 0.581818 0.584475 0.000000 0.581818 0.585034 0.580499
9 0.581818 0.528345 0.581818 0.581818 0.579545 0.581818 0.584091 0.586364 0.000000 0.585034 0.582766
10 0.582766 0.580499 0.585034 0.585034 0.582766 0.582766 0.587302 0.589569 0.582766 0.000000 0.578231
11 0.580499 0.580499 0.582766 0.585034 0.582766 0.580499 0.587302 0.587302 0.582766 0.578231 0.000000
