11
1 0.000000 0.608171 0.588430 0.629679 0.593403 0.568757 0.664180 0.607989 0.567997 0.585443 0.598873
2 0.607674 0.000000 0.212206 0.422924 0.225273 0.336421 0.450380 0.370493 0.407046 0.330963 0.228581
3 0.597381 0.209725 0.000000 0.398642 0.112181 0.309118 0.422355 0.358957 0.389929 0.301075 0.127221
4 0.637628 0.419616 0.397151 0.000000 0.403776 0.392851 0.488076 0.431269 0.449818 0.386104 0.400464
5 0.607824 0.224281 0.111849 0.398973 0.000000 0.323349 0.437770 0.364753 0.395229 0.314475 0.150680
6 0.587953 0.338736 0.313751 0.395168 0.320536 0.000000 0.408572 0.349661 0.385901 0.125227 0.317227
7 0.658876 0.449719 0.415213 0.513581 0.429140 0.417839 0.000000 0.360618 0.504887 0.415881 0.425146
8 0.606332 0.369666 0.353644 0.417688 0.363425 0.336919 0.357297 0.000000 0.417757 0.332837 0.359621
9 0.569819 0.423255 0.403180 0.460252 0.401358 0.392189 0.500580 0.414776 0.000000 0.382630 0.406162
10 0.574028 0.334271 0.309843 0.385277 0.318776 0.122581 0.412572 0.342763 0.385608 0.000000 0.309347
11 0.595558 0.221634 0.123401 0.398808 0.148191 0.315075 0.433472 0.360784 0.405002 0.307692 0.000000
