11
1 0.000000 0.950843 0.963053 0.963756 0.959303 0.961302 0.956808 0.942088 0.959579 0.959520 0.965330
2 0.949835 0.000000 0.933116 0.937193 0.897580 0.901860 0.864637 0.467826 0.895462 0.878099 0.932866
3 0.964719 0.935673 0.000000 0.955160 0.948577 0.952558 0.863018 0.916618 0.947809 0.874250 0.959062
4 0.964879 0.939129 0.955044 0.000000 0.953727 0.957715 0.938548 0.925382 0.954158 0.943775 0.960378
5 0.959768 0.899632 0.948577 0.952178 0.000000 0.680039 0.925653 0.869700 0.526986 0.929758 0.764085
6 0.961844 0.903022 0.951512 0.955508 0.678993 0.000000 0.931461 0.876806 0.677482 0.934986 0.866313
7 0.956266 0.864521 0.861702 0.936922 0.924608 0.931112 0.000000 0.818657 0.924655 0.489415 0.946912
8 0.942320 0.469376 0.915495 0.924298 0.869390 0.877310 0.819432 0.000000 0.866579 0.836981 0.920291
9 0.959230 0.896856 0.947692 0.951254 0.527335 0.677017 0.925004 0.866347 0.000000 0.927559 0.822899
10 0.957660 0.876896 0.870532 0.941297 0.926854 0.933708 0.489027 0.834773 0.925430 0.000000 0.946177
11 0.966259 0.934879 0.959759 0.960145 0.766174 0.869061 0.948537 0.921800 0.824834 0.950627 0.000000
