11
1 0.000000 0.528220 0.517521 0.524149 0.519536 0.540585 0.524343 0.517184 0.550702 0.509514 0.511196
2 0.530660 0.000000 0.515166 0.122681 0.515514 0.540229 0.129808 0.512531 0.547705 0.507767 0.437265
3 0.517094 0.512067 0.000000 0.507115 0.475245 0.505699 0.509403 0.159750 0.515859 0.302097 0.501085
4 0.525816 0.121209 0.507813 0.000000 0.507269 0.533072 0.092055 0.505754 0.539124 0.501763 0.426701
5 0.520505 0.513616 0.475904 0.506494 0.000000 0.306246 0.507890 0.477740 0.328422 0.466341 0.500232
6 0.541747 0.536975 0.506552 0.532064 0.306168 0.000000 0.532917 0.507846 0.329404 0.499438 0.525686
7 0.525971 0.129111 0.511187 0.091977 0.509906 0.534429 0.000000 0.509280 0.542924 0.507189 0.431505
8 0.519237 0.510866 0.161572 0.506800 0.478322 0.507962 0.509473 0.000000 0.519819 0.305475 0.497869
9 0.552795 0.546581 0.517991 0.541528 0.329702 0.331188 0.543195 0.518230 0.000000 0.515599 0.534441
10 0.512964 0.506217 0.304577 0.502577 0.466380 0.499244 0.505523 0.306405 0.514785 0.000000 0.490315
11 0.513133 0.435871 0.502479 0.428095 0.501550 0.526693 0.430807 0.498024 0.533279 0.490508 0.000000
