11
1 0.000000 0.912971 0.910406 0.901430 0.906406 0.903338 0.896074 0.909408 0.909950 0.907223 0.902690
2 0.916957 0.000000 0.900681 0.890882 0.904248 0.886730 0.872979 0.902508 0.682587 0.902750 0.885420
3 0.904089 0.891878 0.000000 0.863364 0.883671 0.786746 0.779446 0.869167 0.886070 0.887343 0.774494
4 0.897773 0.883076 0.861037 0.000000 0.877199 0.789404 0.745464 0.484707 0.883085 0.883366 0.787612
5 0.903253 0.902091 0.885164 0.875705 0.000000 0.868570 0.852524 0.884169 0.895688 0.621107 0.872718
6 0.901677 0.883906 0.788739 0.790400 0.874212 0.000000 0.607390 0.837735 0.873964 0.873095 0.284623
7 0.901683 0.870835 0.786539 0.759650 0.860277 0.611019 0.000000 0.806829 0.861432 0.879413 0.603266
8 0.908078 0.899684 0.878000 0.493185 0.884666 0.840724 0.795612 0.000000 0.887065 0.891319 0.823979
9 0.915257 0.668325 0.894196 0.883250 0.898673 0.868657 0.861267 0.888060 0.000000 0.897614 0.866501
10 0.904573 0.899934 0.893638 0.891816 0.627237 0.876574 0.869350 0.896455 0.895626 0.000000 0.870278
11 0.901196 0.883427 0.771837 0.782464 0.866744 0.277649 0.573903 0.816672 0.869486 0.867462 0.000000
