11
1 0.000000 0.889551 0.902534 0.911869 0.887924 0.878412 0.929714 0.892336 0.897522 0.888257 0.879824
2 0.889375 0.000000 0.777028 0.777342 0.701083 0.816993 0.903899 0.750265 0.772791 0.770222 0.755166
3 0.901828 0.776380 0.000000 0.832139 0.773105 0.837664 0.914002 0.554241 0.608125 0.801220 0.786251
4 0.911163 0.776223 0.832434 0.000000 0.764181 0.858140 0.926599 0.814416 0.827177 0.827431 0.815045
5 0.887218 0.701102 0.774517 0.764887 0.000000 0.812285 0.904460 0.749667 0.769615 0.770595 0.748686
6 0.878059 0.815698 0.838057 0.858258 0.812148 0.000000 0.895993 0.819974 0.831432 0.807382 0.795771
7 0.928126 0.902545 0.912647 0.925932 0.903126 0.895228 0.000000 0.905373 0.909324 0.902454 0.896739
8 0.891826 0.750069 0.554280 0.814278 0.748960 0.820131 0.906354 0.000000 0.469651 0.777776 0.758860
9 0.898247 0.772987 0.608889 0.828471 0.769674 0.832020 0.912108 0.469945 0.000000 0.796887 0.783320
10 0.887727 0.770203 0.801632 0.828196 0.769673 0.807814 0.903494 0.778423 0.796749 0.000000 0.685664
11 0.878765 0.753635 0.786016 0.815202 0.748431 0.795418 0.897603 0.758507 0.782163 0.684173 0.000000
