11
1 0.000000 0.523810 0.524618 0.528205 0.530508 0.512821 0.513605 0.525338 0.530822 0.529915 0.518333
2 0.523810 0.000000 0.480475 0.471088 0.235593 0.494898 0.409864 0.483108 0.471088 0.268707 0.483333
3 0.528014 0.483871 0.000000 0.473684 0.461017 0.495756 0.448217 0.494932 0.473684 0.483871 0.486667
4 0.521368 0.464286 0.461800 0.000000 0.459322 0.497436 0.455782 0.505068 0.150427 0.475214 0.498333
5 0.527119 0.247458 0.454237 0.471186 0.000000 0.479661 0.400000 0.469595 0.479661 0.171186 0.468333
6 0.509402 0.494898 0.482173 0.497436 0.479661 0.000000 0.481293 0.476351 0.511111 0.485470 0.390000
7 0.520408 0.408163 0.444822 0.454082 0.400000 0.500000 0.000000 0.481419 0.460884 0.416667 0.486667
8 0.527027 0.494932 0.489865 0.510135 0.474662 0.494932 0.481419 0.000000 0.513514 0.484797 0.480000
9 0.518836 0.472789 0.456706 0.148718 0.455932 0.504274 0.448980 0.500000 0.000000 0.475214 0.498333
10 0.517949 0.255102 0.460102 0.458120 0.159322 0.471795 0.406463 0.462838 0.476923 0.000000 0.471667
11 0.521667 0.498333 0.488333 0.515000 0.485000 0.405000 0.491667 0.481667 0.520000 0.488333 0.000000
