11
1 0.000000 0.273099 0.291018 0.283982 0.293382 0.291699 0.287218 0.290168 0.290063 0.301083 0.275162
2 0.272530 0.000000 0.262133 0.252740 0.267399 0.261613 0.256805 0.261442 0.261362 0.272705 0.052054
3 0.291693 0.263803 0.000000 0.178320 0.139878 0.185071 0.182797 0.055889 0.132239 0.202060 0.264052
4 0.283342 0.254413 0.175584 0.000000 0.181915 0.147933 0.144611 0.175976 0.175872 0.167466 0.253381
5 0.294270 0.268501 0.140020 0.182448 0.000000 0.189841 0.185434 0.139900 0.077380 0.206038 0.270349
6 0.290134 0.261115 0.184467 0.148360 0.187958 0.000000 0.109056 0.183113 0.183396 0.106198 0.259266
7 0.287111 0.257410 0.180807 0.145038 0.184012 0.108451 0.000000 0.180272 0.178522 0.133760 0.255880
8 0.291091 0.263644 0.056919 0.177431 0.140077 0.184675 0.182118 0.000000 0.132834 0.201328 0.265561
9 0.288072 0.262607 0.131031 0.176121 0.075958 0.184250 0.179056 0.130632 0.000000 0.200426 0.265276
10 0.301865 0.272740 0.201634 0.170201 0.206784 0.107441 0.135678 0.200334 0.202202 0.000000 0.272563
11 0.272815 0.051983 0.264762 0.253559 0.268607 0.261080 0.257837 0.262437 0.266878 0.271213 0.000000
