11
1 0.000000 0.973231 0.972806 0.972651 0.972109 0.972187 0.972148 0.972384 0.974005 0.975784 0.972341
2 0.971839 0.000000 0.970301 0.969313 0.968578 0.970691 0.968624 0.970373 0.971791 0.972798 0.910580
3 0.971684 0.972431 0.000000 0.940448 0.967379 0.955823 0.969321 0.949023 0.957330 0.960505 0.971308
4 0.972187 0.970553 0.939789 0.000000 0.964244 0.958107 0.965336 0.953007 0.946763 0.950870 0.969406
5 0.972109 0.970745 0.966953 0.965057 0.000000 0.968501 0.960036 0.967008 0.968191 0.970204 0.970977
6 0.972071 0.973324 0.956326 0.959385 0.969004 0.000000 0.969553 0.901180 0.964999 0.967632 0.972394
7 0.972264 0.971371 0.970056 0.966999 0.960539 0.970056 0.000000 0.970335 0.968972 0.971681 0.972106
8 0.972887 0.972423 0.950416 0.954825 0.967550 0.902804 0.971031 0.000000 0.961864 0.965964 0.972307
9 0.972535 0.972139 0.956904 0.946414 0.967495 0.963412 0.967502 0.959273 0.000000 0.944457 0.970761
10 0.971877 0.972256 0.958801 0.948855 0.967882 0.965154 0.968276 0.962599 0.942791 0.000000 0.971536
11 0.970601 0.912052 0.971037 0.970955 0.969430 0.971504 0.970946 0.970644 0.972582 0.973124 0.000000
