11
1 0.000000 0.946366 0.954448 0.961456 0.956829 0.946959 0.956460 0.958601 0.960114 0.955746 0.957507
2 0.969654 0.000000 0.943543 0.972477 0.956246 0.946366 0.965420 0.954834 0.954128 0.978123 0.945660
3 0.958719 0.925194 0.000000 0.971530 0.902335 0.942008 0.958719 0.956584 0.946619 0.967972 0.750708
4 0.955032 0.946366 0.954448 0.000000 0.957537 0.951202 0.957887 0.967880 0.959402 0.960686 0.950425
5 0.958953 0.937191 0.915074 0.975938 0.000000 0.939887 0.956122 0.951875 0.953291 0.963907 0.903043
6 0.957567 0.937191 0.949788 0.958274 0.946959 0.000000 0.951202 0.950495 0.949788 0.954031 0.948373
7 0.958601 0.943543 0.953025 0.970735 0.958953 0.951909 0.000000 0.942184 0.927350 0.973590 0.956799
8 0.957887 0.937897 0.962278 0.975732 0.953291 0.947666 0.932905 0.000000 0.793447 0.966453 0.954674
9 0.962251 0.942131 0.954448 0.966524 0.951168 0.946252 0.925926 0.806268 0.000000 0.965812 0.954674
10 0.961456 0.953423 0.961566 0.967119 0.953999 0.951202 0.960029 0.964311 0.960826 0.000000 0.952550
11 0.962465 0.935780 0.725212 0.960340 0.910828 0.946252 0.958215 0.951841 0.952550 0.963173 0.000000
