11
1 0.000000 0.952112 0.952112 0.953280 0.953475 0.951528 0.964383 0.943352 0.944326 0.944131 0.944520
2 0.952307 0.000000 0.799105 0.885926 0.927779 0.953280 0.954457 0.930504 0.842515 0.865680 0.958925
3 0.951723 0.798326 0.000000 0.862150 0.916277 0.948598 0.950954 0.923287 0.804128 0.826129 0.961059
4 0.952891 0.885926 0.861176 0.000000 0.916456 0.954439 0.947256 0.920351 0.775657 0.800779 0.955023
5 0.953669 0.927584 0.916083 0.916066 0.000000 0.956776 0.933632 0.918403 0.897760 0.896397 0.957944
6 0.951139 0.952501 0.948403 0.954245 0.957165 0.000000 0.966135 0.943146 0.942562 0.947235 0.946846
7 0.964772 0.954457 0.950564 0.947061 0.932853 0.966913 0.000000 0.952900 0.944726 0.948813 0.965745
8 0.944520 0.931088 0.923481 0.920935 0.919377 0.943146 0.952316 0.000000 0.898929 0.902045 0.946846
9 0.944131 0.843878 0.804322 0.775657 0.897176 0.941978 0.944726 0.898929 0.000000 0.678481 0.952882
10 0.944715 0.864902 0.824961 0.800974 0.895813 0.946262 0.948813 0.901071 0.678676 0.000000 0.951324
11 0.942768 0.959120 0.959307 0.954634 0.958139 0.947040 0.965356 0.946651 0.953855 0.951129 0.000000
