11
1 0.000000 0.941685 0.943321 0.942960 0.950181 0.932350 0.950973 0.938267 0.933574 0.934657 0.934296
2 0.947804 0.000000 0.786897 0.864291 0.923686 0.949622 0.945644 0.922606 0.826494 0.818574 0.950684
3 0.950903 0.777538 0.000000 0.836646 0.915702 0.946024 0.944124 0.901230 0.773155 0.799133 0.945731
4 0.946209 0.857811 0.837008 0.000000 0.913263 0.938827 0.943403 0.896278 0.727141 0.773483 0.945790
5 0.946570 0.906407 0.911722 0.899892 0.000000 0.939906 0.926099 0.923941 0.880246 0.889451 0.948263
6 0.938467 0.951421 0.957179 0.948543 0.952501 0.000000 0.955739 0.938107 0.944584 0.944584 0.939906
7 0.958904 0.941685 0.952776 0.943763 0.931867 0.956099 0.000000 0.944845 0.941240 0.943043 0.954218
8 0.933574 0.907127 0.899421 0.881821 0.928649 0.926592 0.938356 0.000000 0.866136 0.862717 0.931983
9 0.940072 0.818935 0.778582 0.756776 0.890014 0.936308 0.938717 0.873372 0.000000 0.639090 0.940304
10 0.937545 0.798416 0.777457 0.743858 0.887645 0.935229 0.940880 0.867413 0.605130 0.000000 0.943280
11 0.933213 0.947444 0.948625 0.945790 0.955499 0.934509 0.954578 0.937771 0.935601 0.941474 0.000000
