11
1 0.000000 0.824216 0.864291 0.856893 0.823369 0.864460 0.824835 0.858645 0.821721 0.857894 0.866044
2 0.823827 0.000000 0.703913 0.709753 0.135488 0.693595 0.106656 0.695737 0.352083 0.697683 0.711505
3 0.863318 0.703718 0.000000 0.775506 0.695093 0.772780 0.701829 0.766745 0.690930 0.767958 0.782321
4 0.856698 0.709363 0.776674 0.000000 0.700935 0.439836 0.709420 0.443731 0.695018 0.441892 0.479945
5 0.823369 0.135098 0.695288 0.700740 0.000000 0.682960 0.145387 0.685748 0.349552 0.688339 0.701519
6 0.862512 0.693401 0.772780 0.439642 0.683544 0.000000 0.694044 0.268107 0.678085 0.270002 0.265966
7 0.825613 0.107046 0.702803 0.710004 0.146166 0.695018 0.000000 0.695018 0.347606 0.696769 0.712339
8 0.857671 0.694763 0.766355 0.443925 0.685358 0.268497 0.694044 0.000000 0.671467 0.096554 0.320678
9 0.822694 0.352472 0.691320 0.695407 0.350136 0.677890 0.347606 0.672830 0.000000 0.676528 0.697353
10 0.856920 0.696516 0.768347 0.441892 0.687756 0.270391 0.695407 0.096360 0.675360 0.000000 0.327623
11 0.865265 0.711310 0.783294 0.479751 0.701129 0.265966 0.711561 0.320288 0.696964 0.327234 0.000000
