11
1 0.000000 0.954583 0.959865 0.957885 0.933720 0.948347 0.931651 0.953036 0.958593 0.937532 0.924141
2 0.954862 0.000000 0.938888 0.934721 0.884849 0.857359 0.880280 0.496225 0.931537 0.891922 0.897644
3 0.959944 0.938690 0.000000 0.653621 0.894699 0.928123 0.892589 0.934560 0.516471 0.899185 0.922392
4 0.957527 0.934562 0.653701 0.000000 0.886011 0.924749 0.881203 0.930867 0.580158 0.889666 0.911955
5 0.933641 0.884809 0.894699 0.885693 0.000000 0.863795 0.263093 0.883185 0.883811 0.558531 0.833704
6 0.948506 0.857478 0.928441 0.924828 0.863597 0.000000 0.860497 0.857835 0.923117 0.875318 0.882271
7 0.931890 0.880439 0.892470 0.881124 0.263133 0.860537 0.000000 0.880284 0.880901 0.535169 0.827531
8 0.953036 0.496066 0.934600 0.931106 0.883582 0.857557 0.880245 0.000000 0.928997 0.892761 0.897290
9 0.958474 0.931458 0.516630 0.580039 0.883851 0.922680 0.881179 0.928798 0.000000 0.889525 0.915236
10 0.937413 0.891763 0.899106 0.889626 0.558452 0.875238 0.535050 0.892562 0.889207 0.000000 0.850058
11 0.923942 0.897842 0.922432 0.912035 0.833426 0.882351 0.827293 0.897290 0.915157 0.850415 0.000000
