11
1 0.000000 0.786029 0.778571 0.787679 0.780528 0.778878 0.784378 0.784378 0.780528 0.790979 0.790429
2 0.778878 0.000000 0.780220 0.782681 0.785438 0.769994 0.781147 0.769273 0.782129 0.787093 0.786542
3 0.786264 0.783516 0.000000 0.786264 0.781319 0.783516 0.784615 0.784615 0.782967 0.794505 0.787912
4 0.777778 0.777717 0.776374 0.000000 0.742274 0.777225 0.640573 0.780286 0.730536 0.795228 0.779314
5 0.779978 0.783784 0.775824 0.736203 0.000000 0.778146 0.751929 0.783040 0.418874 0.786976 0.780905
6 0.782728 0.774407 0.785714 0.786070 0.787528 0.000000 0.787211 0.780837 0.781888 0.788834 0.783306
7 0.783828 0.784454 0.780769 0.641676 0.748071 0.778390 0.000000 0.784141 0.741455 0.788313 0.783903
8 0.781078 0.774229 0.781868 0.781938 0.783040 0.772026 0.784141 0.000000 0.780286 0.784141 0.784692
9 0.779428 0.780474 0.780769 0.727775 0.435982 0.777471 0.748071 0.782489 0.000000 0.787410 0.785754
10 0.773377 0.776062 0.771978 0.781909 0.778146 0.777225 0.780044 0.779736 0.777471 0.000000 0.754425
11 0.782178 0.782681 0.779670 0.782633 0.786424 0.779436 0.783352 0.786894 0.782993 0.756084 0.000000
