11
1 0.000000 0.825068 0.871046 0.871960 0.824518 0.871175 0.824551 0.866661 0.824034 0.868460 0.871364
2 0.825107 0.000000 0.714104 0.728501 0.132605 0.713264 0.105075 0.708133 0.343123 0.712010 0.722489
3 0.871165 0.714263 0.000000 0.806787 0.713650 0.801160 0.715086 0.799158 0.712435 0.801915 0.805866
4 0.871602 0.728501 0.806748 0.000000 0.726088 0.450727 0.729812 0.438794 0.719162 0.447459 0.481283
5 0.824558 0.132645 0.713451 0.726167 0.000000 0.709886 0.137175 0.706504 0.342023 0.709666 0.718975
6 0.870818 0.713026 0.800683 0.450767 0.709688 0.000000 0.714734 0.293456 0.703926 0.303444 0.260749
7 0.824511 0.105075 0.714808 0.729812 0.137175 0.714893 0.000000 0.710914 0.346421 0.714394 0.723761
8 0.866502 0.708054 0.799118 0.438953 0.706266 0.293575 0.710835 0.000000 0.698955 0.111835 0.330168
9 0.824034 0.343123 0.712355 0.719242 0.341943 0.703886 0.346421 0.698836 0.000000 0.702912 0.714501
10 0.868182 0.711970 0.801875 0.447618 0.709428 0.303524 0.714354 0.111795 0.703071 0.000000 0.340431
11 0.871245 0.722370 0.805707 0.481203 0.718856 0.260709 0.723682 0.329930 0.714581 0.340233 0.000000
