11
1 0.000000 0.965604 0.972914 0.968975 0.965146 0.975733 0.969521 0.972262 0.967195 0.968626 0.966595
2 0.984952 0.000000 0.960229 0.969187 0.959154 0.981369 0.979219 0.961662 0.970978 0.968828 0.932282
3 0.982304 0.950197 0.000000 0.967172 0.851599 0.984471 0.979054 0.849063 0.969358 0.967544 0.955460
4 0.976912 0.960588 0.968615 0.000000 0.970535 0.980519 0.975469 0.972983 0.970079 0.910927 0.969109
5 0.979519 0.949480 0.852677 0.965505 0.000000 0.981315 0.979159 0.846209 0.966583 0.970535 0.951868
6 0.972836 0.960588 0.968220 0.962121 0.966942 0.000000 0.972112 0.969020 0.960707 0.966462 0.965158
7 0.974964 0.957005 0.969664 0.966089 0.965864 0.972474 0.000000 0.966499 0.966474 0.967184 0.968750
8 0.976945 0.948406 0.847262 0.965778 0.855552 0.978026 0.972262 0.000000 0.963617 0.964337 0.954382
9 0.976929 0.963454 0.973324 0.971882 0.969098 0.980173 0.980894 0.972262 0.000000 0.971521 0.970546
10 0.975117 0.959154 0.968987 0.911648 0.968020 0.979445 0.972953 0.967579 0.972242 0.000000 0.965158
11 0.978089 0.928699 0.958333 0.962285 0.954382 0.978807 0.977371 0.957256 0.969828 0.963721 0.000000
