11
1 0.000000 0.970493 0.968671 0.978677 0.977794 0.978378 0.971480 0.975786 0.971922 0.972992 0.969187
2 0.973372 0.000000 0.329975 0.932710 0.941619 0.943865 0.952861 0.942425 0.947103 0.970493 0.959513
3 0.974793 0.351925 0.000000 0.938063 0.943768 0.944544 0.952827 0.948506 0.947084 0.974793 0.961304
4 0.977954 0.923714 0.922938 0.000000 0.923352 0.933694 0.944043 0.936009 0.943844 0.965070 0.958796
5 0.979943 0.940544 0.938395 0.929799 0.000000 0.569842 0.958453 0.947350 0.954155 0.970989 0.954513
6 0.979459 0.938827 0.938423 0.940180 0.567335 0.000000 0.957117 0.953514 0.954644 0.967591 0.951630
7 0.973646 0.951062 0.948506 0.950903 0.952722 0.956757 0.000000 0.943682 0.943485 0.972632 0.967395
8 0.973256 0.944225 0.943464 0.941432 0.948424 0.957838 0.946209 0.000000 0.949964 0.976233 0.965604
9 0.977682 0.953221 0.947804 0.955004 0.956304 0.963643 0.945284 0.952844 0.000000 0.975522 0.965604
10 0.972632 0.967974 0.965430 0.972992 0.968481 0.969752 0.971192 0.974433 0.971202 0.000000 0.964887
11 0.973486 0.962379 0.964887 0.970262 0.960602 0.964171 0.971695 0.969903 0.967753 0.973486 0.000000
