11
1 0.000000 0.822258 0.869776 0.870634 0.820796 0.866743 0.822515 0.865420 0.820796 0.865755 0.870753
2 0.821448 0.000000 0.721676 0.732881 0.110510 0.714370 0.086852 0.710710 0.343937 0.714071 0.726448
3 0.869183 0.722584 0.000000 0.812021 0.720984 0.804496 0.722150 0.801967 0.719088 0.803725 0.810895
4 0.870575 0.732941 0.812673 0.000000 0.730513 0.448373 0.733731 0.438235 0.724562 0.446734 0.477264
5 0.820342 0.111379 0.721063 0.730750 0.000000 0.710616 0.116556 0.708087 0.341309 0.710752 0.723143
6 0.865657 0.713501 0.804101 0.447997 0.710122 0.000000 0.715172 0.284681 0.706285 0.295610 0.231698
7 0.821982 0.087247 0.721557 0.734205 0.116200 0.715844 0.000000 0.713077 0.347090 0.715751 0.727704
8 0.864313 0.710433 0.801632 0.438195 0.707475 0.285116 0.712563 0.000000 0.704820 0.093749 0.323137
9 0.819908 0.344194 0.718891 0.724700 0.340420 0.706225 0.346636 0.704405 0.000000 0.707887 0.719336
10 0.865617 0.714565 0.804081 0.446991 0.711068 0.296479 0.716165 0.094302 0.708994 0.000000 0.332082
11 0.869272 0.725736 0.810184 0.476237 0.721977 0.231639 0.726696 0.322643 0.719376 0.331094 0.000000
