11
1 0.000000 0.950803 0.953510 0.946275 0.948987 0.950742 0.949250 0.947139 0.952596 0.949494 0.946670
2 0.952452 0.000000 0.905729 0.860144 0.886882 0.782363 0.881189 0.862774 0.898072 0.884978 0.868428
3 0.954649 0.904786 0.000000 0.881459 0.902034 0.900228 0.852246 0.858411 0.861787 0.900910 0.831082
4 0.948003 0.859084 0.880949 0.000000 0.795397 0.848879 0.838511 0.800534 0.868122 0.791932 0.816093
5 0.950990 0.886136 0.902152 0.795869 0.000000 0.879241 0.870994 0.849513 0.891062 0.406640 0.858192
6 0.950192 0.781460 0.898382 0.847897 0.877513 0.000000 0.869078 0.850136 0.888775 0.875638 0.857171
7 0.949603 0.879618 0.851304 0.836783 0.869345 0.868529 0.000000 0.781212 0.828097 0.868103 0.602262
8 0.948160 0.860890 0.857233 0.799827 0.849160 0.850882 0.782704 0.000000 0.835526 0.849502 0.734606
9 0.954481 0.897483 0.862141 0.868947 0.891337 0.891328 0.830532 0.836626 0.000000 0.891139 0.804626
10 0.950475 0.884664 0.901028 0.792403 0.407111 0.876933 0.868927 0.850169 0.890825 0.000000 0.857939
11 0.946513 0.866818 0.829708 0.814365 0.857014 0.857249 0.603794 0.734488 0.803016 0.856958 0.000000
