11
1 0.000000 0.941083 0.924199 0.826546 0.818521 0.929562 0.918160 0.834015 0.858329 0.840690 0.928886
2 0.940805 0.000000 0.951806 0.906168 0.900723 0.572990 0.943844 0.907288 0.920962 0.910269 0.585671
3 0.924119 0.952004 0.000000 0.857920 0.815249 0.944654 0.940006 0.883269 0.879892 0.865589 0.946283
4 0.826507 0.906089 0.857642 0.000000 0.574000 0.884337 0.877892 0.680655 0.681184 0.628795 0.887110
5 0.818521 0.900604 0.815130 0.574159 0.000000 0.875397 0.865988 0.662494 0.668746 0.608011 0.876738
6 0.929562 0.573029 0.944535 0.884655 0.875278 0.000000 0.934043 0.888032 0.902654 0.891052 0.211459
7 0.918160 0.943605 0.939847 0.877852 0.865710 0.933566 0.000000 0.880385 0.892867 0.880583 0.934872
8 0.834214 0.907368 0.883110 0.680774 0.662574 0.887794 0.880544 0.000000 0.750209 0.714473 0.888500
9 0.858289 0.920962 0.879852 0.680946 0.668508 0.902575 0.892788 0.750050 0.000000 0.511146 0.905547
10 0.840451 0.910467 0.865271 0.628875 0.607972 0.890853 0.880186 0.714354 0.511305 0.000000 0.893269
11 0.928926 0.585751 0.946164 0.887348 0.876540 0.211459 0.934992 0.888421 0.905348 0.893348 0.000000
