11
1 0.000000 0.784435 0.762724 0.777013 0.747934 0.769972 0.768066 0.775637 0.771507 0.760660 0.779766
2 0.784435 0.000000 0.749656 0.764625 0.745179 0.728650 0.569855 0.421886 0.740537 0.748968 0.600138
3 0.765475 0.750344 0.000000 0.742091 0.662999 0.735901 0.747593 0.742091 0.742779 0.239340 0.746905
4 0.775637 0.766001 0.741403 0.000000 0.719890 0.750860 0.754990 0.754990 0.759119 0.736589 0.765313
5 0.745868 0.741736 0.661623 0.719202 0.000000 0.711433 0.730902 0.737096 0.743290 0.660935 0.733654
6 0.771350 0.734848 0.736589 0.750172 0.710744 0.000000 0.731590 0.728149 0.635926 0.734525 0.717137
7 0.768754 0.567103 0.746905 0.757743 0.734343 0.728149 0.000000 0.541638 0.735031 0.743466 0.589126
8 0.778390 0.421198 0.742779 0.758431 0.740537 0.726772 0.542326 0.000000 0.734343 0.735901 0.587061
9 0.776325 0.741225 0.745530 0.758431 0.743978 0.638679 0.739849 0.735719 0.000000 0.737964 0.739849
10 0.763411 0.749656 0.238652 0.736589 0.660248 0.733150 0.745530 0.732462 0.734525 0.000000 0.741403
11 0.779078 0.599449 0.746905 0.767378 0.737096 0.719202 0.592567 0.589126 0.737784 0.746217 0.000000
