11
1 0.000000 0.864418 0.865107 0.863730 0.863730 0.863730 0.862354 0.863136 0.865795 0.862448 0.863042
2 0.863042 0.000000 0.827254 0.810606 0.806474 0.746556 0.810736 0.803989 0.834022 0.801926 0.801789
3 0.863730 0.827254 0.000000 0.814178 0.823125 0.829319 0.790778 0.801926 0.805919 0.816369 0.772884
4 0.863042 0.810606 0.814866 0.000000 0.741736 0.806474 0.789401 0.773728 0.807163 0.731087 0.776325
5 0.865795 0.807851 0.825877 0.741047 0.000000 0.811295 0.811425 0.794360 0.820248 0.411967 0.804542
6 0.865107 0.745868 0.828630 0.806474 0.810606 0.000000 0.807983 0.798487 0.828512 0.808116 0.799037
7 0.863042 0.814866 0.792154 0.789401 0.811425 0.811425 0.000000 0.749656 0.794219 0.803301 0.620096
8 0.865887 0.808803 0.807428 0.773040 0.795048 0.803301 0.751719 0.000000 0.798487 0.788171 0.719395
9 0.863730 0.832645 0.803854 0.803030 0.817493 0.827135 0.789401 0.792985 0.000000 0.814305 0.777013
10 0.865199 0.803989 0.818432 0.731087 0.410591 0.808803 0.804677 0.784732 0.818432 0.000000 0.793673
11 0.863042 0.805919 0.775637 0.779078 0.804542 0.804542 0.616655 0.718707 0.785272 0.795736 0.000000
