11
1 0.000000 0.671958 0.674603 0.674603 0.671958 0.671958 0.669312 0.671958 0.669312 0.670185 0.666667
2 0.671958 0.000000 0.668435 0.668435 0.671088 0.663130 0.669312 0.668435 0.616402 0.670185 0.664021
3 0.671958 0.668435 0.000000 0.671088 0.671088 0.641910 0.669312 0.668435 0.664021 0.643799 0.648148
4 0.671958 0.671088 0.671088 0.000000 0.668435 0.671088 0.671958 0.673740 0.664021 0.675462 0.666667
5 0.669312 0.671088 0.668435 0.668435 0.000000 0.668435 0.669312 0.671088 0.669312 0.670185 0.669312
6 0.669312 0.668435 0.636605 0.671088 0.668435 0.000000 0.671958 0.668435 0.664021 0.656992 0.621693
7 0.671958 0.671958 0.671958 0.671958 0.669312 0.669312 0.000000 0.656085 0.671958 0.672823 0.666667
8 0.671958 0.668435 0.668435 0.673740 0.671088 0.663130 0.648148 0.000000 0.671958 0.670185 0.666667
9 0.669312 0.621693 0.661376 0.664021 0.671958 0.664021 0.671958 0.671958 0.000000 0.664908 0.666667
10 0.667546 0.670185 0.643799 0.675462 0.672823 0.656992 0.670185 0.670185 0.664908 0.000000 0.656992
11 0.669312 0.669312 0.650794 0.669312 0.669312 0.624339 0.669312 0.671958 0.666667 0.656992 0.000000
