11
1 0.000000 0.986976 0.986124 0.984574 0.985566 0.982820 0.984859 0.985065 0.987014 0.985323 0.983469
2 0.986660 0.000000 0.982055 0.978926 0.982505 0.977159 0.977311 0.980522 0.908237 0.983151 0.977564
3 0.985966 0.982252 0.000000 0.971242 0.982090 0.947769 0.953613 0.974991 0.981453 0.981985 0.944778
4 0.985996 0.981039 0.972447 0.000000 0.979741 0.956172 0.948924 0.828501 0.979143 0.980407 0.954199
5 0.986928 0.984223 0.984045 0.979938 0.000000 0.978086 0.979207 0.980807 0.984322 0.904113 0.979464
6 0.986863 0.980828 0.951438 0.958598 0.980374 0.000000 0.899897 0.965620 0.979486 0.981518 0.669119
7 0.984365 0.977213 0.953138 0.947501 0.977332 0.896485 0.000000 0.956303 0.974330 0.978173 0.885527
8 0.985816 0.981628 0.975741 0.828165 0.980096 0.962326 0.957310 0.000000 0.979435 0.980919 0.961507
9 0.986243 0.907269 0.980919 0.976615 0.982189 0.974713 0.974152 0.977934 0.000000 0.982736 0.975549
10 0.986469 0.984711 0.983368 0.980229 0.904330 0.979230 0.979733 0.981333 0.984751 0.000000 0.979914
11 0.984792 0.979025 0.945825 0.954396 0.979168 0.667758 0.886712 0.962297 0.977307 0.979953 0.000000
