11
1 0.000000 0.978147 0.978961 0.977263 0.978506 0.979164 0.977207 0.978131 0.978174 0.979828 0.979088
2 0.980385 0.000000 0.978218 0.970975 0.977156 0.975304 0.971882 0.975553 0.470507 0.973207 0.973101
3 0.981235 0.975766 0.000000 0.977192 0.977867 0.967695 0.978095 0.978463 0.978215 0.978819 0.978001
4 0.979110 0.971259 0.977228 0.000000 0.978187 0.975878 0.977420 0.978613 0.972076 0.974954 0.969945
5 0.980141 0.977831 0.978720 0.979253 0.000000 0.976410 0.966983 0.978400 0.974883 0.964402 0.980496
6 0.980587 0.977542 0.971498 0.976837 0.978613 0.000000 0.977243 0.979769 0.974690 0.978453 0.978240
7 0.979302 0.978130 0.973728 0.977420 0.972486 0.977314 0.000000 0.977988 0.978414 0.957113 0.978592
8 0.967428 0.962938 0.969152 0.966925 0.965575 0.967040 0.965527 0.000000 0.964203 0.963907 0.966681
9 0.978351 0.476796 0.976509 0.969874 0.973497 0.970353 0.974225 0.974299 0.000000 0.971171 0.968611
10 0.980860 0.970684 0.976509 0.970300 0.964083 0.971129 0.952711 0.974895 0.971882 0.000000 0.973789
11 0.979017 0.971715 0.977113 0.968310 0.978897 0.976996 0.973160 0.978380 0.969180 0.975603 0.000000
