11
1 0.000000 0.718299 0.751994 0.747153 0.764237 0.757403 0.744018 0.755032 0.761869 0.763188 0.710326
2 0.719438 0.000000 0.707289 0.672741 0.713743 0.689066 0.689825 0.709947 0.705011 0.710816 0.154138
3 0.751234 0.706910 0.000000 0.552012 0.472665 0.567198 0.545006 0.188758 0.447778 0.576471 0.703113
4 0.746393 0.673121 0.552012 0.000000 0.565680 0.491648 0.477601 0.554670 0.549355 0.514991 0.670463
5 0.764237 0.712984 0.472665 0.565300 0.000000 0.600607 0.573652 0.476841 0.292711 0.607590 0.711086
6 0.758922 0.689066 0.567198 0.491268 0.600228 0.000000 0.379271 0.580866 0.578208 0.353321 0.683751
7 0.743638 0.689825 0.545006 0.476841 0.573273 0.378891 0.000000 0.557159 0.548804 0.433017 0.688307
8 0.756931 0.710706 0.188758 0.554290 0.476841 0.580486 0.557539 0.000000 0.453095 0.583681 0.705011
9 0.763008 0.705391 0.447019 0.548595 0.291951 0.577449 0.548424 0.452716 0.000000 0.591271 0.698937
10 0.763188 0.710436 0.576850 0.514611 0.608349 0.353321 0.433397 0.583681 0.592030 0.000000 0.702846
11 0.710326 0.154138 0.702354 0.670084 0.710706 0.682992 0.687927 0.703493 0.698178 0.701708 0.000000
