11
1 0.000000 0.952329 0.960636 0.957385 0.951677 0.961719 0.959191 0.958469 0.949079 0.948431 0.956663
2 0.934995 0.000000 0.947977 0.895080 0.901190 0.911360 0.855644 0.929450 0.858538 0.831590 0.861071
3 0.956663 0.953396 0.000000 0.956647 0.944825 0.959176 0.960983 0.935332 0.950867 0.944104 0.960260
4 0.952329 0.904486 0.958815 0.000000 0.876668 0.873142 0.923885 0.938473 0.922576 0.913451 0.925335
5 0.948071 0.899387 0.949153 0.862964 0.000000 0.874144 0.916336 0.931843 0.906239 0.903354 0.913451
6 0.948357 0.904848 0.952673 0.861906 0.871980 0.000000 0.913392 0.935215 0.916425 0.911648 0.916848
7 0.944384 0.856006 0.955564 0.915187 0.910927 0.924309 0.000000 0.929063 0.629522 0.865849 0.653595
8 0.951607 0.934153 0.933526 0.940644 0.935810 0.945711 0.933044 0.000000 0.931259 0.926794 0.935577
9 0.947273 0.850941 0.956647 0.918234 0.907681 0.928726 0.604559 0.932344 0.000000 0.865849 0.643632
10 0.950956 0.847097 0.950956 0.917779 0.912730 0.929679 0.868734 0.934007 0.880995 0.000000 0.879192
11 0.946912 0.865051 0.959538 0.923885 0.916697 0.926652 0.645970 0.940282 0.670043 0.868374 0.000000
