11
1 0.000000 0.877625 0.860970 0.855177 0.878986 0.866667 0.878349 0.868116 0.874004 0.874095 0.868936
2 0.872556 0.000000 0.871108 0.850109 0.877625 0.870384 0.870384 0.869660 0.557567 0.869030 0.868211
3 0.860246 0.871108 0.000000 0.752353 0.855902 0.851557 0.813179 0.793628 0.866763 0.847323 0.817524
4 0.858074 0.855177 0.752353 0.000000 0.834178 0.826213 0.777697 0.772629 0.846488 0.836469 0.769732
5 0.877536 0.878349 0.855177 0.836350 0.000000 0.697101 0.868936 0.855797 0.879797 0.719247 0.858074
6 0.863043 0.874004 0.855902 0.828385 0.697101 0.000000 0.855902 0.847826 0.871108 0.416064 0.846488
7 0.878349 0.871832 0.815351 0.780594 0.868211 0.858798 0.000000 0.726285 0.872556 0.855282 0.831282
8 0.868116 0.874004 0.789283 0.769732 0.855072 0.846377 0.724113 0.000000 0.865315 0.853835 0.811731
9 0.871108 0.556843 0.868936 0.847212 0.876901 0.867487 0.874004 0.863143 0.000000 0.869754 0.863143
10 0.870478 0.869754 0.853111 0.837192 0.717800 0.416064 0.855282 0.853835 0.869754 0.000000 0.848046
11 0.868211 0.872556 0.821144 0.771904 0.858798 0.849384 0.830558 0.812455 0.862419 0.849494 0.000000
