11
1 0.000000 0.864255 0.866523 0.864840 0.863103 0.866008 0.868934 0.870588 0.868006 0.869350 0.869040
2 0.865492 0.000000 0.475956 0.419335 0.838690 0.525471 0.757651 0.865182 0.676043 0.649969 0.831169
3 0.864365 0.476880 0.000000 0.340517 0.839396 0.421702 0.731813 0.856042 0.643958 0.659679 0.840321
4 0.862069 0.415640 0.341441 0.000000 0.833128 0.383313 0.677648 0.864532 0.608374 0.595751 0.816502
5 0.862794 0.828492 0.844328 0.813116 0.000000 0.837913 0.844870 0.855686 0.765451 0.848579 0.852596
6 0.866008 0.519914 0.418311 0.381466 0.840692 0.000000 0.740352 0.863229 0.689410 0.710404 0.839148
7 0.866461 0.758887 0.767571 0.660098 0.829728 0.782340 0.000000 0.855332 0.433385 0.796909 0.827821
8 0.868111 0.855597 0.856967 0.861761 0.854141 0.857672 0.855332 0.000000 0.841113 0.858605 0.862636
9 0.866461 0.669861 0.640875 0.607143 0.792645 0.676752 0.421638 0.846368 0.000000 0.708192 0.759196
10 0.865325 0.643476 0.672935 0.601293 0.843634 0.728002 0.795054 0.861705 0.706646 0.000000 0.833127
11 0.864087 0.842610 0.838779 0.811576 0.856304 0.825872 0.825657 0.863256 0.767233 0.841501 0.000000
