11
1 0.000000 0.854890 0.833856 0.851735 0.854890 0.829193 0.832808 0.842271 0.854890 0.821317 0.825000
2 0.826498 0.000000 0.815047 0.734177 0.775316 0.742236 0.714286 0.803175 0.720635 0.708464 0.731250
3 0.852665 0.846395 0.000000 0.840125 0.843260 0.829193 0.852665 0.811912 0.855799 0.846395 0.843750
4 0.842271 0.743671 0.821317 0.000000 0.778481 0.661491 0.781646 0.813291 0.800633 0.780564 0.818750
5 0.851735 0.806962 0.824451 0.762658 0.000000 0.748447 0.825949 0.819620 0.816456 0.818182 0.812500
6 0.850932 0.779503 0.838509 0.677019 0.760870 0.000000 0.807453 0.810559 0.810559 0.767081 0.785714
7 0.820189 0.717460 0.821317 0.775316 0.800633 0.776398 0.000000 0.800000 0.466667 0.724138 0.537500
8 0.835962 0.822222 0.808777 0.822785 0.806962 0.798137 0.796825 0.000000 0.809524 0.821317 0.806250
9 0.826498 0.758730 0.824451 0.791139 0.768987 0.773292 0.460317 0.796825 0.000000 0.752351 0.528125
10 0.827586 0.733542 0.836991 0.793103 0.802508 0.760870 0.739812 0.830721 0.761755 0.000000 0.756250
11 0.831250 0.756250 0.831250 0.809375 0.800000 0.785714 0.562500 0.828125 0.556250 0.759375 0.000000
