11
1 0.000000 1.002684 1.002390 1.002977 1.002213 1.002742 1.002018 1.001665 1.002370 1.002370 1.002311
2 1.000764 0.000000 0.996215 0.996686 0.992388 0.997313 0.993571 0.995842 0.991684 0.996941 0.996037
3 1.000823 0.998196 0.000000 0.875512 0.997608 0.881533 0.995198 0.873689 0.997490 0.981862 0.983586
4 1.001371 0.997078 0.876101 0.000000 0.996588 0.653541 0.995982 0.619399 0.997215 0.984587 0.984645
5 1.000764 0.992663 0.997686 0.996960 0.000000 0.997156 0.969286 0.997058 0.523143 0.995313 0.996429
6 0.999843 0.998019 0.880572 0.654207 0.996783 0.000000 0.996746 0.638476 0.997333 0.984176 0.985013
7 1.002135 0.995198 0.996237 0.997746 0.971070 0.997570 0.000000 0.997217 0.970991 0.996276 0.995276
8 1.001097 0.996646 0.873198 0.619242 0.998274 0.638731 0.996923 0.000000 0.997882 0.984528 0.984369
9 1.000157 0.992508 0.996803 0.996745 0.523770 0.996960 0.969404 0.996862 0.000000 0.995235 0.996293
10 1.000823 0.997765 0.982999 0.985195 0.996059 0.985078 0.994904 0.983960 0.995921 0.000000 0.912073
11 0.999785 0.996567 0.982782 0.984723 0.996096 0.984876 0.994100 0.982819 0.996234 0.910897 0.000000
