11
1 0.000000 0.986611 0.987515 0.986925 0.987082 0.987397 0.988063 0.988181 0.987357 0.987867 0.987906
2 0.985590 0.000000 0.979153 0.974354 0.983623 0.980330 0.982248 0.982366 0.921766 0.981071 0.978754
3 0.989203 0.982058 0.000000 0.984335 0.987044 0.964509 0.987280 0.987358 0.981665 0.939971 0.962271
4 0.985629 0.974000 0.981587 0.000000 0.984133 0.982293 0.984408 0.984133 0.976200 0.982721 0.981975
5 0.986297 0.983858 0.985709 0.984526 0.000000 0.985826 0.984565 0.985429 0.984054 0.986844 0.986177
6 0.988339 0.981940 0.964038 0.983824 0.986730 0.000000 0.986730 0.986415 0.982843 0.970554 0.915037
7 0.988535 0.983544 0.986063 0.985940 0.985664 0.986572 0.000000 0.953563 0.984366 0.986687 0.987119
8 0.985904 0.980873 0.983668 0.983073 0.983936 0.983274 0.951128 0.000000 0.981852 0.984645 0.984292
9 0.985511 0.920902 0.978525 0.975257 0.983308 0.980330 0.982442 0.982285 0.000000 0.982249 0.977812
10 0.986807 0.980836 0.938518 0.982014 0.986451 0.968119 0.984292 0.985509 0.982760 0.000000 0.969722
11 0.986689 0.978244 0.960072 0.982446 0.985823 0.913977 0.985784 0.985627 0.978715 0.970743 0.000000
