11
1 0.000000 0.665783 0.671088 0.668435 0.663130 0.665783 0.668435 0.668435 0.669312 0.664908 0.661376
2 0.655172 0.000000 0.649867 0.633952 0.628647 0.623342 0.610080 0.442971 0.634921 0.617414 0.653439
3 0.665783 0.649867 0.000000 0.657825 0.652520 0.644562 0.602122 0.641910 0.642857 0.601583 0.658730
4 0.665783 0.633952 0.655172 0.000000 0.647215 0.655172 0.636605 0.633952 0.650794 0.635884 0.656085
5 0.660477 0.615385 0.649867 0.649867 0.000000 0.511936 0.631300 0.588859 0.439153 0.635884 0.566138
6 0.657825 0.623342 0.644562 0.649867 0.511936 0.000000 0.623342 0.596817 0.521164 0.630607 0.603175
7 0.665783 0.615385 0.607427 0.641910 0.641910 0.631300 0.000000 0.580902 0.637566 0.284960 0.642857
8 0.663130 0.442971 0.649867 0.639257 0.594164 0.602122 0.580902 0.000000 0.619048 0.609499 0.645503
9 0.661376 0.626984 0.648148 0.650794 0.439153 0.526455 0.634921 0.613757 0.000000 0.633245 0.611111
10 0.662269 0.620053 0.606860 0.641161 0.641161 0.635884 0.284960 0.609499 0.635884 0.000000 0.641161
11 0.661376 0.650794 0.664021 0.661376 0.568783 0.611111 0.642857 0.648148 0.611111 0.641161 0.000000
