11
1 0.000000 0.973267 0.972239 0.974419 0.972175 0.973015 0.973404 0.973645 0.973722 0.974281 0.973204
2 0.974313 0.000000 0.960508 0.973073 0.962613 0.971737 0.971834 0.963736 0.971989 0.973003 0.935876
3 0.974408 0.961747 0.000000 0.973091 0.834830 0.972279 0.971930 0.826003 0.972317 0.973246 0.955862
4 0.974147 0.972841 0.971581 0.000000 0.972446 0.971273 0.973217 0.972793 0.972404 0.912464 0.971539
5 0.974771 0.964550 0.834637 0.973803 0.000000 0.972124 0.973105 0.844869 0.973221 0.973120 0.958916
6 0.974021 0.972395 0.972279 0.973518 0.972550 0.000000 0.972473 0.972899 0.972744 0.973479 0.971118
7 0.973597 0.971563 0.969684 0.972442 0.971904 0.971002 0.000000 0.971901 0.970621 0.971725 0.971307
8 0.973878 0.962535 0.824454 0.973839 0.843396 0.972434 0.972134 0.000000 0.972367 0.973274 0.958296
9 0.973567 0.971717 0.970575 0.972133 0.971400 0.971931 0.970466 0.971979 0.000000 0.971841 0.970300
10 0.973391 0.971570 0.971272 0.913006 0.971415 0.971466 0.972190 0.972074 0.971377 0.000000 0.971152
11 0.974288 0.936031 0.955475 0.973398 0.959574 0.971582 0.972507 0.958800 0.970958 0.972352 0.000000
