11
1 0.000000 0.613992 0.604500 0.610910 0.612934 0.614269 0.600572 0.610072 0.619375 0.612879 0.603468
2 0.613038 0.000000 0.556996 0.236752 0.569958 0.375715 0.544987 0.419939 0.569196 0.156601 0.552401
3 0.604310 0.558330 0.000000 0.550343 0.565027 0.555111 0.341849 0.546339 0.509916 0.557630 0.481898
4 0.609765 0.237705 0.548627 0.000000 0.565897 0.351326 0.541468 0.415602 0.563120 0.263098 0.542683
5 0.614269 0.570911 0.564645 0.567423 0.000000 0.571347 0.559581 0.559138 0.582952 0.571728 0.563643
6 0.612743 0.376859 0.554157 0.352089 0.569630 0.000000 0.542803 0.434733 0.568078 0.380453 0.547256
7 0.601335 0.544605 0.341277 0.542993 0.559199 0.543756 0.000000 0.536130 0.496663 0.543532 0.469322
8 0.608928 0.418414 0.545004 0.416365 0.557230 0.434733 0.534223 0.000000 0.558162 0.423509 0.536966
9 0.620900 0.569767 0.511060 0.564073 0.581426 0.568841 0.496092 0.558543 0.000000 0.570394 0.469512
10 0.612307 0.158316 0.558583 0.263098 0.571918 0.380644 0.544294 0.424081 0.571347 0.000000 0.552677
11 0.603087 0.552210 0.483041 0.543636 0.564215 0.548781 0.470084 0.538110 0.470465 0.551724 0.000000
