11
1 0.000000 0.405724 0.446701 0.434856 0.460237 0.411168 0.439932 0.441624 0.465313 0.450085 0.428088
2 0.407407 0.000000 0.373737 0.378788 0.434343 0.265993 0.377104 0.395623 0.382155 0.393939 0.368687
3 0.426396 0.378788 0.000000 0.413265 0.338409 0.364407 0.136986 0.296928 0.420240 0.309524 0.154499
4 0.417936 0.368687 0.413265 0.000000 0.436548 0.366102 0.413265 0.404762 0.365646 0.411565 0.405773
5 0.460237 0.422559 0.357022 0.445008 0.000000 0.407783 0.365482 0.335025 0.458545 0.345178 0.357022
6 0.406091 0.255892 0.386441 0.374576 0.401015 0.000000 0.364407 0.389830 0.398305 0.383051 0.369492
7 0.426396 0.372054 0.142123 0.416667 0.345178 0.349153 0.000000 0.281570 0.431507 0.299320 0.134126
8 0.439932 0.395623 0.296928 0.409864 0.319797 0.376271 0.274744 0.000000 0.443686 0.107143 0.290323
9 0.441624 0.368687 0.425386 0.362245 0.443316 0.379661 0.426370 0.440273 0.000000 0.442177 0.427844
10 0.445008 0.393939 0.312925 0.406463 0.340102 0.377966 0.297619 0.105442 0.452381 0.000000 0.307301
11 0.424704 0.370370 0.164686 0.419355 0.355330 0.359322 0.140917 0.293718 0.436333 0.303905 0.000000
