11
1 0.000000 0.310051 0.282095 0.298126 0.294915 0.290323 0.303905 0.311755 0.325383 0.288136 0.302207
2 0.298126 0.000000 0.251689 0.270869 0.255932 0.252971 0.166384 0.115843 0.298126 0.257627 0.154499
3 0.283784 0.265203 0.000000 0.250000 0.212838 0.251689 0.258446 0.268581 0.309122 0.074324 0.258446
4 0.298126 0.272572 0.246622 0.000000 0.240678 0.268251 0.268251 0.276451 0.307167 0.249153 0.273345
5 0.286441 0.261017 0.209459 0.242373 0.000000 0.244068 0.266102 0.264407 0.298305 0.210169 0.262712
6 0.297114 0.249576 0.243243 0.264856 0.233898 0.000000 0.254669 0.254669 0.215620 0.249153 0.254669
7 0.307301 0.168081 0.255068 0.266553 0.274576 0.256367 0.000000 0.185059 0.295416 0.264407 0.168081
8 0.301533 0.114140 0.253378 0.269625 0.262712 0.258065 0.174873 0.000000 0.297945 0.249153 0.154499
9 0.315162 0.284497 0.293919 0.288396 0.277966 0.196944 0.269949 0.275685 0.000000 0.277966 0.280136
10 0.286441 0.257627 0.070946 0.249153 0.210169 0.250847 0.262712 0.255932 0.293220 0.000000 0.247458
11 0.300509 0.156197 0.253378 0.268251 0.254237 0.261460 0.166384 0.159593 0.295416 0.250847 0.000000
