11
1 0.000000 0.546485 0.561364 0.554545 0.561364 0.552273 0.559091 0.554545 0.565909 0.554299 0.557823
2 0.553288 0.000000 0.544218 0.541950 0.569161 0.482993 0.546485 0.551020 0.553288 0.556561 0.544218
3 0.561364 0.546485 0.000000 0.559091 0.538636 0.540909 0.318182 0.509091 0.563636 0.511312 0.328798
4 0.556818 0.539683 0.554545 0.000000 0.559091 0.552273 0.559091 0.552273 0.545455 0.554299 0.560091
5 0.563636 0.562358 0.531818 0.556818 0.000000 0.554545 0.536364 0.525000 0.561364 0.531674 0.537415
6 0.552273 0.478458 0.538636 0.552273 0.561364 0.000000 0.529545 0.547727 0.554545 0.545249 0.537415
7 0.559091 0.541950 0.320455 0.556818 0.534091 0.527273 0.000000 0.493182 0.561364 0.495475 0.292517
8 0.559091 0.551020 0.504545 0.550000 0.522727 0.543182 0.497727 0.000000 0.565909 0.230769 0.496599
9 0.563636 0.546485 0.556818 0.545455 0.563636 0.550000 0.559091 0.561364 0.000000 0.565611 0.557823
10 0.558824 0.556561 0.511312 0.556561 0.538462 0.547511 0.502262 0.233032 0.565611 0.000000 0.497738
11 0.557823 0.546485 0.333333 0.560091 0.535147 0.535147 0.297052 0.498866 0.557823 0.497738 0.000000
