11
1 0.000000 0.801238 0.810867 0.817056 0.812242 0.817744 0.801238 0.817056 0.805364 0.803989 0.817056
2 0.801926 0.000000 0.747593 0.757909 0.755158 0.782668 0.585282 0.758597 0.403714 0.732462 0.753783
3 0.808803 0.744154 0.000000 0.470062 0.666208 0.752925 0.768226 0.702889 0.748796 0.682725 0.717825
4 0.813618 0.753783 0.472127 0.000000 0.686855 0.754990 0.766850 0.709766 0.759119 0.693737 0.726772
5 0.813618 0.755846 0.668961 0.687543 0.000000 0.748107 0.779230 0.708391 0.767378 0.689608 0.732278
6 0.814993 0.785420 0.757054 0.754990 0.752237 0.000000 0.779230 0.752407 0.788025 0.750172 0.762560
7 0.801238 0.583906 0.766850 0.767538 0.777166 0.778542 0.000000 0.766850 0.593535 0.748968 0.773728
8 0.817056 0.758597 0.706327 0.709078 0.708391 0.751719 0.768913 0.000000 0.759973 0.586658 0.318432
9 0.807428 0.404402 0.746731 0.759119 0.766001 0.783895 0.594223 0.760660 0.000000 0.748796 0.762560
10 0.801926 0.734525 0.682725 0.692361 0.688919 0.748796 0.751032 0.586658 0.749484 0.000000 0.596696
11 0.815681 0.755158 0.720578 0.725396 0.730213 0.759807 0.775103 0.318432 0.759807 0.593944 0.000000
