11
1 0.000000 0.746301 0.745087 0.768452 0.756278 0.756425 0.725662 0.772541 0.742407 0.744842 0.749757
2 0.745911 0.000000 0.680677 0.645833 0.686393 0.373053 0.453660 0.647196 0.680880 0.669521 0.687111
3 0.747033 0.680872 0.000000 0.707141 0.188947 0.679510 0.635727 0.719011 0.306869 0.349874 0.329636
4 0.768452 0.645639 0.706363 0.000000 0.711310 0.649727 0.597352 0.449270 0.708139 0.693460 0.713145
5 0.757641 0.686782 0.188753 0.712089 0.000000 0.682889 0.644734 0.720849 0.305042 0.347217 0.326455
6 0.755646 0.373053 0.679510 0.649922 0.682889 0.000000 0.432438 0.643302 0.674844 0.670689 0.684579
7 0.725467 0.453466 0.635727 0.596963 0.644150 0.432048 0.000000 0.586059 0.637461 0.630985 0.649922
8 0.771957 0.647780 0.718817 0.449075 0.720849 0.644276 0.585864 0.000000 0.715537 0.706890 0.719766
9 0.743380 0.680296 0.306285 0.708139 0.304458 0.675428 0.637461 0.714759 0.000000 0.350720 0.288746
10 0.746983 0.669327 0.349484 0.694434 0.347217 0.669716 0.631374 0.706501 0.351109 0.000000 0.379525
11 0.751509 0.686721 0.328858 0.712756 0.325871 0.684190 0.649338 0.719572 0.288551 0.379136 0.000000
