11
1 0.000000 0.960435 0.965871 0.962785 0.940065 0.953765 0.937616 0.959122 0.963661 0.944565 0.931383
2 0.960295 0.000000 0.940523 0.937179 0.886741 0.864681 0.881902 0.497571 0.934987 0.895283 0.902531
3 0.965950 0.940284 0.000000 0.657441 0.899223 0.934790 0.896416 0.938314 0.524632 0.907009 0.926125
4 0.962905 0.936940 0.657441 0.000000 0.891522 0.929314 0.887022 0.934232 0.592808 0.899287 0.917506
5 0.940045 0.886641 0.899104 0.891462 0.000000 0.868822 0.266217 0.888794 0.887681 0.566524 0.842840
6 0.953745 0.864581 0.934989 0.929453 0.868822 0.000000 0.864661 0.865099 0.929055 0.881088 0.889232
7 0.937735 0.881962 0.896575 0.887201 0.266236 0.864661 0.000000 0.884413 0.884116 0.537987 0.835076
8 0.959122 0.497551 0.938234 0.934212 0.888754 0.865059 0.884314 0.000000 0.932500 0.898311 0.903946
9 0.963661 0.935007 0.524612 0.592788 0.887740 0.928896 0.883957 0.932559 0.000000 0.895868 0.916856
10 0.944525 0.895203 0.907168 0.899247 0.566464 0.880929 0.537887 0.898371 0.895908 0.000000 0.860978
11 0.931284 0.902451 0.926125 0.917526 0.842860 0.889311 0.835016 0.903927 0.917155 0.861057 0.000000
