11
1 0.000000 0.932249 0.934427 0.917751 0.923276 0.921297 0.935769 0.924432 0.918926 0.934346 0.924569
2 0.931897 0.000000 0.877042 0.863037 0.872782 0.843369 0.880586 0.838487 0.842669 0.877011 0.834703
3 0.935583 0.877864 0.000000 0.873712 0.880410 0.855380 0.591568 0.863273 0.854244 0.884445 0.860610
4 0.916458 0.861174 0.871205 0.000000 0.523088 0.833399 0.878667 0.847385 0.832513 0.869544 0.848573
5 0.921356 0.870507 0.877296 0.522539 0.000000 0.844226 0.882544 0.856879 0.843120 0.875169 0.855300
6 0.917927 0.840566 0.851306 0.832575 0.843833 0.000000 0.854189 0.820520 0.198835 0.846985 0.818335
7 0.936592 0.881193 0.591176 0.881663 0.885109 0.857929 0.000000 0.868523 0.857870 0.886852 0.865566
8 0.923883 0.837154 0.860982 0.848621 0.858116 0.822463 0.865958 0.000000 0.821946 0.860312 0.383391
9 0.917633 0.842159 0.852462 0.834631 0.844570 0.200953 0.856167 0.822279 0.000000 0.848886 0.818652
10 0.934385 0.876619 0.882526 0.871523 0.876443 0.850042 0.886089 0.860940 0.849101 0.000000 0.859764
11 0.924432 0.833977 0.859336 0.850495 0.856790 0.821943 0.864372 0.383528 0.819750 0.859803 0.000000
