11
1 0.000000 0.974099 0.974504 0.973515 0.973715 0.971762 0.973920 0.975073 0.975462 0.973915 0.974104
2 0.974489 0.000000 0.971974 0.883544 0.965927 0.970594 0.964578 0.965725 0.970010 0.968269 0.970405
3 0.975282 0.971195 0.000000 0.969638 0.963994 0.971390 0.973141 0.966329 0.928766 0.912223 0.927793
4 0.973905 0.884713 0.970416 0.000000 0.966706 0.966894 0.967886 0.965141 0.969620 0.969048 0.970210
5 0.973910 0.966121 0.964772 0.966316 0.000000 0.971768 0.968470 0.831581 0.963201 0.960288 0.958723
6 0.971178 0.970204 0.972363 0.966699 0.971184 0.000000 0.970806 0.971568 0.974099 0.973525 0.973715
7 0.974114 0.965162 0.973141 0.967497 0.968276 0.971000 0.000000 0.973531 0.972363 0.970222 0.970806
8 0.974684 0.965920 0.965940 0.964946 0.833528 0.971568 0.972947 0.000000 0.961636 0.961456 0.960670
9 0.975073 0.970204 0.928182 0.968841 0.962227 0.974294 0.972168 0.961246 0.000000 0.879696 0.556075
10 0.973915 0.968853 0.911444 0.968464 0.959704 0.973525 0.970222 0.961845 0.879502 0.000000 0.876387
11 0.974104 0.970210 0.927793 0.969821 0.959502 0.973715 0.970027 0.962033 0.556075 0.877944 0.000000
