11
1 0.000000 0.969644 0.970617 0.969449 0.966530 0.972174 0.966336 0.970617 0.967309 0.970617 0.971395
2 0.968671 0.000000 0.964369 0.966121 0.959502 0.965148 0.960677 0.964571 0.959494 0.962833 0.962617
3 0.969449 0.965148 0.000000 0.849688 0.967484 0.853388 0.963987 0.857504 0.965343 0.949212 0.956192
4 0.969449 0.965927 0.848520 0.000000 0.965343 0.668224 0.965933 0.638894 0.964369 0.953104 0.956970
5 0.966725 0.960280 0.967290 0.966316 0.000000 0.966706 0.938875 0.967685 0.576129 0.967309 0.968653
6 0.970617 0.966121 0.853583 0.668419 0.966316 0.000000 0.965544 0.639284 0.965927 0.953687 0.956581
7 0.966725 0.961651 0.964181 0.966323 0.940043 0.965155 0.000000 0.963987 0.937317 0.967893 0.969243
8 0.970228 0.964571 0.858088 0.639868 0.966128 0.639478 0.963987 0.000000 0.965349 0.954660 0.960872
9 0.967503 0.959299 0.965343 0.964759 0.576324 0.964953 0.935955 0.965544 0.000000 0.966725 0.969431
10 0.970811 0.963222 0.950769 0.954077 0.967698 0.954271 0.967893 0.954466 0.967503 0.000000 0.893364
11 0.970228 0.963201 0.956386 0.957165 0.967484 0.956776 0.968269 0.960677 0.970210 0.892002 0.000000
