11
1 0.000000 0.890790 0.872070 0.885553 0.857672 0.872847 0.885362 0.889101 0.891487 0.872070 0.892849
2 0.890610 0.000000 0.849942 0.870759 0.838193 0.830130 0.627392 0.472330 0.853905 0.849866 0.691432
3 0.871871 0.849922 0.000000 0.822017 0.738568 0.825809 0.838965 0.847522 0.851706 0.315424 0.853601
4 0.885652 0.870699 0.822117 0.000000 0.805412 0.850629 0.859669 0.867454 0.866777 0.821918 0.872571
5 0.857493 0.838153 0.738429 0.805073 0.000000 0.805795 0.822736 0.832069 0.835836 0.736871 0.840757
6 0.872867 0.830150 0.825709 0.850669 0.805835 0.000000 0.810948 0.822052 0.685592 0.825431 0.830224
7 0.885541 0.627651 0.838965 0.859748 0.822876 0.811028 0.000000 0.619745 0.838288 0.839284 0.649635
8 0.889101 0.472489 0.847601 0.867514 0.832208 0.822212 0.619745 0.000000 0.849752 0.847243 0.682013
9 0.891287 0.854045 0.851746 0.866717 0.835856 0.685731 0.838388 0.849553 0.000000 0.849686 0.855493
10 0.871871 0.849985 0.315483 0.821878 0.737130 0.825351 0.839244 0.847104 0.849607 0.000000 0.854179
11 0.893009 0.691491 0.853522 0.872571 0.840937 0.830343 0.649495 0.681873 0.855553 0.854059 0.000000
