11
1 0.000000 0.555925 0.561606 0.637713 0.570403 0.603867 0.576646 0.607768 0.587459 0.592837 0.560354
2 0.555925 0.000000 0.218922 0.412314 0.219768 0.333702 0.434422 0.355033 0.415842 0.325620 0.221484
3 0.555556 0.219472 0.000000 0.399120 0.119912 0.312431 0.411441 0.341904 0.378438 0.298680 0.129813
4 0.632765 0.439252 0.415613 0.000000 0.405717 0.391974 0.481583 0.408643 0.451897 0.380979 0.406267
5 0.547764 0.213694 0.117712 0.389225 0.000000 0.302043 0.398675 0.341357 0.383388 0.298623 0.145224
6 0.586188 0.334254 0.320132 0.385377 0.309774 0.000000 0.409945 0.334245 0.389989 0.142700 0.318785
7 0.568899 0.424460 0.415842 0.468939 0.415240 0.393370 0.000000 0.360503 0.466997 0.390634 0.430548
8 0.584245 0.356127 0.346827 0.404267 0.354486 0.333151 0.374179 0.000000 0.399891 0.328228 0.351751
9 0.556106 0.420242 0.383938 0.445849 0.393289 0.372387 0.470847 0.404267 0.000000 0.375688 0.393289
10 0.585675 0.324518 0.299780 0.368884 0.299174 0.141047 0.407714 0.320022 0.374037 0.000000 0.312397
11 0.552049 0.219823 0.124862 0.398571 0.143567 0.318232 0.422247 0.342451 0.390539 0.311846 0.000000
