11
1 0.000000 0.842245 0.846918 0.845287 0.841391 0.842909 0.827895 0.824445 0.850050 0.830902 0.837595
2 0.849386 0.000000 0.769218 0.843962 0.760762 0.787340 0.737618 0.722756 0.790497 0.757792 0.766240
3 0.854042 0.774023 0.000000 0.831704 0.544371 0.647614 0.586218 0.664955 0.789761 0.705103 0.765076
4 0.849097 0.838496 0.819115 0.000000 0.823510 0.833527 0.806029 0.806890 0.844459 0.827232 0.808680
5 0.848841 0.766722 0.538245 0.825000 0.000000 0.622020 0.550331 0.662086 0.791391 0.687914 0.764238
6 0.847725 0.779033 0.615142 0.837005 0.612583 0.000000 0.598973 0.692117 0.819546 0.712367 0.776316
7 0.836343 0.730495 0.574954 0.822097 0.558444 0.608746 0.000000 0.608480 0.752526 0.659102 0.729833
8 0.835045 0.732527 0.666280 0.816992 0.675993 0.698079 0.623716 0.000000 0.758861 0.562438 0.706028
9 0.861342 0.771391 0.780484 0.836508 0.787583 0.812041 0.760477 0.742961 0.000000 0.778680 0.771486
10 0.839688 0.758786 0.690524 0.828226 0.711589 0.723309 0.664237 0.560119 0.785975 0.000000 0.758289
11 0.826470 0.752284 0.752982 0.819778 0.753477 0.766489 0.721219 0.707685 0.768821 0.759284 0.000000
