11
1 0.000000 0.996893 0.997810 0.997113 0.998268 0.997929 0.998287 0.998188 0.996814 0.997690 0.998327
2 0.996694 0.000000 0.989703 0.986996 0.994503 0.990721 0.993588 0.994066 0.935649 0.991378 0.989484
3 0.997849 0.989763 0.000000 0.993050 0.996913 0.976306 0.996435 0.995938 0.990480 0.953646 0.973490
4 0.997113 0.986896 0.993169 0.000000 0.995758 0.993230 0.995081 0.995340 0.987394 0.994584 0.993408
5 0.998228 0.994483 0.996833 0.995679 0.000000 0.997053 0.994205 0.995540 0.994941 0.997411 0.996873
6 0.998009 0.990761 0.976107 0.993190 0.997153 0.000000 0.996635 0.996675 0.992215 0.982458 0.925612
7 0.998208 0.993588 0.996455 0.995101 0.994145 0.996575 0.000000 0.960035 0.994085 0.996018 0.996714
8 0.998108 0.994126 0.995898 0.995360 0.995599 0.996675 0.960155 0.000000 0.994743 0.996535 0.996575
9 0.996714 0.935609 0.990599 0.987474 0.995041 0.992195 0.994105 0.994743 0.000000 0.992872 0.991157
10 0.997710 0.991438 0.953506 0.994704 0.997352 0.982598 0.996157 0.996476 0.993011 0.000000 0.981781
11 0.998128 0.989384 0.973729 0.993428 0.996933 0.925433 0.996734 0.996695 0.991117 0.981900 0.000000
