11
1 0.000000 0.674945 0.758602 0.769061 0.742778 0.748610 0.741774 0.623686 0.741971 0.727323 0.746975
2 0.687638 0.000000 0.567329 0.597682 0.512693 0.512693 0.392936 0.179912 0.484547 0.400662 0.606711
3 0.756382 0.563466 0.000000 0.731492 0.717536 0.728080 0.425083 0.549530 0.710963 0.455199 0.748625
4 0.778453 0.582781 0.716022 0.000000 0.725414 0.746409 0.648619 0.572376 0.727072 0.622099 0.751375
5 0.757222 0.519316 0.724750 0.724309 0.000000 0.289444 0.598889 0.502490 0.202104 0.618916 0.314081
6 0.742492 0.507174 0.716981 0.728177 0.285556 0.000000 0.617353 0.474267 0.279623 0.611726 0.437844
7 0.750139 0.383002 0.421754 0.653591 0.611111 0.626251 0.000000 0.340343 0.633444 0.153208 0.715071
8 0.629220 0.174945 0.533481 0.566851 0.481461 0.450470 0.341450 0.000000 0.428334 0.350111 0.574807
9 0.762458 0.490066 0.734773 0.726519 0.204873 0.275748 0.614618 0.439956 0.000000 0.631637 0.371837
10 0.740044 0.399558 0.449115 0.649724 0.606748 0.629978 0.162058 0.350664 0.597898 0.000000 0.689769
11 0.758526 0.650165 0.759076 0.755776 0.318482 0.447745 0.705171 0.608911 0.383388 0.680968 0.000000
