11
1 0.000000 0.951405 0.950627 0.949107 0.950247 0.951748 0.952905 0.950608 0.952146 0.951044 0.952146
2 0.951784 0.000000 0.889901 0.867502 0.949506 0.903948 0.940015 0.949886 0.938497 0.937381 0.948747
3 0.951766 0.892559 0.000000 0.805545 0.948348 0.872009 0.943411 0.950247 0.936574 0.937381 0.949487
4 0.951006 0.868261 0.805165 0.000000 0.949487 0.846183 0.938853 0.951766 0.930118 0.931689 0.949107
5 0.951386 0.949127 0.948348 0.949487 0.000000 0.951766 0.950247 0.950247 0.946829 0.946490 0.946449
6 0.953267 0.904708 0.874288 0.848082 0.950627 0.000000 0.943790 0.950988 0.936194 0.940797 0.947968
7 0.952905 0.940015 0.942651 0.938093 0.949107 0.946069 0.000000 0.950627 0.872389 0.943453 0.950627
8 0.950988 0.950266 0.949867 0.950627 0.949487 0.952128 0.950627 0.000000 0.951006 0.951044 0.950627
9 0.952905 0.936219 0.936194 0.929738 0.945689 0.936194 0.871629 0.950247 0.000000 0.944592 0.942651
10 0.952182 0.937002 0.937002 0.931309 0.947249 0.941556 0.943453 0.951803 0.943453 0.000000 0.948008
11 0.952146 0.949506 0.949487 0.948348 0.945689 0.947968 0.950627 0.951766 0.942651 0.947628 0.000000
