11
1 0.000000 0.910145 0.910145 0.908696 0.908762 0.908696 0.909486 0.908038 0.907971 0.906657 0.909551
2 0.909420 0.000000 0.906522 0.906522 0.909486 0.904348 0.910210 0.903693 0.908696 0.908104 0.908104
3 0.910870 0.907971 0.000000 0.905797 0.906589 0.910145 0.908762 0.909486 0.910870 0.908828 0.908828
4 0.909420 0.907971 0.907246 0.000000 0.895004 0.909420 0.880521 0.907314 0.894928 0.907381 0.908104
5 0.910210 0.909486 0.906589 0.897176 0.000000 0.909486 0.897176 0.908762 0.805938 0.908828 0.908828
6 0.910145 0.903623 0.910145 0.910145 0.910210 0.000000 0.910210 0.908762 0.910870 0.907381 0.906657
7 0.910210 0.910934 0.908762 0.884142 0.898624 0.908762 0.000000 0.908762 0.897900 0.908828 0.907381
8 0.909486 0.904417 0.908762 0.907314 0.908762 0.908038 0.908762 0.000000 0.908762 0.905210 0.908104
9 0.908696 0.909420 0.910870 0.895652 0.805938 0.909420 0.897900 0.908762 0.000000 0.910275 0.908828
10 0.905933 0.906657 0.908828 0.908104 0.908104 0.907381 0.909551 0.905210 0.908828 0.000000 0.895803
11 0.908104 0.908104 0.909551 0.908828 0.908104 0.908104 0.908828 0.909551 0.908828 0.896527 0.000000
