11
1 0.000000 0.996674 0.996894 0.996634 0.994683 0.997272 0.996694 0.996515 0.995380 0.996455 0.997969
2 0.996694 0.000000 0.927728 0.898793 0.990401 0.935074 0.981161 0.992790 0.968373 0.971640 0.987294
3 0.996874 0.927768 0.000000 0.841281 0.989786 0.903180 0.981902 0.992056 0.969538 0.973540 0.989488
4 0.996654 0.898853 0.841201 0.000000 0.987833 0.860597 0.978473 0.989943 0.960390 0.963456 0.985681
5 0.994663 0.990461 0.989727 0.987972 0.000000 0.991039 0.988131 0.989246 0.981341 0.989645 0.991776
6 0.997212 0.934994 0.903120 0.860636 0.990959 0.000000 0.983511 0.992014 0.972755 0.973054 0.988947
7 0.996714 0.981221 0.982101 0.978512 0.988111 0.983411 0.000000 0.990760 0.899432 0.982455 0.986837
8 0.996555 0.992810 0.991857 0.989883 0.989067 0.992133 0.990660 0.000000 0.988628 0.993169 0.993129
9 0.995400 0.968333 0.969518 0.960390 0.981360 0.972914 0.899313 0.988807 0.000000 0.973154 0.978511
10 0.996395 0.971581 0.973381 0.963357 0.989585 0.973214 0.982455 0.993169 0.973114 0.000000 0.989106
11 0.997869 0.987294 0.989448 0.985701 0.991756 0.988887 0.986777 0.992950 0.978531 0.989027 0.000000
