11
1 0.000000 0.915379 0.914612 0.916084 0.907285 0.916483 0.911299 0.906515 0.915379 0.914980 0.911700
2 0.917586 0.000000 0.904709 0.906549 0.906181 0.893304 0.906917 0.842899 0.898823 0.913171 0.909124
3 0.915348 0.902502 0.000000 0.786004 0.891464 0.905445 0.639042 0.886272 0.897719 0.895803 0.889625
4 0.913876 0.903606 0.788582 0.000000 0.897351 0.906181 0.778637 0.892529 0.903238 0.900589 0.895879
5 0.909492 0.906181 0.890361 0.899558 0.000000 0.898455 0.888889 0.880059 0.897719 0.901766 0.896247
6 0.918690 0.894040 0.903974 0.906549 0.902134 0.000000 0.903606 0.868653 0.892200 0.911332 0.903974
7 0.911667 0.902870 0.637937 0.777532 0.888889 0.902134 0.000000 0.882223 0.897351 0.893593 0.889257
8 0.908355 0.841795 0.886272 0.892897 0.882266 0.869021 0.882959 0.000000 0.874908 0.900626 0.888153
9 0.915379 0.895879 0.895879 0.903974 0.898087 0.892200 0.897719 0.872333 0.000000 0.908388 0.900294
10 0.914244 0.910596 0.896171 0.902062 0.902502 0.908388 0.894698 0.897313 0.906917 0.000000 0.900662
11 0.913171 0.907653 0.888521 0.895511 0.895144 0.904341 0.889257 0.888153 0.901030 0.900294 0.000000
