11
1 0.000000 0.929439 0.913802 0.815266 0.807685 0.916978 0.905669 0.823767 0.845731 0.828634 0.916824
2 0.927867 0.000000 0.940429 0.892929 0.889138 0.565958 0.930646 0.894598 0.907823 0.898296 0.578778
3 0.912702 0.941491 0.000000 0.846284 0.804567 0.932647 0.927148 0.872834 0.868785 0.852863 0.933985
4 0.816718 0.895559 0.848836 0.000000 0.568102 0.873415 0.867604 0.673682 0.674114 0.622129 0.875692
5 0.809099 0.890906 0.805667 0.567278 0.000000 0.864745 0.855279 0.655431 0.661142 0.601390 0.866007
6 0.916978 0.566940 0.934807 0.872198 0.865413 0.000000 0.922436 0.876213 0.890940 0.879800 0.191133
7 0.904884 0.932257 0.929113 0.865601 0.855004 0.921298 0.000000 0.868120 0.879507 0.867706 0.922440
8 0.823767 0.897073 0.872874 0.672896 0.655942 0.875113 0.868042 0.000000 0.741576 0.705647 0.875353
9 0.846909 0.910887 0.869688 0.674035 0.662045 0.891097 0.881117 0.742440 0.000000 0.503063 0.893418
10 0.829459 0.901516 0.855611 0.621383 0.601626 0.880429 0.869473 0.707178 0.502749 0.000000 0.882392
11 0.917609 0.579406 0.936263 0.875535 0.866949 0.191133 0.924325 0.877906 0.894204 0.882157 0.000000
