11
1 0.000000 0.894391 0.872728 0.852412 0.894206 0.883810 0.875343 0.873564 0.891493 0.883906 0.871122
2 0.896207 0.000000 0.870056 0.856265 0.895357 0.885236 0.878322 0.877472 0.526885 0.883829 0.873493
3 0.874198 0.868704 0.000000 0.729445 0.849097 0.832960 0.789547 0.773416 0.867633 0.829988 0.787532
4 0.853573 0.853407 0.728711 0.000000 0.823818 0.803130 0.768185 0.746587 0.848995 0.798649 0.730255
5 0.896370 0.894932 0.849677 0.824978 0.000000 0.672102 0.863870 0.857176 0.892235 0.669703 0.854200
6 0.886090 0.884812 0.833810 0.804250 0.671252 0.000000 0.849268 0.842427 0.882844 0.328174 0.837519
7 0.877583 0.878322 0.789431 0.769035 0.863638 0.849616 0.000000 0.696489 0.878472 0.848205 0.814579
8 0.874608 0.875773 0.772836 0.746239 0.856326 0.841422 0.696180 0.000000 0.875174 0.838595 0.799768
9 0.892305 0.525301 0.868175 0.849265 0.892119 0.881878 0.877120 0.875831 0.000000 0.881667 0.868329
10 0.886685 0.883751 0.831223 0.800618 0.670205 0.330760 0.848360 0.840062 0.882748 0.000000 0.836897
11 0.872747 0.871601 0.787068 0.731260 0.852885 0.836785 0.813111 0.800155 0.867401 0.835083 0.000000
