11
1 0.000000 0.992608 0.993085 0.993005 0.990184 0.993721 0.993166 0.992291 0.991654 0.992569 0.994118
2 0.992846 0.000000 0.919005 0.889476 0.987004 0.933948 0.977710 0.989588 0.963318 0.966937 0.983229
3 0.992926 0.918925 0.000000 0.839997 0.986130 0.904495 0.978862 0.988793 0.964828 0.969639 0.986925
4 0.992727 0.889317 0.839917 0.000000 0.984103 0.861776 0.975326 0.987164 0.956919 0.960896 0.982354
5 0.990223 0.986368 0.986209 0.983944 0.000000 0.987362 0.984107 0.986012 0.977228 0.986727 0.988196
6 0.993880 0.933749 0.904257 0.861974 0.987839 0.000000 0.979816 0.989111 0.971624 0.972103 0.986647
7 0.993365 0.977630 0.978663 0.975485 0.984425 0.979617 0.000000 0.989272 0.897568 0.979736 0.982478
8 0.992330 0.989668 0.989032 0.987204 0.986051 0.989151 0.989232 0.000000 0.987164 0.989866 0.990820
9 0.991654 0.962841 0.965106 0.956879 0.977228 0.971505 0.897290 0.987204 0.000000 0.970672 0.972697
10 0.992728 0.966897 0.969758 0.961016 0.986807 0.972222 0.979816 0.989827 0.970553 0.000000 0.986767
11 0.994237 0.982752 0.986925 0.982553 0.988355 0.986368 0.982478 0.990780 0.972776 0.986846 0.000000
