11
1 0.000000 0.712786 0.826127 0.840334 0.799259 0.810994 0.771155 0.687770 0.792464 0.765287 0.826745
2 0.739654 0.000000 0.585245 0.669560 0.517327 0.542105 0.413205 0.176689 0.506177 0.424730 0.626316
3 0.831069 0.574706 0.000000 0.747826 0.745668 0.714861 0.437306 0.547826 0.717418 0.447913 0.806502
4 0.845893 0.675139 0.791925 0.000000 0.765161 0.811455 0.670081 0.603545 0.784126 0.668315 0.842105
5 0.816245 0.532488 0.747834 0.745978 0.000000 0.286819 0.580136 0.467512 0.199815 0.588563 0.321473
6 0.825510 0.547059 0.707740 0.813932 0.286819 0.000000 0.577709 0.486997 0.270229 0.578362 0.444272
7 0.756331 0.396776 0.430478 0.652700 0.552290 0.549226 0.000000 0.345127 0.562075 0.162906 0.708978
8 0.682520 0.173590 0.558075 0.587065 0.463800 0.481734 0.348852 0.000000 0.429895 0.365379 0.554180
9 0.786288 0.495985 0.700741 0.770846 0.198888 0.269611 0.552810 0.439160 0.000000 0.549413 0.381408
10 0.759419 0.404946 0.451005 0.690263 0.579598 0.569397 0.167233 0.359815 0.536751 0.000000 0.652550
11 0.833230 0.658514 0.805573 0.838080 0.329208 0.446130 0.727864 0.577709 0.387894 0.708501 0.000000
