11
1 0.000000 0.675387 0.699096 0.684486 0.704664 0.695409 0.692326 0.698900 0.699606 0.710986 0.677014
2 0.674622 0.000000 0.657728 0.645821 0.666451 0.656453 0.650769 0.657137 0.660984 0.672992 0.144660
3 0.698272 0.658454 0.000000 0.499696 0.412093 0.515703 0.507635 0.159778 0.391078 0.549953 0.657983
4 0.683368 0.646253 0.499696 0.000000 0.517519 0.437413 0.431697 0.503738 0.505267 0.482748 0.645704
5 0.704292 0.667235 0.412427 0.517891 0.000000 0.532675 0.526747 0.412368 0.234888 0.565735 0.667725
6 0.694644 0.657336 0.515546 0.437845 0.532812 0.000000 0.325375 0.518901 0.520725 0.315715 0.657826
7 0.691855 0.651906 0.508615 0.432402 0.526590 0.325493 0.000000 0.510262 0.514829 0.387964 0.652377
8 0.697527 0.657255 0.159229 0.503502 0.411799 0.518822 0.509576 0.000000 0.391765 0.552560 0.657176
9 0.698782 0.661141 0.390941 0.505149 0.234418 0.520490 0.513986 0.391647 0.000000 0.554344 0.662063
10 0.710320 0.673953 0.550423 0.483414 0.566166 0.316205 0.388160 0.553580 0.554972 0.000000 0.674365
11 0.676269 0.144738 0.657944 0.645625 0.666980 0.657022 0.651220 0.657353 0.662122 0.673875 0.000000
