11
1 0.000000 0.572727 0.564626 0.568182 0.569161 0.565909 0.561364 0.566893 0.570455 0.556561 0.566893
2 0.572727 0.000000 0.553288 0.563636 0.544218 0.554545 0.563636 0.564626 0.568182 0.554299 0.405896
3 0.566893 0.553288 0.000000 0.548753 0.417234 0.555556 0.460317 0.551020 0.551020 0.425339 0.555556
4 0.570455 0.565909 0.541950 0.000000 0.544218 0.556818 0.547727 0.501134 0.481818 0.527149 0.564626
5 0.573696 0.541950 0.414966 0.546485 0.000000 0.557823 0.460317 0.555556 0.553288 0.393665 0.553288
6 0.565909 0.556818 0.548753 0.554545 0.551020 0.000000 0.559091 0.548753 0.536364 0.547511 0.551020
7 0.559091 0.561364 0.460317 0.552273 0.458050 0.561364 0.000000 0.553288 0.554545 0.479638 0.557823
8 0.566893 0.564626 0.548753 0.501134 0.551020 0.551020 0.551020 0.000000 0.408163 0.547511 0.557823
9 0.568182 0.565909 0.544218 0.477273 0.546485 0.538636 0.554545 0.405896 0.000000 0.547511 0.560091
10 0.561086 0.552036 0.427602 0.529412 0.395928 0.552036 0.481900 0.545249 0.552036 0.000000 0.552036
11 0.566893 0.408163 0.557823 0.564626 0.555556 0.555556 0.560091 0.557823 0.560091 0.554299 0.000000
