11
1 0.000000 0.928650 0.929386 0.929334 0.930438 0.930044 0.930806 0.930831 0.929754 0.928676 0.928676
2 0.929386 0.000000 0.381390 0.898124 0.908790 0.909526 0.916881 0.912100 0.916881 0.926471 0.922426
3 0.930121 0.381390 0.000000 0.899595 0.909158 0.912100 0.914307 0.910997 0.915410 0.927574 0.922426
4 0.929702 0.898860 0.898124 0.000000 0.894737 0.900626 0.907251 0.902870 0.907687 0.923162 0.919853
5 0.930806 0.906583 0.907319 0.895105 0.000000 0.596246 0.915716 0.912436 0.922398 0.926471 0.919853
6 0.930781 0.909158 0.910629 0.898049 0.596246 0.000000 0.916820 0.916115 0.921662 0.926103 0.919485
7 0.929702 0.915778 0.914675 0.908723 0.916820 0.918660 0.000000 0.909492 0.910629 0.928676 0.928309
8 0.931199 0.909158 0.909526 0.905445 0.913171 0.917219 0.908756 0.000000 0.915410 0.927206 0.926471
9 0.931225 0.917249 0.917617 0.910997 0.923869 0.923133 0.910261 0.915042 0.000000 0.929044 0.926471
10 0.930147 0.926103 0.927206 0.925000 0.927206 0.927206 0.926838 0.928676 0.929044 0.000000 0.929044
11 0.929779 0.923529 0.923162 0.922794 0.921324 0.920221 0.928309 0.926838 0.926103 0.927941 0.000000
