11
1 0.000000 0.877120 0.855653 0.871336 0.840656 0.857182 0.870768 0.875904 0.878865 0.854743 0.879570
2 0.877277 0.000000 0.830801 0.855633 0.818708 0.809119 0.595862 0.439690 0.835784 0.830690 0.661986
3 0.855633 0.830703 0.000000 0.801408 0.712504 0.803526 0.818251 0.827918 0.832412 0.282693 0.834879
4 0.869925 0.854750 0.800643 0.000000 0.783628 0.831185 0.842664 0.850703 0.849665 0.800737 0.856142
5 0.840479 0.818100 0.711563 0.783471 0.000000 0.782401 0.801628 0.811687 0.815649 0.710211 0.821424
6 0.857280 0.809217 0.803467 0.831597 0.782146 0.000000 0.788800 0.801663 0.656727 0.802619 0.809910
7 0.871023 0.595431 0.818506 0.842899 0.802315 0.789055 0.000000 0.587505 0.820178 0.819321 0.619093
8 0.875649 0.438886 0.828055 0.850939 0.811962 0.801644 0.587799 0.000000 0.830941 0.827887 0.650772
9 0.879551 0.835882 0.832804 0.850390 0.815845 0.657746 0.820119 0.831726 0.000000 0.830965 0.838784
10 0.855703 0.830788 0.282595 0.801933 0.711642 0.803031 0.819438 0.827965 0.830573 0.000000 0.835454
11 0.880060 0.661045 0.834585 0.856378 0.821502 0.810047 0.618838 0.650890 0.838235 0.835101 0.000000
