11
1 0.000000 0.973520 0.971189 0.968847 0.970222 0.971768 0.970800 0.973336 0.971184 0.971974 0.972557
2 0.973131 0.000000 0.971579 0.970016 0.968081 0.968653 0.971579 0.970222 0.970594 0.949007 0.971000
3 0.971579 0.972163 0.000000 0.946272 0.928571 0.959704 0.959315 0.960685 0.958925 0.965940 0.930518
4 0.968458 0.969626 0.946467 0.000000 0.937135 0.961059 0.961261 0.962437 0.958528 0.962437 0.950175
5 0.970222 0.968470 0.929545 0.938497 0.000000 0.961074 0.960880 0.963994 0.960685 0.966719 0.940054
6 0.971379 0.970210 0.960093 0.961449 0.961269 0.000000 0.886315 0.889840 0.874805 0.966719 0.965551
7 0.971384 0.972163 0.958731 0.961261 0.960101 0.886510 0.000000 0.867458 0.780806 0.965551 0.965940
8 0.973336 0.971195 0.959517 0.962826 0.963215 0.889646 0.867069 0.000000 0.871740 0.966913 0.968470
9 0.970210 0.970789 0.957368 0.958917 0.960880 0.873442 0.781195 0.871740 0.000000 0.963994 0.964188
10 0.972557 0.950954 0.966135 0.963021 0.966719 0.966329 0.965162 0.966524 0.964188 0.000000 0.967497
11 0.973336 0.972363 0.931296 0.952121 0.941028 0.965745 0.967692 0.969249 0.965162 0.969054 0.000000
