11
1 0.000000 0.863042 0.864512 0.863042 0.863730 0.851444 0.856259 0.861666 0.857634 0.853608 0.864605
2 0.861666 0.000000 0.862448 0.513421 0.437715 0.848005 0.861073 0.858913 0.860385 0.860481 0.723711
3 0.865887 0.863136 0.000000 0.862448 0.863824 0.856946 0.819807 0.865199 0.802613 0.863918 0.862543
4 0.862354 0.514109 0.861761 0.000000 0.524793 0.848693 0.861761 0.863042 0.856946 0.861168 0.747766
5 0.863730 0.439780 0.863824 0.522039 0.000000 0.846630 0.861761 0.859601 0.861073 0.859794 0.723711
6 0.850757 0.848005 0.857634 0.849381 0.848005 0.000000 0.838377 0.839752 0.843191 0.832990 0.849485
7 0.858322 0.862448 0.821183 0.863824 0.863136 0.838377 0.000000 0.857634 0.806740 0.855670 0.860481
8 0.864418 0.858913 0.866575 0.860977 0.859601 0.838377 0.858322 0.000000 0.861761 0.859107 0.859794
9 0.858322 0.860385 0.803301 0.861073 0.860385 0.842503 0.800550 0.861761 0.000000 0.857732 0.859107
10 0.855670 0.861856 0.863230 0.863230 0.861168 0.828179 0.856357 0.857732 0.857732 0.000000 0.860481
11 0.866667 0.723024 0.862543 0.747766 0.727148 0.849485 0.859794 0.858419 0.859107 0.862543 0.000000
