11
1 0.000000 0.739130 0.725309 0.726708 0.760000 0.745342 0.732919 0.735385 0.732308 0.726708 0.719136
2 0.754658 0.000000 0.712963 0.580745 0.713846 0.611801 0.701863 0.729231 0.723077 0.546584 0.703704
3 0.743827 0.712963 0.000000 0.719136 0.726154 0.709877 0.611111 0.726154 0.289231 0.691358 0.302469
4 0.745342 0.574534 0.712963 0.000000 0.723077 0.598131 0.699060 0.726154 0.726154 0.512579 0.712963
5 0.778462 0.772308 0.756923 0.744615 0.000000 0.732308 0.735385 0.744615 0.769231 0.750769 0.756923
6 0.748447 0.602484 0.706790 0.591900 0.716923 0.000000 0.691589 0.695385 0.692308 0.570093 0.675926
7 0.739130 0.729814 0.648148 0.699060 0.692308 0.682243 0.000000 0.729231 0.606154 0.673981 0.583333
8 0.738462 0.732308 0.720000 0.738462 0.729231 0.701538 0.707692 0.000000 0.716923 0.723077 0.692308
9 0.747692 0.726154 0.289231 0.738462 0.735385 0.698462 0.584615 0.720000 0.000000 0.707692 0.316923
10 0.717391 0.531056 0.663580 0.496855 0.720000 0.557632 0.664577 0.695385 0.676923 0.000000 0.666667
11 0.731481 0.719136 0.311728 0.719136 0.741538 0.691358 0.611111 0.695385 0.356923 0.691358 0.000000
