11
1 0.000000 0.878672 0.850319 0.766953 0.753973 0.868613 0.837714 0.763557 0.788714 0.784074 0.867942
2 0.883233 0.000000 0.893163 0.850940 0.837438 0.494070 0.875935 0.842000 0.854041 0.849672 0.507832
3 0.861076 0.890246 0.000000 0.782133 0.733273 0.881130 0.859253 0.818961 0.792343 0.777150 0.875956
4 0.774813 0.845284 0.786873 0.000000 0.525845 0.820985 0.798284 0.646157 0.622535 0.583819 0.827140
5 0.752146 0.836344 0.726892 0.522009 0.000000 0.806934 0.778751 0.603615 0.600621 0.550656 0.808561
6 0.879197 0.502281 0.880948 0.818066 0.807664 0.000000 0.864781 0.820438 0.843066 0.833273 0.170674
7 0.843739 0.872286 0.859982 0.790069 0.780212 0.860584 0.000000 0.795911 0.816904 0.795372 0.857559
8 0.785101 0.843277 0.826436 0.630820 0.605441 0.825182 0.802665 0.000000 0.685047 0.667821 0.830419
9 0.809898 0.860062 0.803099 0.623813 0.613221 0.842518 0.822928 0.696732 0.000000 0.424563 0.836248
10 0.783892 0.851676 0.782070 0.581086 0.569789 0.825437 0.805211 0.670189 0.413448 0.000000 0.827687
11 0.873042 0.486157 0.874317 0.816029 0.807104 0.172495 0.856831 0.819308 0.835155 0.825683 0.000000
