11
1 0.000000 0.939585 0.948542 0.950638 0.944931 0.946847 0.941894 0.935201 0.947589 0.944169 0.956165
2 0.938632 0.000000 0.909836 0.909628 0.886433 0.886074 0.839207 0.490372 0.883362 0.853277 0.914220
3 0.948923 0.914411 0.000000 0.936332 0.928925 0.935797 0.836540 0.895349 0.931961 0.835556 0.943195
4 0.950067 0.910200 0.937286 0.000000 0.934070 0.941132 0.914841 0.897045 0.936154 0.917302 0.943195
5 0.945312 0.888529 0.929116 0.934261 0.000000 0.681463 0.903220 0.858422 0.553925 0.910633 0.760099
6 0.945704 0.886455 0.934273 0.942084 0.681844 0.000000 0.909697 0.863784 0.680511 0.916556 0.849876
7 0.940179 0.841113 0.834826 0.915031 0.902267 0.910269 0.000000 0.799009 0.903410 0.464279 0.931797
8 0.933867 0.490181 0.894586 0.898189 0.855945 0.862831 0.799962 0.000000 0.856108 0.818216 0.902211
9 0.946446 0.883552 0.930627 0.936154 0.552020 0.681463 0.903601 0.856489 0.000000 0.907393 0.813036
10 0.942454 0.853849 0.835556 0.918445 0.910633 0.916365 0.463707 0.816883 0.906250 0.000000 0.932927
11 0.954260 0.914030 0.943957 0.943004 0.761433 0.849495 0.930653 0.900686 0.811321 0.932165 0.000000
