11
1 0.000000 0.898138 0.907441 0.911871 0.900665 0.866953 0.950944 0.856457 0.908294 0.867511 0.866676
2 0.897334 0.000000 0.389304 0.668041 0.336040 0.750127 0.914560 0.678268 0.667961 0.752182 0.749642
3 0.908422 0.390305 0.000000 0.719656 0.478472 0.782276 0.925250 0.724521 0.718647 0.784598 0.782027
4 0.910871 0.667864 0.718341 0.000000 0.680771 0.784414 0.924897 0.729579 0.317255 0.786422 0.783870
5 0.901018 0.336825 0.478315 0.682301 0.000000 0.758993 0.917522 0.690934 0.680373 0.761222 0.758287
6 0.866149 0.750402 0.781393 0.785473 0.758562 0.000000 0.896279 0.570880 0.784353 0.093562 0.106997
7 0.950886 0.915795 0.924897 0.926426 0.918247 0.896711 0.000000 0.870868 0.923824 0.896966 0.895454
8 0.857417 0.680091 0.724874 0.731285 0.692326 0.572036 0.871476 0.000000 0.729442 0.575546 0.570818
9 0.909784 0.669961 0.719412 0.319255 0.681412 0.785235 0.924078 0.729971 0.000000 0.787275 0.784537
10 0.867648 0.753201 0.783990 0.787716 0.761320 0.093758 0.896574 0.574448 0.786490 0.000000 0.120190
11 0.866931 0.750838 0.781871 0.785419 0.758405 0.107663 0.896199 0.570406 0.783929 0.120895 0.000000
