11
1 0.000000 0.951025 0.952905 0.952905 0.952544 0.951386 0.952146 0.951405 0.952164 0.951423 0.950627
2 0.951784 0.000000 0.944951 0.945330 0.762718 0.948747 0.930904 0.946090 0.946469 0.781025 0.949127
3 0.952905 0.945330 0.000000 0.942629 0.941534 0.950247 0.948328 0.950266 0.939256 0.943074 0.951006
4 0.952905 0.944191 0.944149 0.000000 0.946469 0.949107 0.941467 0.947988 0.587699 0.945731 0.950247
5 0.952164 0.760820 0.940395 0.944191 0.000000 0.946849 0.931283 0.946090 0.940015 0.573435 0.948367
6 0.951006 0.949127 0.949867 0.948728 0.948747 0.000000 0.952146 0.947608 0.949506 0.948387 0.930877
7 0.952146 0.930144 0.947948 0.941087 0.932043 0.951386 0.000000 0.947608 0.937737 0.928273 0.949867
8 0.952164 0.946469 0.950645 0.947608 0.947608 0.947229 0.948747 0.000000 0.945330 0.949526 0.949506
9 0.952544 0.946090 0.939636 0.588079 0.942293 0.949886 0.937737 0.945330 0.000000 0.939658 0.949127
10 0.951803 0.782922 0.940797 0.943833 0.573435 0.948008 0.930171 0.948767 0.937761 0.000000 0.948008
11 0.951006 0.949127 0.950627 0.950627 0.947988 0.930118 0.950247 0.949886 0.949127 0.947628 0.000000
