11
1 0.000000 0.976193 0.979760 0.976317 0.975889 0.965639 0.971915 0.975491 0.976192 0.976031 0.975888
2 0.976547 0.000000 0.980200 0.562939 0.483822 0.953740 0.972032 0.971838 0.976940 0.971911 0.823601
3 0.978581 0.978118 0.000000 0.977927 0.977971 0.968035 0.943083 0.978790 0.908384 0.976346 0.977224
4 0.977416 0.562586 0.980401 0.000000 0.560394 0.956489 0.972664 0.973292 0.977377 0.974039 0.829217
5 0.977853 0.483939 0.982094 0.560041 0.000000 0.955117 0.973062 0.974554 0.978913 0.973573 0.818778
6 0.968152 0.955979 0.972315 0.958178 0.955352 0.000000 0.954565 0.951541 0.961594 0.943295 0.957785
7 0.973682 0.973918 0.944379 0.974274 0.972944 0.953466 0.000000 0.974116 0.909262 0.971482 0.972747
8 0.976826 0.972938 0.980361 0.973725 0.972355 0.950520 0.973134 0.000000 0.976709 0.970856 0.973493
9 0.975800 0.976193 0.909602 0.976395 0.975536 0.959631 0.909027 0.976119 0.000000 0.974149 0.975496
10 0.975639 0.971204 0.978310 0.972821 0.970588 0.940114 0.970029 0.969207 0.974346 0.000000 0.972197
11 0.976281 0.823130 0.980169 0.828549 0.819014 0.955665 0.971804 0.973100 0.976124 0.973414 0.000000
