11
1 0.000000 0.945351 0.950319 0.954578 0.947480 0.958126 0.953158 0.943932 0.955287 0.948190 0.940383
2 0.932576 0.000000 0.902491 0.939155 0.915182 0.924123 0.914756 0.907539 0.929083 0.919771 0.898932
3 0.951739 0.917438 0.000000 0.939502 0.855516 0.878292 0.857651 0.889758 0.927402 0.901779 0.925267
4 0.936125 0.931281 0.926690 0.000000 0.936565 0.942734 0.936292 0.932432 0.942019 0.943450 0.934520
5 0.949610 0.922309 0.852669 0.942267 0.000000 0.866001 0.854597 0.905405 0.933001 0.921597 0.928826
6 0.942512 0.916965 0.867616 0.943450 0.868140 0.000000 0.845383 0.897582 0.932713 0.905512 0.930961
7 0.941803 0.906877 0.827758 0.931281 0.828938 0.827487 0.000000 0.860597 0.909026 0.881004 0.911032
8 0.945351 0.914652 0.886913 0.937411 0.908962 0.909673 0.884780 0.000000 0.919630 0.869132 0.918208
9 0.941803 0.929799 0.920285 0.941303 0.933713 0.937008 0.924785 0.913940 0.000000 0.931948 0.923132
10 0.930447 0.913324 0.889680 0.938439 0.905916 0.907659 0.888889 0.857753 0.926934 0.000000 0.917438
11 0.937544 0.900356 0.921708 0.943772 0.928114 0.937367 0.917438 0.911095 0.925267 0.928114 0.000000
