11
1 0.000000 0.886528 0.897076 0.909989 0.900874 0.916445 0.899354 0.899354 0.886484 0.892559 0.907330
2 0.888425 0.000000 0.851613 0.848577 0.853131 0.872865 0.647818 0.854269 0.438330 0.810626 0.852372
3 0.897455 0.845541 0.000000 0.571212 0.737562 0.835549 0.851120 0.812761 0.855353 0.774108 0.823775
4 0.911888 0.850474 0.571212 0.000000 0.766426 0.845365 0.857523 0.819909 0.859150 0.773349 0.822636
5 0.902393 0.850474 0.736422 0.766426 0.000000 0.846183 0.853779 0.811622 0.847380 0.778284 0.818078
6 0.914926 0.870588 0.832510 0.845745 0.844284 0.000000 0.867021 0.847967 0.868641 0.820425 0.854159
7 0.899734 0.647059 0.849601 0.857523 0.854539 0.867781 0.000000 0.857143 0.645786 0.834852 0.857197
8 0.902013 0.850474 0.811622 0.820289 0.813900 0.847967 0.857903 0.000000 0.841686 0.651860 0.368021
9 0.889901 0.437951 0.857631 0.859150 0.851177 0.869780 0.646166 0.838648 0.000000 0.817008 0.846241
10 0.893698 0.811385 0.774487 0.774487 0.781701 0.819666 0.833713 0.651860 0.817008 0.000000 0.659453
11 0.907330 0.850095 0.823775 0.823395 0.821496 0.853399 0.857577 0.368401 0.847760 0.660213 0.000000
