11
1 0.000000 0.990181 0.964447 0.954608 0.957999 0.957391 0.964310 0.956881 0.964290 0.961448 0.950316
2 0.988750 0.000000 0.962092 0.946242 0.962888 0.943509 0.960211 0.943096 0.968614 0.967436 0.956287
3 0.964270 0.962583 0.000000 0.737678 0.892115 0.849625 0.278287 0.844975 0.903681 0.897481 0.863752
4 0.954980 0.948045 0.738580 0.000000 0.853160 0.786006 0.736933 0.780261 0.869702 0.861389 0.815434
5 0.958194 0.964417 0.892429 0.852925 0.000000 0.858316 0.892703 0.857120 0.814813 0.795895 0.724082
6 0.956842 0.944019 0.848487 0.784516 0.858042 0.000000 0.847672 0.369013 0.874757 0.862939 0.819076
7 0.963486 0.960270 0.278365 0.736560 0.891801 0.848830 0.000000 0.843905 0.901313 0.895407 0.862485
8 0.956117 0.945196 0.845191 0.779399 0.857199 0.369641 0.843317 0.000000 0.871809 0.861527 0.815906
9 0.961605 0.967397 0.902190 0.866506 0.812343 0.872774 0.899468 0.869454 0.000000 0.664200 0.736927
10 0.959664 0.966533 0.895499 0.859173 0.793621 0.862194 0.894367 0.860075 0.664475 0.000000 0.706521
11 0.949355 0.956267 0.863223 0.813100 0.722573 0.819135 0.862014 0.815101 0.736299 0.706953 0.000000
