11
1 0.000000 0.981525 0.984647 0.981254 0.981940 0.972041 0.978284 0.982059 0.979730 0.981268 0.982809
2 0.981110 0.000000 0.984681 0.575213 0.496561 0.966469 0.978087 0.979522 0.981506 0.978416 0.835844
3 0.983244 0.983752 0.000000 0.983170 0.984341 0.975558 0.949594 0.984433 0.917162 0.982843 0.984509
4 0.981629 0.576161 0.984750 0.000000 0.562886 0.966636 0.978429 0.980128 0.981190 0.979436 0.840409
5 0.981347 0.495968 0.984242 0.561978 0.000000 0.965501 0.977692 0.979675 0.981170 0.978237 0.830934
6 0.971824 0.966074 0.976724 0.965727 0.965738 0.000000 0.960403 0.958684 0.966861 0.948133 0.966588
7 0.978324 0.977909 0.950325 0.977086 0.977672 0.960146 0.000000 0.979016 0.917004 0.976980 0.978344
8 0.981268 0.979009 0.984908 0.978804 0.979497 0.958348 0.978462 0.000000 0.980322 0.977150 0.980141
9 0.980973 0.983243 0.919155 0.982138 0.983144 0.968321 0.918346 0.982670 0.000000 0.981190 0.982927
10 0.981090 0.978752 0.983792 0.978508 0.978534 0.948548 0.976723 0.977269 0.979295 0.000000 0.979146
11 0.981782 0.834994 0.984450 0.838512 0.830262 0.965244 0.977613 0.979745 0.980401 0.978237 0.000000
