11
1 0.000000 0.858322 0.863730 0.859697 0.860385 0.857634 0.858224 0.856160 0.857536 0.858224 0.854883
2 0.859010 0.000000 0.856946 0.826685 0.830812 0.824622 0.780605 0.847318 0.781981 0.793673 0.788858
3 0.865795 0.856259 0.000000 0.861761 0.863824 0.859697 0.857438 0.850551 0.859504 0.863042 0.857634
4 0.858322 0.824622 0.865199 0.000000 0.818432 0.793673 0.828061 0.852820 0.836314 0.832187 0.828748
5 0.861073 0.828748 0.860385 0.817056 0.000000 0.808116 0.832187 0.852820 0.834938 0.831499 0.831499
6 0.861073 0.824622 0.862448 0.792297 0.811554 0.000000 0.833563 0.850069 0.829436 0.835626 0.830124
7 0.856848 0.779230 0.854683 0.829436 0.832187 0.832187 0.000000 0.842975 0.592975 0.801101 0.636176
8 0.854783 0.841816 0.850551 0.851444 0.850757 0.848693 0.842287 0.000000 0.847107 0.843772 0.845254
9 0.858224 0.780605 0.858815 0.835626 0.834938 0.829436 0.591598 0.844353 0.000000 0.806607 0.623109
10 0.857536 0.790922 0.862354 0.829436 0.832187 0.837001 0.807295 0.846524 0.812801 0.000000 0.808803
11 0.856259 0.788171 0.859697 0.834250 0.831499 0.829436 0.638239 0.846630 0.619670 0.808116 0.000000
