11
1 0.000000 0.911178 0.913267 0.915874 0.935028 0.911612 0.910159 0.916272 0.915246 0.912309 0.912834
2 0.911138 0.000000 0.870162 0.710059 0.912412 0.751394 0.867494 0.881630 0.871207 0.691422 0.870008
3 0.913187 0.870241 0.000000 0.874400 0.909464 0.864325 0.753798 0.886626 0.421000 0.868526 0.415542
4 0.915774 0.710079 0.874340 0.000000 0.916270 0.761440 0.871545 0.885559 0.875667 0.664038 0.874109
5 0.934969 0.912472 0.909444 0.916290 0.000000 0.909540 0.909082 0.904482 0.910309 0.910754 0.908494
6 0.911334 0.751155 0.864245 0.761341 0.909440 0.000000 0.863381 0.880354 0.864677 0.746695 0.863497
7 0.910199 0.867494 0.753858 0.871426 0.909142 0.863481 0.000000 0.883851 0.754081 0.865492 0.753793
8 0.916112 0.881630 0.886626 0.885519 0.904522 0.880574 0.883931 0.000000 0.885383 0.882537 0.885298
9 0.915107 0.871148 0.421020 0.875667 0.910369 0.864936 0.754141 0.885283 0.000000 0.870112 0.402385
10 0.912150 0.691442 0.868566 0.664078 0.910735 0.746834 0.865552 0.882597 0.870132 0.000000 0.867519
11 0.912754 0.870147 0.415582 0.874209 0.908533 0.863756 0.753932 0.885358 0.402425 0.867598 0.000000
