11
1 0.000000 0.936954 0.948728 0.947608 0.948348 0.946069 0.943790 0.932776 0.946829 0.943833 0.948367
2 0.935815 0.000000 0.926292 0.933561 0.911854 0.920213 0.869681 0.534195 0.910334 0.873624 0.932043
3 0.947968 0.927052 0.000000 0.944951 0.936930 0.939210 0.873860 0.918693 0.934650 0.885009 0.944191
4 0.947229 0.934320 0.944571 0.000000 0.941534 0.948367 0.930904 0.924070 0.942673 0.928273 0.946090
5 0.946069 0.912614 0.935790 0.941154 0.000000 0.734423 0.916793 0.886778 0.574848 0.914611 0.791572
6 0.943411 0.917173 0.937690 0.947229 0.733663 0.000000 0.926264 0.898556 0.729761 0.922581 0.886864
7 0.942271 0.871581 0.874240 0.930144 0.918693 0.927404 0.000000 0.833207 0.920943 0.501708 0.936598
8 0.932397 0.533815 0.917173 0.922931 0.885638 0.900076 0.834726 0.000000 0.886778 0.838330 0.921792
9 0.946829 0.909195 0.934650 0.941534 0.575228 0.728620 0.920182 0.885638 0.000000 0.916509 0.845102
10 0.943453 0.874383 0.883112 0.925996 0.915370 0.925237 0.503985 0.838710 0.917647 0.000000 0.930930
11 0.947608 0.935459 0.943812 0.946469 0.795368 0.889901 0.936598 0.922172 0.845102 0.930930 0.000000
