11
1 0.000000 0.989735 0.989464 0.990128 0.986609 0.990544 0.988821 0.989507 0.989461 0.987886 0.989184
2 0.990269 0.000000 0.987863 0.986827 0.984065 0.989398 0.986530 0.988203 0.987781 0.985874 0.939573
3 0.990670 0.988871 0.000000 0.962066 0.982842 0.974342 0.985859 0.969075 0.975844 0.974786 0.988377
4 0.990959 0.986985 0.961789 0.000000 0.980179 0.978339 0.982975 0.974292 0.968720 0.967644 0.987503
5 0.992308 0.988837 0.986905 0.985110 0.000000 0.989074 0.979509 0.986885 0.987240 0.985011 0.989764
6 0.990940 0.989418 0.973531 0.978418 0.984262 0.000000 0.986550 0.929060 0.982442 0.981040 0.989164
7 0.990915 0.988426 0.986886 0.984911 0.976077 0.988407 0.000000 0.988189 0.986491 0.985499 0.988742
8 0.991246 0.989013 0.969510 0.975596 0.983217 0.929969 0.987143 0.000000 0.980417 0.979126 0.989369
9 0.990588 0.988275 0.975824 0.969274 0.982329 0.983134 0.984990 0.980121 0.000000 0.962672 0.988552
10 0.992029 0.989721 0.976976 0.971215 0.983512 0.985025 0.987058 0.981731 0.965434 0.000000 0.989149
11 0.989916 0.940146 0.987863 0.987879 0.985051 0.989421 0.987301 0.988539 0.988512 0.986051 0.000000
