11
1 0.000000 0.997312 0.997332 0.997213 0.997491 0.996973 0.997013 0.996913 0.997332 0.996774 0.997033
2 0.997371 0.000000 0.984327 0.982380 0.767146 0.991259 0.966488 0.990122 0.981482 0.795779 0.991616
3 0.997411 0.984327 0.000000 0.976745 0.981301 0.992872 0.978774 0.992432 0.976624 0.980846 0.993767
4 0.997412 0.982459 0.976865 0.000000 0.976884 0.993051 0.979473 0.992414 0.544360 0.977681 0.993748
5 0.997571 0.767066 0.981281 0.976785 0.000000 0.990283 0.959240 0.988709 0.976305 0.556814 0.991337
6 0.996993 0.991338 0.992812 0.992892 0.990263 0.000000 0.991139 0.989527 0.992911 0.990144 0.961630
7 0.997013 0.966667 0.978674 0.979333 0.959101 0.991179 0.000000 0.990124 0.978834 0.959124 0.990880
8 0.996854 0.990082 0.992452 0.992315 0.988729 0.989527 0.990363 0.000000 0.992075 0.988890 0.989425
9 0.997471 0.981522 0.976504 0.544121 0.976405 0.993011 0.978814 0.992055 0.000000 0.977362 0.993469
10 0.996914 0.795699 0.981045 0.977701 0.556894 0.990144 0.959204 0.988950 0.977342 0.000000 0.990801
11 0.996993 0.991576 0.993627 0.993748 0.991357 0.961790 0.990821 0.989306 0.993469 0.990722 0.000000
