11
1 0.000000 0.943238 0.943626 0.940641 0.943226 0.939904 0.940175 0.943085 0.938285 0.942739 0.940178
2 0.943355 0.000000 0.903879 0.921528 0.929585 0.921024 0.921365 0.859571 0.919833 0.904590 0.919164
3 0.942269 0.904150 0.000000 0.919170 0.929430 0.918381 0.919969 0.907542 0.917429 0.688881 0.918931
4 0.940020 0.920481 0.919364 0.000000 0.900403 0.790454 0.821636 0.919506 0.788649 0.919981 0.802698
5 0.943923 0.929740 0.930360 0.902069 0.000000 0.901837 0.905945 0.928566 0.900752 0.929856 0.902418
6 0.938469 0.920946 0.917643 0.790570 0.899744 0.000000 0.810741 0.918112 0.529346 0.917965 0.800799
7 0.941183 0.922063 0.920318 0.822606 0.904860 0.811787 0.000000 0.921016 0.811715 0.920796 0.780793
8 0.943898 0.860578 0.908859 0.921597 0.928643 0.920396 0.922023 0.000000 0.919583 0.910098 0.919700
9 0.939525 0.921151 0.918476 0.789735 0.900519 0.531168 0.812568 0.919467 0.000000 0.918437 0.800047
10 0.941072 0.904862 0.688610 0.919245 0.929585 0.919361 0.920563 0.909013 0.918359 0.000000 0.918237
11 0.939906 0.919203 0.918893 0.803513 0.901566 0.802078 0.781065 0.919003 0.799271 0.917694 0.000000
