11
1 0.000000 0.847826 0.854037 0.841615 0.881988 0.863354 0.872671 0.850932 0.866460 0.854037 0.838509
2 0.835404 0.000000 0.809969 0.841121 0.844237 0.841121 0.825545 0.816199 0.834891 0.838006 0.813084
3 0.844720 0.800623 0.000000 0.853583 0.741433 0.775701 0.794393 0.781931 0.813084 0.828660 0.816199
4 0.822981 0.838006 0.838006 0.000000 0.853503 0.854430 0.857143 0.828125 0.858044 0.851735 0.833333
5 0.844720 0.834891 0.735202 0.837580 0.000000 0.775316 0.768254 0.790625 0.823344 0.829653 0.849057
6 0.847826 0.834891 0.778816 0.851266 0.778481 0.000000 0.753165 0.778125 0.813880 0.823344 0.814465
7 0.835404 0.788162 0.797508 0.828571 0.768254 0.765823 0.000000 0.746875 0.820189 0.798107 0.783019
8 0.844720 0.819315 0.778816 0.850000 0.806250 0.793750 0.775000 0.000000 0.834375 0.750000 0.803125
9 0.857143 0.828660 0.828660 0.851735 0.858044 0.839117 0.848580 0.840625 0.000000 0.845426 0.833333
10 0.826087 0.816199 0.800623 0.845426 0.813880 0.810726 0.791798 0.740625 0.823344 0.000000 0.811321
11 0.844720 0.819315 0.822430 0.867925 0.864780 0.839623 0.808176 0.809375 0.836478 0.836478 0.000000
