11
1 0.000000 0.889692 0.900699 0.902730 0.892827 0.869451 0.940746 0.856479 0.901761 0.869949 0.869785
2 0.889692 0.000000 0.410991 0.676481 0.364698 0.760749 0.909719 0.688998 0.678892 0.762268 0.761066
3 0.900223 0.410912 0.000000 0.726586 0.499404 0.790869 0.917547 0.731355 0.727807 0.793142 0.790869
4 0.902650 0.676481 0.726865 0.000000 0.694044 0.793380 0.921405 0.733659 0.353240 0.795287 0.793221
5 0.893066 0.364738 0.499404 0.694123 0.000000 0.770395 0.910829 0.703580 0.694695 0.771447 0.770087
6 0.869292 0.760788 0.790908 0.793062 0.770236 0.000000 0.897027 0.604760 0.794579 0.127985 0.141580
7 0.940627 0.909640 0.917627 0.921286 0.910829 0.897226 0.000000 0.874995 0.919525 0.897008 0.897520
8 0.856439 0.688998 0.731514 0.733421 0.703421 0.604879 0.874796 0.000000 0.736043 0.607542 0.604562
9 0.901681 0.678693 0.727728 0.353081 0.694576 0.794699 0.919445 0.735924 0.000000 0.796797 0.794405
10 0.870068 0.762506 0.793301 0.795367 0.771645 0.128223 0.896928 0.607621 0.797036 0.000000 0.159336
11 0.869745 0.761106 0.790908 0.793221 0.770166 0.141779 0.897123 0.604562 0.794445 0.159256 0.000000
