11
1 0.000000 0.575000 0.577273 0.575000 0.568182 0.570455 0.561364 0.565909 0.566893 0.561364 0.556818
2 0.572727 0.000000 0.568182 0.538636 0.552273 0.545455 0.525000 0.556818 0.526077 0.529545 0.538636
3 0.575000 0.568182 0.000000 0.570455 0.570455 0.572727 0.572727 0.563636 0.569161 0.577273 0.577273
4 0.570455 0.543182 0.572727 0.000000 0.545455 0.502273 0.552273 0.568182 0.557823 0.556818 0.563636
5 0.568182 0.550000 0.570455 0.543182 0.000000 0.536364 0.556818 0.559091 0.548753 0.556818 0.550000
6 0.572727 0.543182 0.575000 0.504545 0.534091 0.000000 0.547727 0.561364 0.548753 0.547727 0.550000
7 0.561364 0.527273 0.575000 0.547727 0.554545 0.547727 0.000000 0.543182 0.396825 0.531818 0.445455
8 0.570455 0.556818 0.561364 0.565909 0.559091 0.559091 0.543182 0.000000 0.548753 0.565909 0.556818
9 0.571429 0.526077 0.571429 0.555556 0.548753 0.551020 0.399093 0.553288 0.000000 0.548753 0.442177
10 0.561364 0.531818 0.572727 0.554545 0.556818 0.552273 0.531818 0.561364 0.551020 0.000000 0.536364
11 0.561364 0.538636 0.579545 0.561364 0.550000 0.550000 0.445455 0.554545 0.442177 0.538636 0.000000
