11
1 0.000000 0.477002 0.504259 0.468484 0.485520 0.461670 0.465077 0.460504 0.473595 0.470187 0.468484
2 0.477002 0.000000 0.467577 0.361775 0.381601 0.373720 0.340715 0.428571 0.336177 0.350937 0.357265
3 0.492334 0.464164 0.000000 0.462457 0.470187 0.474403 0.475298 0.418487 0.464164 0.471891 0.477816
4 0.448041 0.360068 0.443686 0.000000 0.344123 0.293515 0.373083 0.420168 0.385666 0.388416 0.401024
5 0.478705 0.396934 0.473595 0.354344 0.000000 0.330494 0.391823 0.418487 0.385009 0.393526 0.407155
6 0.454855 0.382253 0.474403 0.291809 0.339012 0.000000 0.388416 0.421849 0.390785 0.393526 0.389078
7 0.477002 0.344123 0.475298 0.388416 0.403748 0.400341 0.000000 0.400000 0.187394 0.350937 0.229983
8 0.467227 0.448739 0.436975 0.438655 0.421849 0.435294 0.413445 0.000000 0.411765 0.445378 0.420168
9 0.482112 0.353242 0.474403 0.402730 0.391823 0.397611 0.178876 0.408403 0.000000 0.356048 0.213311
10 0.466780 0.342419 0.482112 0.396934 0.373083 0.381601 0.316865 0.428571 0.342419 0.000000 0.361158
11 0.468484 0.348718 0.469283 0.394198 0.386712 0.373720 0.218058 0.415126 0.203072 0.359455 0.000000
