11
1 0.000000 0.907971 0.907314 0.905797 0.905797 0.907246 0.906522 0.906522 0.908696 0.905865 0.904417
2 0.905797 0.000000 0.874728 0.858696 0.854348 0.798551 0.862319 0.858696 0.881159 0.853005 0.853729
3 0.909486 0.875453 0.000000 0.862419 0.871108 0.875453 0.842867 0.858798 0.857350 0.866039 0.826213
4 0.905797 0.860145 0.862419 0.000000 0.786957 0.860870 0.843478 0.823188 0.855072 0.774801 0.824765
5 0.907971 0.854348 0.871832 0.789130 0.000000 0.858696 0.860145 0.842029 0.863043 0.433020 0.850109
6 0.909420 0.795652 0.879073 0.855797 0.857971 0.000000 0.859420 0.851449 0.879710 0.858798 0.848660
7 0.905072 0.862319 0.842143 0.842029 0.857971 0.855797 0.000000 0.794928 0.843478 0.851557 0.661115
8 0.907971 0.858696 0.855177 0.821014 0.841304 0.849275 0.795652 0.000000 0.846377 0.836350 0.763215
9 0.908696 0.888406 0.855902 0.858696 0.862319 0.880435 0.843478 0.843478 0.000000 0.861694 0.833454
10 0.906589 0.853729 0.866763 0.777697 0.433020 0.856626 0.850833 0.836350 0.864591 0.000000 0.840695
11 0.906589 0.855177 0.824041 0.823316 0.849384 0.848660 0.661839 0.762491 0.831282 0.839247 0.000000
