11
1 0.000000 0.944448 0.936213 0.937314 0.931031 0.920843 0.916442 0.912512 0.917317 0.937294 0.921660
2 0.948637 0.000000 0.899180 0.910686 0.876096 0.889394 0.890195 0.882687 0.883102 0.825686 0.909656
3 0.935645 0.898611 0.000000 0.694549 0.590904 0.804850 0.789962 0.782360 0.776060 0.867100 0.579314
4 0.943525 0.901701 0.692843 0.000000 0.671957 0.807584 0.800867 0.811795 0.782584 0.857447 0.698600
5 0.930143 0.881173 0.586253 0.686158 0.000000 0.776796 0.776192 0.777147 0.773117 0.857412 0.599567
6 0.934722 0.890353 0.803430 0.804886 0.783221 0.000000 0.415368 0.428931 0.412530 0.838142 0.802294
7 0.927020 0.886075 0.794405 0.825670 0.769020 0.415900 0.000000 0.413575 0.320380 0.840626 0.798614
8 0.929144 0.875523 0.784169 0.811760 0.778814 0.429995 0.414249 0.000000 0.404127 0.849032 0.792042
9 0.924727 0.879769 0.787690 0.796412 0.771132 0.411183 0.322295 0.405971 0.000000 0.842859 0.767586
10 0.929274 0.818659 0.849604 0.859221 0.842329 0.830760 0.832286 0.828640 0.835236 0.000000 0.855353
11 0.936320 0.907063 0.570179 0.709082 0.594916 0.794447 0.789017 0.794560 0.792405 0.857128 0.000000
