11
1 0.000000 0.913524 0.927238 0.920952 0.931429 0.904590 0.927429 0.925143 0.916000 0.924571 0.925905
2 0.912000 0.000000 0.883699 0.879741 0.894647 0.779471 0.887724 0.895690 0.868662 0.895309 0.887005
3 0.924381 0.882936 0.000000 0.900324 0.848924 0.868406 0.429089 0.840038 0.896683 0.833174 0.508765
4 0.920571 0.880313 0.899562 0.000000 0.911983 0.864788 0.903564 0.908900 0.844292 0.906232 0.901677
5 0.929905 0.894837 0.849876 0.913507 0.000000 0.891449 0.848162 0.831968 0.914079 0.817680 0.850067
6 0.907256 0.783089 0.870882 0.866883 0.893163 0.000000 0.873929 0.886879 0.863264 0.885736 0.870882
7 0.926667 0.886580 0.426611 0.903564 0.848733 0.870501 0.000000 0.834541 0.899161 0.826535 0.458460
8 0.923238 0.897979 0.839657 0.907566 0.829491 0.885355 0.833587 0.000000 0.904117 0.365370 0.831555
9 0.915429 0.871521 0.898589 0.846388 0.913507 0.862122 0.901067 0.906977 0.000000 0.908692 0.900152
10 0.922857 0.895118 0.833174 0.905279 0.815584 0.883451 0.825200 0.364798 0.905071 0.000000 0.824314
11 0.925905 0.887005 0.510671 0.902439 0.851591 0.870882 0.459413 0.832889 0.897294 0.826410 0.000000
