11
1 0.000000 0.870074 0.869766 0.865764 0.869150 0.863301 0.865148 0.866687 0.866995 0.862377 0.866071
2 0.860222 0.000000 0.859002 0.483601 0.863608 0.851510 0.860905 0.859660 0.858958 0.857935 0.858958
3 0.863916 0.863031 0.000000 0.862005 0.832972 0.861368 0.864622 0.833076 0.569879 0.546687 0.570809
4 0.862377 0.478342 0.860767 0.000000 0.860767 0.858595 0.863552 0.857496 0.862933 0.860092 0.864171
5 0.859914 0.855859 0.824605 0.855817 0.000000 0.854282 0.861214 0.379907 0.798760 0.790139 0.789016
6 0.861761 0.854898 0.862292 0.854282 0.859519 0.000000 0.856131 0.862908 0.855514 0.854282 0.861060
7 0.865456 0.862144 0.869579 0.864790 0.865861 0.857363 0.000000 0.863369 0.864622 0.862558 0.866171
8 0.863916 0.857805 0.840804 0.859660 0.383926 0.855823 0.855951 0.000000 0.818547 0.814176 0.812983
9 0.859298 0.850589 0.553145 0.855507 0.782946 0.852126 0.861214 0.762906 0.000000 0.480431 0.218295
10 0.865456 0.862558 0.537750 0.869337 0.785208 0.861368 0.865331 0.811094 0.477350 0.000000 0.479815
11 0.863301 0.852449 0.581655 0.862624 0.807633 0.857671 0.860595 0.804637 0.215504 0.486595 0.000000
