11
1 0.000000 0.938688 0.935966 0.948337 0.934519 0.932996 0.954090 0.943055 0.934061 0.934085 0.935327
2 0.939296 0.000000 0.592105 0.844651 0.594244 0.757146 0.868116 0.810139 0.849811 0.757048 0.587337
3 0.936928 0.591026 0.000000 0.828224 0.308574 0.724979 0.854393 0.791757 0.835877 0.725225 0.359826
4 0.948788 0.843611 0.828577 0.000000 0.827551 0.815979 0.889973 0.855418 0.877737 0.815370 0.824554
5 0.935992 0.593871 0.309183 0.828160 0.000000 0.726941 0.852428 0.790815 0.835876 0.727533 0.375709
6 0.933584 0.756342 0.725685 0.816783 0.726862 0.000000 0.841643 0.777405 0.820492 0.359527 0.721133
7 0.953894 0.866860 0.854393 0.890995 0.852173 0.841957 0.000000 0.795272 0.889965 0.841151 0.850647
8 0.943172 0.809531 0.792680 0.856125 0.790717 0.777170 0.795920 0.000000 0.854357 0.777475 0.790548
9 0.934002 0.848221 0.835720 0.877561 0.835150 0.820139 0.889533 0.853258 0.000000 0.821575 0.832152
10 0.934006 0.754694 0.724931 0.815488 0.726905 0.358958 0.840877 0.776964 0.821752 0.000000 0.721359
11 0.935975 0.586906 0.359885 0.824888 0.375474 0.720859 0.851236 0.790882 0.833055 0.721791 0.000000
