11
1 0.000000 0.565909 0.572727 0.575000 0.563636 0.575000 0.572727 0.554545 0.563636 0.557823 0.560091
2 0.565909 0.000000 0.559091 0.561364 0.545455 0.552273 0.559091 0.513636 0.531818 0.562358 0.553288
3 0.572727 0.563636 0.000000 0.470455 0.563636 0.561364 0.370455 0.545455 0.556818 0.571429 0.544218
4 0.572727 0.565909 0.472727 0.000000 0.563636 0.561364 0.495455 0.554545 0.563636 0.566893 0.562358
5 0.563636 0.545455 0.561364 0.563636 0.000000 0.550000 0.563636 0.531818 0.531818 0.555556 0.541950
6 0.572727 0.552273 0.556818 0.559091 0.547727 0.000000 0.565909 0.529545 0.546697 0.566893 0.555556
7 0.572727 0.561364 0.370455 0.490909 0.563636 0.565909 0.000000 0.550000 0.556818 0.575964 0.551020
8 0.561364 0.513636 0.545455 0.552273 0.529545 0.529545 0.550000 0.000000 0.515909 0.557823 0.537415
9 0.561364 0.529545 0.554545 0.563636 0.527273 0.546697 0.556818 0.515909 0.000000 0.562358 0.541950
10 0.560091 0.569161 0.571429 0.571429 0.557823 0.571429 0.578231 0.560091 0.566893 0.000000 0.557823
11 0.557823 0.553288 0.544218 0.564626 0.544218 0.555556 0.557823 0.539683 0.539683 0.560091 0.000000
