11
1 0.000000 0.950256 0.953638 0.951622 0.953821 0.953454 0.947494 0.949131 0.954737 0.958402 0.950430
2 0.955377 0.000000 0.953731 0.940380 0.949159 0.954097 0.944952 0.951353 0.951353 0.957023 0.947147
3 0.946857 0.943489 0.000000 0.947388 0.948916 0.938955 0.945298 0.909973 0.951323 0.953142 0.946406
4 0.953271 0.937637 0.953621 0.000000 0.946471 0.949771 0.943652 0.950961 0.949954 0.955454 0.944942
5 0.951622 0.941843 0.954796 0.944638 0.000000 0.950321 0.942554 0.950961 0.951690 0.955298 0.944577
6 0.949606 0.946415 0.939872 0.945555 0.950687 0.000000 0.943652 0.937969 0.950687 0.952887 0.946406
7 0.950970 0.945135 0.954263 0.946396 0.948042 0.951518 0.000000 0.950238 0.952067 0.955909 0.668374
8 0.948399 0.948061 0.916194 0.950595 0.955901 0.940714 0.946579 0.000000 0.951327 0.955169 0.950430
9 0.951255 0.946050 0.952425 0.946104 0.950037 0.950504 0.946396 0.946752 0.000000 0.904482 0.948784
10 0.949423 0.943489 0.951856 0.943721 0.946284 0.946654 0.944201 0.945654 0.898420 0.000000 0.947137
11 0.947503 0.939466 0.950796 0.943113 0.945308 0.948967 0.673130 0.948784 0.949332 0.952991 0.000000
