11
1 0.000000 0.918463 0.915744 0.900051 0.905634 0.907130 0.920470 0.909595 0.905714 0.920228 0.910141
2 0.920308 0.000000 0.864602 0.856907 0.865073 0.842578 0.869627 0.836886 0.841087 0.868253 0.834884
3 0.917001 0.863071 0.000000 0.859993 0.866800 0.843311 0.601288 0.848535 0.843393 0.870031 0.851167
4 0.902407 0.857849 0.861367 0.000000 0.536622 0.830578 0.870479 0.838786 0.829845 0.858815 0.842438
5 0.906027 0.863424 0.866800 0.537250 0.000000 0.837949 0.873380 0.843679 0.838170 0.864454 0.845054
6 0.906777 0.841087 0.844528 0.829557 0.837871 0.000000 0.847184 0.822078 0.209503 0.842105 0.822157
7 0.921255 0.867899 0.600306 0.869379 0.872987 0.846870 0.000000 0.857631 0.848537 0.874205 0.856924
8 0.909398 0.834766 0.847474 0.836861 0.843875 0.821803 0.857003 0.000000 0.822619 0.850628 0.389910
9 0.907952 0.841008 0.844453 0.828981 0.838445 0.210367 0.848694 0.824190 0.000000 0.843825 0.823365
10 0.920660 0.867271 0.869403 0.857676 0.865004 0.841712 0.873498 0.851061 0.842843 0.000000 0.851335
11 0.910141 0.832921 0.849399 0.839885 0.844032 0.821567 0.855903 0.388810 0.822423 0.850550 0.000000
