11
1 0.000000 0.268221 0.284528 0.278734 0.289274 0.284497 0.279410 0.284743 0.286340 0.293641 0.266912
2 0.266822 0.000000 0.255467 0.248819 0.260610 0.255411 0.251534 0.254631 0.257425 0.265030 0.049843
3 0.285425 0.255862 0.000000 0.173979 0.134583 0.181028 0.177591 0.054132 0.128505 0.197767 0.256221
4 0.277011 0.249969 0.174931 0.000000 0.181112 0.147440 0.143705 0.175748 0.176172 0.166472 0.250489
5 0.289561 0.263247 0.135605 0.181381 0.000000 0.188272 0.184879 0.136108 0.077507 0.206099 0.265812
6 0.283511 0.257653 0.181727 0.148713 0.188577 0.000000 0.106447 0.182964 0.184399 0.105120 0.256720
7 0.280558 0.252789 0.178183 0.144782 0.184197 0.106232 0.000000 0.179134 0.180479 0.130915 0.255606
8 0.283559 0.256874 0.054509 0.175354 0.135677 0.182211 0.178757 0.000000 0.128976 0.199368 0.258956
9 0.286142 0.258107 0.128182 0.175974 0.076484 0.183233 0.179493 0.128760 0.000000 0.198617 0.259903
10 0.291775 0.263808 0.196079 0.164317 0.202906 0.102233 0.128135 0.196191 0.199066 0.000000 0.265529
11 0.268006 0.049861 0.255574 0.249681 0.263821 0.255196 0.252108 0.256910 0.260208 0.266463 0.000000
