11
1 0.000000 0.955737 0.970397 0.966067 0.974768 0.956608 0.969483 0.970595 0.962688 0.971112 0.968292
2 0.955618 0.000000 0.943142 0.935633 0.951367 0.844843 0.942228 0.949738 0.927328 0.948784 0.943063
3 0.970436 0.943261 0.000000 0.959193 0.909799 0.939919 0.457999 0.901097 0.959469 0.899865 0.565304
4 0.966424 0.935593 0.959391 0.000000 0.964676 0.930544 0.958676 0.961219 0.900902 0.960345 0.957603
5 0.974489 0.951367 0.909759 0.964398 0.000000 0.948973 0.906223 0.876639 0.962806 0.873500 0.909127
6 0.956409 0.844723 0.939601 0.930266 0.948814 0.000000 0.937336 0.943449 0.923545 0.941223 0.937100
7 0.968966 0.942228 0.457959 0.958597 0.906421 0.937455 0.000000 0.890964 0.957244 0.891997 0.510152
8 0.970555 0.949619 0.900898 0.960822 0.876560 0.943568 0.891004 0.000000 0.958713 0.448750 0.893551
9 0.962330 0.927408 0.959429 0.900624 0.963084 0.923584 0.957204 0.958832 0.000000 0.960064 0.957405
10 0.970993 0.948546 0.899825 0.959908 0.872745 0.941184 0.891957 0.448750 0.959984 0.000000 0.894624
11 0.968332 0.942983 0.565463 0.957524 0.909326 0.937259 0.510152 0.893670 0.957444 0.894584 0.000000
