11
1 0.000000 0.596817 0.594164 0.594164 0.604775 0.583554 0.647215 0.580902 0.586207 0.584656 0.579365
2 0.604775 0.000000 0.291777 0.456233 0.201592 0.541114 0.633952 0.498674 0.458886 0.544974 0.542328
3 0.604775 0.291777 0.000000 0.472149 0.331565 0.546419 0.631300 0.503979 0.485411 0.550265 0.552910
4 0.599469 0.456233 0.472149 0.000000 0.472149 0.527851 0.625995 0.498674 0.193634 0.526455 0.550265
5 0.612732 0.201592 0.331565 0.472149 0.000000 0.549072 0.633952 0.503979 0.477454 0.552910 0.550265
6 0.586207 0.541114 0.551724 0.527851 0.549072 0.000000 0.623342 0.416446 0.541114 0.105820 0.124339
7 0.655172 0.641910 0.641910 0.636605 0.641910 0.636605 0.000000 0.623342 0.636605 0.640212 0.634921
8 0.583554 0.498674 0.503979 0.496021 0.501326 0.416446 0.615385 0.000000 0.514589 0.417989 0.412698
9 0.591512 0.458886 0.485411 0.193634 0.477454 0.541114 0.625995 0.517241 0.000000 0.539683 0.550265
10 0.589947 0.544974 0.555556 0.531746 0.552910 0.105820 0.629630 0.417989 0.547619 0.000000 0.166667
11 0.584656 0.542328 0.560847 0.552910 0.550265 0.126984 0.624339 0.412698 0.550265 0.166667 0.000000
