11
1 0.000000 0.325733 0.377197 0.372636 0.327687 0.364755 0.326941 0.365900 0.322715 0.368350 0.370314
2 0.327118 0.000000 0.258992 0.257709 0.035643 0.246622 0.027743 0.244313 0.097969 0.246128 0.253834
3 0.378227 0.258495 0.000000 0.318845 0.261123 0.311452 0.259702 0.310230 0.256862 0.312289 0.317843
4 0.373913 0.259589 0.322038 0.000000 0.259447 0.133277 0.260937 0.130007 0.256041 0.131853 0.144484
5 0.325733 0.035536 0.257998 0.256751 0.000000 0.245132 0.036813 0.243709 0.097965 0.246661 0.252024
6 0.366777 0.248714 0.315601 0.133489 0.248147 0.000000 0.249140 0.083910 0.245062 0.086179 0.074902
7 0.324988 0.027885 0.260235 0.258276 0.037133 0.248537 0.000000 0.245628 0.099591 0.247691 0.255503
8 0.364834 0.243851 0.311899 0.127843 0.243816 0.082278 0.245060 0.000000 0.239728 0.030335 0.092942
9 0.321010 0.097577 0.256116 0.253983 0.097681 0.241941 0.098844 0.238875 0.000000 0.241155 0.249290
10 0.367498 0.247052 0.314242 0.130327 0.246910 0.084654 0.248117 0.030762 0.243002 0.000000 0.095392
11 0.370598 0.255609 0.319121 0.143668 0.255112 0.073518 0.256816 0.094220 0.250781 0.096102 0.000000
