11
1 0.000000 0.939931 0.947027 0.938429 0.942590 0.941670 0.940683 0.941344 0.943015 0.940930 0.936571
2 0.939550 0.000000 0.926639 0.893824 0.907704 0.891536 0.840198 0.912398 0.846770 0.833651 0.833905
3 0.949314 0.928544 0.000000 0.931021 0.939596 0.936166 0.936547 0.917920 0.941501 0.931402 0.933524
4 0.938429 0.895730 0.931212 0.000000 0.876859 0.792795 0.902974 0.926300 0.905660 0.901677 0.887810
5 0.943735 0.905606 0.937500 0.876287 0.000000 0.872665 0.902518 0.928966 0.907947 0.905107 0.903238
6 0.942814 0.892299 0.934451 0.792604 0.874190 0.000000 0.899352 0.920587 0.901658 0.897485 0.893333
7 0.940874 0.838101 0.935594 0.902021 0.902900 0.898208 0.000000 0.918111 0.616924 0.854421 0.649524
8 0.943249 0.911826 0.918111 0.924586 0.928775 0.919634 0.919634 0.000000 0.923253 0.918301 0.917730
9 0.944730 0.847341 0.941120 0.907757 0.908710 0.902611 0.617115 0.924205 0.000000 0.864139 0.661143
10 0.941311 0.832889 0.930831 0.901867 0.905678 0.898438 0.854611 0.920015 0.862233 0.000000 0.848952
11 0.938667 0.834476 0.933524 0.888381 0.905333 0.894476 0.652571 0.916968 0.660190 0.850667 0.000000
