11
1 0.000000 0.864831 0.871827 0.869283 0.868584 0.867802 0.867265 0.868731 0.873065 0.872446 0.871207
2 0.864831 0.000000 0.794618 0.779048 0.296228 0.837303 0.660687 0.843489 0.781008 0.307454 0.854934
3 0.868421 0.803588 0.000000 0.747837 0.781385 0.855019 0.814975 0.856832 0.766812 0.768134 0.865134
4 0.867429 0.796045 0.788319 0.000000 0.789555 0.858158 0.780593 0.852596 0.214771 0.775649 0.858158
5 0.869202 0.303649 0.785714 0.773177 0.000000 0.849103 0.664193 0.828695 0.787570 0.199443 0.852195
6 0.867183 0.840705 0.859975 0.853214 0.823438 0.000000 0.838490 0.848513 0.859665 0.813507 0.640644
7 0.868502 0.664708 0.817141 0.785229 0.645022 0.853960 0.000000 0.847153 0.787438 0.642017 0.851795
8 0.865325 0.838540 0.857764 0.846724 0.838281 0.833643 0.827970 0.000000 0.844720 0.828270 0.850932
9 0.867492 0.805753 0.793898 0.210136 0.794991 0.848823 0.798577 0.848758 0.000000 0.789213 0.863891
10 0.869969 0.311475 0.757905 0.758962 0.196660 0.838290 0.662438 0.831370 0.770924 0.000000 0.853689
11 0.868111 0.844417 0.865444 0.860939 0.844156 0.640954 0.859530 0.852795 0.863891 0.832610 0.000000
