11
1 0.000000 0.941512 0.948747 0.948708 0.946829 0.946069 0.944550 0.948728 0.944149 0.946849 0.944951
2 0.942271 0.000000 0.945710 0.916445 0.918724 0.919863 0.878845 0.936194 0.889859 0.869021 0.888383
3 0.948747 0.943812 0.000000 0.949886 0.944951 0.948367 0.946849 0.932802 0.947229 0.947229 0.948367
4 0.949088 0.913787 0.948747 0.000000 0.894037 0.887201 0.922522 0.939233 0.928191 0.924070 0.927866
5 0.948348 0.919483 0.945330 0.896696 0.000000 0.896696 0.924041 0.939233 0.920243 0.922172 0.921792
6 0.946449 0.918724 0.946849 0.886821 0.895936 0.000000 0.923281 0.938473 0.924041 0.929005 0.925209
7 0.944930 0.879605 0.946469 0.922902 0.922522 0.922142 0.000000 0.935055 0.679453 0.889901 0.694381
8 0.948728 0.935815 0.932802 0.940752 0.939233 0.939613 0.933916 0.000000 0.936194 0.934320 0.936219
9 0.944149 0.887201 0.946469 0.931231 0.920243 0.924421 0.680592 0.935055 0.000000 0.901291 0.720197
10 0.947608 0.865604 0.946849 0.924450 0.923311 0.927487 0.888762 0.934320 0.902050 0.000000 0.893698
11 0.945710 0.888762 0.950645 0.929385 0.922551 0.924450 0.693622 0.937358 0.720577 0.892938 0.000000
