11
1 0.000000 0.505119 0.514382 0.526316 0.512777 0.510204 0.522998 0.521222 0.505085 0.498294 0.524138
2 0.525597 0.000000 0.475465 0.516129 0.393526 0.418367 0.516184 0.505942 0.391525 0.273038 0.452218
3 0.529611 0.492386 0.000000 0.514382 0.478849 0.487310 0.527919 0.519459 0.480541 0.465313 0.489002
4 0.533107 0.517827 0.512690 0.000000 0.500849 0.492360 0.247878 0.519525 0.488136 0.507640 0.529711
5 0.516184 0.402044 0.480541 0.497453 0.000000 0.426871 0.502555 0.480475 0.411864 0.386712 0.448041
6 0.523810 0.403061 0.473773 0.488964 0.392857 0.000000 0.488095 0.497453 0.303390 0.346939 0.445578
7 0.528109 0.511073 0.516074 0.252971 0.504259 0.491497 0.000000 0.516129 0.488136 0.507666 0.521295
8 0.531409 0.497453 0.527919 0.516129 0.485569 0.504245 0.531409 0.000000 0.498305 0.492360 0.521222
9 0.518644 0.400000 0.465313 0.488136 0.401695 0.315254 0.493220 0.496610 0.000000 0.337288 0.454237
10 0.511945 0.269625 0.453469 0.504245 0.357751 0.340136 0.504259 0.490662 0.327119 0.000000 0.435154
11 0.529310 0.440273 0.475465 0.505942 0.429302 0.437075 0.512777 0.505942 0.437288 0.435154 0.000000
