11
1 0.000000 0.630564 0.558063 0.525704 0.623354 0.605561 0.587982 0.568628 0.618924 0.603058 0.572628
2 0.635852 0.000000 0.576714 0.543928 0.629040 0.615954 0.597759 0.583436 0.215488 0.609456 0.584046
3 0.565937 0.573703 0.000000 0.363638 0.523056 0.501525 0.435910 0.406269 0.571303 0.504140 0.429325
4 0.521184 0.535807 0.358471 0.000000 0.475777 0.449932 0.407481 0.375005 0.524847 0.446141 0.374748
5 0.615659 0.623824 0.519755 0.476656 0.000000 0.307165 0.552209 0.532191 0.621740 0.304065 0.540151
6 0.599283 0.612136 0.496609 0.445743 0.303394 0.000000 0.522183 0.505620 0.603058 0.123866 0.497891
7 0.581417 0.595034 0.432483 0.409096 0.549015 0.527998 0.000000 0.334201 0.592900 0.527351 0.471535
8 0.565865 0.580156 0.404636 0.378865 0.533879 0.509875 0.335690 0.000000 0.577664 0.502258 0.439854
9 0.628574 0.214341 0.567409 0.533156 0.620987 0.614993 0.592344 0.573931 0.000000 0.603147 0.578471
10 0.599294 0.609385 0.493745 0.450604 0.306897 0.131986 0.524931 0.503853 0.611786 0.000000 0.511363
11 0.567839 0.574491 0.422327 0.369876 0.533794 0.504597 0.466923 0.439908 0.568960 0.503764 0.000000
