11
1 0.000000 0.928230 0.927888 0.927862 0.927862 0.927126 0.927126 0.926811 0.927520 0.927126 0.926865
2 0.928598 0.000000 0.925681 0.927862 0.926757 0.926731 0.925653 0.923133 0.924577 0.922709 0.926130
3 0.927520 0.926049 0.000000 0.914643 0.901398 0.919426 0.918690 0.920191 0.919058 0.925681 0.896362
4 0.928598 0.927494 0.912068 0.000000 0.909091 0.920133 0.919764 0.920559 0.919426 0.926757 0.911797
5 0.928966 0.926021 0.900662 0.909459 0.000000 0.915348 0.916084 0.918720 0.915747 0.924549 0.897097
6 0.926021 0.924890 0.917954 0.919396 0.913508 0.000000 0.830696 0.848474 0.824871 0.921605 0.918412
7 0.926389 0.925653 0.919058 0.920133 0.916820 0.834376 0.000000 0.838911 0.753863 0.923445 0.921352
8 0.927547 0.924972 0.920191 0.922030 0.918720 0.851416 0.839647 0.000000 0.827510 0.924972 0.922822
9 0.926416 0.926049 0.919426 0.920898 0.912436 0.826711 0.757542 0.827878 0.000000 0.923473 0.920250
10 0.927126 0.922341 0.924577 0.926389 0.923813 0.920869 0.921973 0.922030 0.921634 0.000000 0.923925
11 0.927233 0.926498 0.898199 0.914002 0.898199 0.923190 0.923190 0.923558 0.922087 0.923925 0.000000
