11
1 0.000000 0.695413 0.716323 0.701360 0.720652 0.712685 0.709464 0.717112 0.716934 0.727585 0.697152
2 0.695097 0.000000 0.678730 0.667910 0.686328 0.678683 0.673473 0.679506 0.682372 0.694871 0.160840
3 0.716837 0.680133 0.000000 0.524757 0.437477 0.542601 0.534679 0.176330 0.417752 0.575848 0.680014
4 0.702840 0.669666 0.525763 0.000000 0.541968 0.464251 0.458804 0.532039 0.532098 0.510410 0.668877
5 0.722368 0.688458 0.438562 0.543093 0.000000 0.559703 0.553252 0.439785 0.254868 0.592823 0.689642
6 0.712863 0.679256 0.542423 0.463600 0.558026 0.000000 0.348453 0.547630 0.547176 0.338788 0.679572
7 0.709345 0.673315 0.534126 0.457403 0.551161 0.347701 0.000000 0.537023 0.540443 0.413402 0.674145
8 0.715689 0.679012 0.174750 0.529138 0.436648 0.545970 0.536232 0.000000 0.417177 0.578525 0.679015
9 0.715965 0.682411 0.417159 0.530914 0.252678 0.546860 0.541016 0.418779 0.000000 0.580213 0.683677
10 0.726261 0.694455 0.574623 0.508022 0.590417 0.337839 0.412493 0.578841 0.579995 0.000000 0.695140
11 0.696046 0.160286 0.677624 0.666607 0.686209 0.678248 0.673236 0.678856 0.682728 0.694981 0.000000
