11
1 0.000000 0.998168 0.998706 0.998805 0.998228 0.999084 0.998666 0.999124 0.998726 0.999283 0.997790
2 0.998228 0.000000 0.997152 0.995261 0.995520 0.997909 0.997073 0.997670 0.996993 0.997013 0.947350
3 0.998606 0.997013 0.000000 0.970963 0.993946 0.982456 0.995937 0.978136 0.984527 0.985484 0.996993
4 0.998686 0.995201 0.970983 0.000000 0.991576 0.986977 0.993169 0.983233 0.977617 0.978794 0.996316
5 0.998188 0.995579 0.993886 0.991596 0.000000 0.995460 0.987453 0.994604 0.994424 0.993768 0.996535
6 0.999004 0.997889 0.982297 0.986957 0.995380 0.000000 0.996734 0.936518 0.991338 0.992155 0.998029
7 0.998526 0.996874 0.995838 0.993049 0.987373 0.996615 0.000000 0.997252 0.995460 0.996695 0.997232
8 0.999204 0.997790 0.978076 0.983313 0.994862 0.936618 0.997471 0.000000 0.989466 0.990203 0.997690
9 0.998745 0.997033 0.984587 0.977518 0.994444 0.991417 0.995639 0.989446 0.000000 0.973677 0.997590
10 0.999283 0.997093 0.985385 0.978734 0.993788 0.992414 0.996954 0.990243 0.973697 0.000000 0.996794
11 0.997790 0.947250 0.996893 0.996296 0.996635 0.998108 0.997411 0.997551 0.997471 0.996695 0.000000
