11
1 0.000000 0.998845 0.999522 0.999223 0.998925 0.999323 0.998885 0.998805 0.998726 0.999343 0.998825
2 0.998805 0.000000 0.999263 0.997849 0.999104 0.998706 0.998885 0.999024 0.897172 0.998307 0.997611
3 0.999383 0.999243 0.000000 0.999104 0.998905 0.996197 0.998686 0.999442 0.998925 0.998765 0.999204
4 0.999363 0.997770 0.999104 0.000000 0.998228 0.998347 0.998865 0.998208 0.998367 0.998347 0.997013
5 0.998925 0.999024 0.998885 0.998267 0.000000 0.999004 0.998108 0.997571 0.998944 0.995738 0.998984
6 0.999323 0.998726 0.996336 0.998367 0.999004 0.000000 0.998746 0.999303 0.998487 0.998785 0.998885
7 0.998985 0.998785 0.998706 0.998885 0.998108 0.998805 0.000000 0.998487 0.998766 0.995998 0.999144
8 0.998845 0.999084 0.999442 0.998327 0.997630 0.999243 0.998487 0.000000 0.998706 0.998347 0.998885
9 0.998785 0.897113 0.999024 0.998447 0.998905 0.998487 0.998726 0.998686 0.000000 0.998028 0.997790
10 0.999343 0.998307 0.998785 0.998307 0.995738 0.998686 0.995898 0.998287 0.997909 0.000000 0.998507
11 0.998865 0.997670 0.999363 0.996993 0.999044 0.998845 0.999144 0.998825 0.997909 0.998526 0.000000
