11
1 0.000000 0.952526 0.953285 0.952146 0.952146 0.951405 0.951784 0.952146 0.952146 0.952146 0.951386
2 0.952526 0.000000 0.952508 0.952526 0.952888 0.952164 0.942293 0.952888 0.952888 0.951386 0.951766
3 0.952526 0.951748 0.000000 0.951006 0.952128 0.951405 0.952164 0.952888 0.951748 0.952146 0.951386
4 0.952146 0.952146 0.952526 0.000000 0.843525 0.952164 0.951784 0.952146 0.952146 0.952905 0.939233
5 0.952146 0.952888 0.952128 0.842385 0.000000 0.951784 0.951405 0.953267 0.952508 0.953285 0.935055
6 0.951784 0.952164 0.952164 0.951784 0.951784 0.000000 0.950645 0.951784 0.950645 0.775247 0.951405
7 0.952164 0.944191 0.953303 0.952164 0.952544 0.951784 0.000000 0.952164 0.953683 0.952544 0.952164
8 0.952146 0.952128 0.954407 0.951766 0.952888 0.952164 0.952544 0.000000 0.952508 0.952146 0.952146
9 0.951766 0.954027 0.952128 0.952146 0.951748 0.950266 0.953303 0.952888 0.000000 0.952146 0.952146
10 0.952146 0.952146 0.951766 0.951766 0.952526 0.773728 0.952164 0.952146 0.950627 0.000000 0.950247
11 0.951386 0.951766 0.952526 0.939613 0.934675 0.951784 0.952164 0.952146 0.951766 0.951386 0.000000
