11
1 0.000000 0.935699 0.939564 0.938111 0.940373 0.930895 0.940918 0.935202 0.934520 0.931465 0.934680
2 0.937033 0.000000 0.805396 0.800866 0.844294 0.711855 0.848974 0.584927 0.781589 0.836374 0.779129
3 0.940250 0.805710 0.000000 0.460587 0.855608 0.783666 0.857538 0.807291 0.686906 0.848682 0.682465
4 0.938719 0.800945 0.461567 0.000000 0.853894 0.778205 0.854637 0.803606 0.677498 0.845762 0.675580
5 0.942765 0.844020 0.855196 0.852561 0.000000 0.828893 0.547373 0.844845 0.836290 0.854150 0.836902
6 0.932228 0.712247 0.783332 0.777675 0.828383 0.000000 0.833866 0.715484 0.756600 0.819755 0.753808
7 0.943387 0.849386 0.858223 0.855029 0.547667 0.835139 0.000000 0.848994 0.842076 0.858067 0.842390
8 0.936515 0.585378 0.807252 0.804234 0.845923 0.716876 0.849738 0.000000 0.784039 0.841078 0.781733
9 0.936225 0.781824 0.687141 0.677890 0.837387 0.757286 0.842547 0.783607 0.000000 0.833650 0.353154
10 0.933288 0.836845 0.849309 0.846507 0.854189 0.820461 0.857675 0.840451 0.833611 0.000000 0.832239
11 0.935367 0.778854 0.681759 0.674384 0.836471 0.753632 0.841371 0.780498 0.352410 0.831181 0.000000
