11
1 0.000000 0.985323 0.965111 0.957983 0.960413 0.958858 0.964618 0.958778 0.964175 0.961518 0.953368
2 0.985264 0.000000 0.960848 0.948584 0.962225 0.944418 0.959620 0.946350 0.964773 0.964584 0.956036
3 0.965170 0.960947 0.000000 0.763392 0.904516 0.865172 0.309500 0.862583 0.913734 0.907746 0.879418
4 0.957943 0.948604 0.763232 0.000000 0.869907 0.808814 0.761982 0.804572 0.884284 0.876212 0.835514
5 0.960572 0.962265 0.904855 0.870027 0.000000 0.874288 0.905243 0.873830 0.833944 0.815731 0.748542
6 0.958758 0.944358 0.865052 0.808734 0.874348 0.000000 0.865062 0.402055 0.887986 0.879218 0.841129
7 0.964678 0.959779 0.309599 0.762280 0.905063 0.865042 0.000000 0.861358 0.911873 0.906532 0.877924
8 0.958738 0.946529 0.862642 0.804652 0.873631 0.401996 0.861358 0.000000 0.884999 0.877446 0.838062
9 0.964056 0.964753 0.913914 0.884364 0.833844 0.888126 0.911853 0.885198 0.000000 0.692620 0.763136
10 0.961617 0.964663 0.908005 0.876511 0.815751 0.879397 0.906592 0.877725 0.692939 0.000000 0.733631
11 0.953328 0.956096 0.879497 0.835713 0.748462 0.841089 0.877984 0.838062 0.763017 0.733491 0.000000
