11
1 0.000000 0.972192 0.977569 0.980101 0.976845 0.976845 0.966918 0.971780 0.976534 0.968671 0.976483
2 0.966053 0.000000 0.951607 0.956302 0.695558 0.964969 0.923049 0.955941 0.951986 0.733525 0.970025
3 0.977931 0.955941 0.000000 0.956868 0.953244 0.977166 0.952535 0.967380 0.951264 0.946345 0.975353
4 0.972865 0.944384 0.940558 0.000000 0.948727 0.965467 0.938511 0.959636 0.492419 0.939143 0.966231
5 0.966715 0.717949 0.944183 0.951636 0.000000 0.961469 0.916577 0.953438 0.947292 0.521786 0.965142
6 0.969971 0.962080 0.965930 0.965831 0.962923 0.000000 0.956850 0.961105 0.963177 0.958948 0.925926
7 0.972312 0.926645 0.955412 0.951816 0.929522 0.971593 0.000000 0.961525 0.945343 0.919453 0.966918
8 0.972142 0.956302 0.960855 0.962909 0.957803 0.960378 0.954333 0.000000 0.950903 0.949946 0.961511
9 0.972563 0.944043 0.942599 0.542599 0.951625 0.963538 0.937073 0.956318 0.000000 0.938783 0.965343
10 0.972272 0.709399 0.944544 0.957508 0.529708 0.969752 0.919453 0.959309 0.948146 0.000000 0.966511
11 0.966715 0.961358 0.963030 0.968046 0.961147 0.925926 0.955052 0.959695 0.962455 0.954267 0.000000
