11
1 0.000000 0.866575 0.867950 0.870014 0.869326 0.870701 0.865199 0.869326 0.870701 0.870701 0.865887
2 0.865887 0.000000 0.856259 0.855571 0.805919 0.864418 0.862354 0.861073 0.863042 0.862354 0.802613
3 0.867950 0.858322 0.000000 0.862448 0.861761 0.863136 0.864512 0.862448 0.863824 0.863824 0.861761
4 0.868638 0.854883 0.859697 0.000000 0.856946 0.865199 0.861761 0.860385 0.861073 0.865887 0.856946
5 0.867950 0.805919 0.859697 0.857634 0.000000 0.863730 0.858913 0.863136 0.863042 0.867171 0.660248
6 0.870701 0.865795 0.862448 0.865199 0.864418 0.000000 0.858224 0.813618 0.852719 0.689608 0.865887
7 0.864512 0.863042 0.862448 0.863136 0.862354 0.856160 0.000000 0.837689 0.845148 0.856848 0.859697
8 0.870014 0.861073 0.861761 0.863136 0.864512 0.816369 0.839752 0.000000 0.850069 0.823246 0.861073
9 0.868638 0.864418 0.859697 0.861073 0.864418 0.852030 0.845836 0.848693 0.000000 0.859601 0.861761
10 0.870014 0.862354 0.861073 0.865199 0.866483 0.689608 0.857536 0.821183 0.861666 0.000000 0.865887
11 0.863824 0.804677 0.861761 0.856946 0.659560 0.866575 0.861761 0.862448 0.863136 0.866575 0.000000
