11
1 0.000000 0.579545 0.575964 0.581818 0.584091 0.579545 0.581818 0.579545 0.581818 0.580499 0.579545
2 0.577273 0.000000 0.546485 0.575000 0.490909 0.579545 0.545455 0.577273 0.563636 0.560091 0.575000
3 0.580499 0.553288 0.000000 0.580499 0.555556 0.582766 0.553288 0.578231 0.564626 0.535147 0.580499
4 0.577273 0.577273 0.575964 0.000000 0.575000 0.568182 0.577273 0.579545 0.579545 0.580499 0.575000
5 0.579545 0.490909 0.551020 0.577273 0.000000 0.580866 0.538636 0.579545 0.565909 0.548753 0.575000
6 0.579545 0.577273 0.575964 0.563636 0.578588 0.000000 0.577273 0.579545 0.577273 0.580499 0.575000
7 0.579545 0.550000 0.553288 0.579545 0.538636 0.584091 0.000000 0.577273 0.565909 0.562358 0.577273
8 0.579545 0.577273 0.578231 0.581818 0.579545 0.581818 0.577273 0.000000 0.577273 0.580499 0.579545
9 0.579545 0.563636 0.566893 0.581818 0.565909 0.581818 0.568182 0.579545 0.000000 0.573696 0.579545
10 0.578231 0.564626 0.532880 0.582766 0.548753 0.582766 0.564626 0.580499 0.571429 0.000000 0.580499
11 0.579545 0.577273 0.580499 0.577273 0.579545 0.577273 0.579545 0.579545 0.575000 0.578231 0.000000
