11
1 0.000000 0.526135 0.488308 0.518569 0.447730 0.517882 0.527510 0.555708 0.508941 0.554333 0.506190
2 0.525447 0.000000 0.392292 0.424347 0.350998 0.432897 0.476944 0.472490 0.417068 0.468363 0.401927
3 0.486245 0.389539 0.000000 0.404402 0.319559 0.414315 0.455548 0.438790 0.374914 0.438102 0.376722
4 0.519945 0.425034 0.408528 0.000000 0.302613 0.370014 0.453232 0.456671 0.425034 0.458735 0.392710
5 0.447730 0.350310 0.320937 0.301238 0.000000 0.298692 0.410468 0.421596 0.347107 0.429161 0.329201
6 0.517882 0.431521 0.415692 0.368638 0.298692 0.000000 0.476944 0.473865 0.419821 0.482806 0.410874
7 0.522696 0.476256 0.454859 0.448418 0.405647 0.477632 0.000000 0.515818 0.454170 0.517882 0.455923
8 0.556396 0.473865 0.438790 0.457359 0.422971 0.475241 0.521321 0.000000 0.453232 0.137552 0.453232
9 0.504814 0.414315 0.374225 0.423659 0.346419 0.419133 0.454859 0.452545 0.000000 0.455296 0.257576
10 0.555708 0.469051 0.439477 0.458735 0.430536 0.486245 0.523384 0.136176 0.455296 0.000000 0.455296
11 0.504814 0.400551 0.376033 0.392022 0.329890 0.412251 0.460744 0.451857 0.258264 0.453232 0.000000
