11
1 0.000000 0.972747 0.971963 0.973520 0.972941 0.972547 0.974104 0.974688 0.973915 0.974114 0.973730
2 0.972747 0.000000 0.357018 0.936149 0.956005 0.956395 0.964571 0.958731 0.966907 0.969054 0.967503
3 0.971768 0.356434 0.000000 0.939447 0.953669 0.955404 0.962033 0.959688 0.965349 0.970027 0.965947
4 0.973520 0.934982 0.938668 0.000000 0.931477 0.931854 0.956776 0.945678 0.954253 0.969833 0.963806
5 0.973136 0.954253 0.953085 0.931867 0.000000 0.596457 0.961261 0.956784 0.959509 0.970611 0.959136
6 0.972157 0.954643 0.955209 0.931464 0.595484 0.000000 0.960864 0.959875 0.961067 0.969833 0.960304
7 0.973520 0.964181 0.962227 0.957555 0.959899 0.961059 0.000000 0.954634 0.962040 0.972557 0.969449
8 0.974104 0.957952 0.959494 0.944315 0.956005 0.960654 0.955997 0.000000 0.950360 0.972947 0.967698
9 0.973720 0.966128 0.965544 0.954837 0.959509 0.961651 0.960288 0.950944 0.000000 0.973725 0.969644
10 0.973920 0.969249 0.969833 0.969638 0.969638 0.970027 0.972168 0.972947 0.973531 0.000000 0.971201
11 0.973536 0.966920 0.967309 0.964195 0.959525 0.961471 0.969449 0.968476 0.969839 0.971784 0.000000
