11
1 0.000000 0.759861 0.813185 0.802228 0.758583 0.804054 0.755478 0.797845 0.750913 0.794010 0.800219
2 0.743791 0.000000 0.647727 0.628294 0.092358 0.609141 0.069376 0.630865 0.302326 0.630741 0.635964
3 0.798210 0.636547 0.000000 0.706808 0.630017 0.695064 0.633901 0.698037 0.621132 0.696066 0.711042
4 0.795471 0.646413 0.706442 0.000000 0.638360 0.376417 0.643302 0.384700 0.610542 0.373650 0.415813
5 0.746165 0.094557 0.622320 0.625000 0.000000 0.596344 0.101043 0.600696 0.285662 0.601464 0.613075
6 0.802593 0.629068 0.698172 0.381353 0.608775 0.000000 0.627971 0.217002 0.608592 0.215905 0.216088
7 0.744704 0.070840 0.626945 0.627745 0.102691 0.605850 0.000000 0.608823 0.283910 0.607319 0.623101
8 0.793280 0.628116 0.709411 0.375366 0.619388 0.214077 0.626579 0.000000 0.606665 0.059286 0.263688
9 0.742695 0.286944 0.611610 0.607064 0.284746 0.587934 0.282995 0.589453 0.000000 0.590485 0.609412
10 0.794193 0.631107 0.704300 0.373833 0.623605 0.221207 0.628911 0.061665 0.611528 0.000000 0.276121
11 0.796932 0.646585 0.719282 0.410322 0.624794 0.219378 0.645067 0.261857 0.623512 0.266606 0.000000
