11
1 0.000000 0.905259 0.889369 0.784144 0.782342 0.898378 0.885766 0.802883 0.801802 0.789910 0.895856
2 0.896254 0.000000 0.934078 0.865994 0.858069 0.532421 0.913905 0.887608 0.884366 0.873199 0.517651
3 0.885045 0.927233 0.000000 0.807873 0.767534 0.923717 0.906103 0.842733 0.831164 0.821403 0.924801
4 0.784865 0.867795 0.813651 0.000000 0.528350 0.860961 0.833514 0.631275 0.592272 0.562658 0.863489
5 0.779099 0.869597 0.783442 0.524377 0.000000 0.855020 0.834236 0.613266 0.599638 0.551050 0.855592
6 0.889730 0.523775 0.924078 0.857349 0.830011 0.000000 0.903936 0.862532 0.860145 0.834902 0.194354
7 0.894775 0.912824 0.902492 0.829541 0.832430 0.907187 0.000000 0.837848 0.860238 0.840737 0.907187
8 0.800360 0.880403 0.837672 0.626580 0.609279 0.860355 0.807873 0.000000 0.678261 0.639030 0.865726
9 0.789910 0.889049 0.821041 0.613940 0.608333 0.880797 0.856266 0.680435 0.000000 0.460174 0.881288
10 0.781622 0.877882 0.826826 0.555796 0.550688 0.862419 0.805345 0.642288 0.458364 0.000000 0.861744
11 0.890450 0.541787 0.926247 0.855182 0.852696 0.194354 0.899242 0.862468 0.873688 0.857763 0.000000
