11
1 0.000000 0.665260 0.713080 0.672996 0.708861 0.690577 0.695499 0.710970 0.706048 0.703235 0.663854
2 0.653305 0.000000 0.618505 0.621352 0.623496 0.593305 0.603854 0.621277 0.665007 0.616976 0.126950
3 0.698312 0.666192 0.000000 0.461210 0.432413 0.479004 0.491815 0.148936 0.406828 0.498221 0.641844
4 0.630802 0.617082 0.495374 0.000000 0.502477 0.417082 0.398576 0.501418 0.490043 0.444128 0.595745
5 0.706751 0.680113 0.403397 0.513093 0.000000 0.522293 0.508139 0.437367 0.259731 0.536447 0.673036
6 0.628692 0.592593 0.459786 0.417794 0.463553 0.000000 0.288462 0.466667 0.450213 0.243590 0.587943
7 0.676512 0.615275 0.474733 0.394306 0.489738 0.321937 0.000000 0.476596 0.456615 0.363766 0.646099
8 0.660338 0.627660 0.146809 0.463121 0.399151 0.480142 0.471631 0.000000 0.381560 0.490071 0.622695
9 0.649789 0.618777 0.380512 0.452347 0.232838 0.455903 0.442390 0.377305 0.000000 0.475818 0.608511
10 0.684951 0.661912 0.508897 0.444840 0.485492 0.278490 0.365906 0.514184 0.490754 0.000000 0.627660
11 0.655415 0.135461 0.668794 0.618440 0.672328 0.626950 0.633333 0.669504 0.657447 0.647518 0.000000
