11
1 0.000000 0.862515 0.870530 0.867139 0.864982 0.863216 0.862207 0.864349 0.871147 0.864982 0.869297
2 0.872072 0.000000 0.876928 0.874152 0.869525 0.871842 0.867983 0.868963 0.870759 0.871376 0.874460
3 0.864982 0.862122 0.000000 0.868258 0.865408 0.860752 0.865699 0.812058 0.869808 0.866091 0.868258
4 0.866523 0.863356 0.870738 0.000000 0.863243 0.867837 0.863847 0.863427 0.869835 0.864548 0.869295
5 0.866215 0.859038 0.869431 0.866646 0.000000 0.865989 0.862303 0.862811 0.869740 0.866708 0.867884
6 0.869378 0.863524 0.869994 0.871534 0.866297 0.000000 0.862292 0.858197 0.869994 0.868454 0.868454
7 0.869605 0.866440 0.871874 0.874035 0.864156 0.869686 0.000000 0.864657 0.873418 0.868868 0.372955
8 0.864349 0.862504 0.776376 0.871424 0.865580 0.857582 0.861889 0.000000 0.868963 0.864965 0.868348
9 0.865906 0.863973 0.868878 0.866729 0.866646 0.865681 0.862921 0.862504 0.000000 0.691145 0.867432
10 0.868372 0.863356 0.870719 0.871027 0.866708 0.866297 0.864857 0.865887 0.671089 0.000000 0.872570
11 0.865290 0.863664 0.871668 0.867743 0.865099 0.866297 0.380056 0.864657 0.869916 0.868251 0.000000
