11
1 0.000000 0.963682 0.962603 0.949658 0.959727 0.955492 0.957569 0.957929 0.960086 0.955052 0.960446
2 0.955412 0.000000 0.908270 0.874549 0.898844 0.791816 0.878963 0.881142 0.911850 0.888009 0.880780
3 0.962244 0.911882 0.000000 0.890050 0.916215 0.905240 0.856268 0.865655 0.871795 0.906734 0.842542
4 0.950018 0.877794 0.890771 0.000000 0.811824 0.868270 0.858790 0.827686 0.883922 0.796903 0.833814
5 0.953973 0.891618 0.906103 0.788032 0.000000 0.886576 0.881844 0.856420 0.899855 0.380987 0.872101
6 0.961953 0.774946 0.904164 0.854630 0.891242 0.000000 0.875090 0.868270 0.900574 0.885858 0.869347
7 0.959008 0.884366 0.862392 0.854467 0.895173 0.887294 0.000000 0.812680 0.845821 0.885848 0.612752
8 0.947501 0.879335 0.854460 0.815429 0.853526 0.870065 0.782781 0.000000 0.835443 0.842636 0.754430
9 0.959727 0.916185 0.881546 0.881038 0.909652 0.901292 0.833213 0.845931 0.000000 0.905654 0.810507
10 0.952175 0.888009 0.911415 0.799064 0.405113 0.893037 0.883327 0.858120 0.911055 0.000000 0.879366
11 0.953614 0.878613 0.842542 0.822999 0.882246 0.873654 0.602666 0.753707 0.817029 0.871084 0.000000
