11
1 0.000000 0.530752 0.523918 0.515909 0.520455 0.515909 0.525000 0.530752 0.519274 0.518100 0.526077
2 0.530752 0.000000 0.492027 0.506818 0.522727 0.515909 0.495455 0.496583 0.507937 0.504525 0.512472
3 0.528474 0.496583 0.000000 0.495455 0.513636 0.522727 0.427273 0.478360 0.498866 0.504525 0.478458
4 0.522727 0.506818 0.495455 0.000000 0.497727 0.497727 0.490909 0.484091 0.464853 0.466063 0.489796
5 0.525000 0.525000 0.515909 0.497727 0.000000 0.425000 0.518182 0.522727 0.505669 0.511312 0.517007
6 0.520455 0.518182 0.522727 0.497727 0.427273 0.000000 0.513636 0.513636 0.505669 0.511312 0.523810
7 0.529545 0.500000 0.429545 0.493182 0.520455 0.515909 0.000000 0.461364 0.482993 0.493213 0.448980
8 0.533030 0.496583 0.478360 0.484091 0.522727 0.515909 0.461364 0.000000 0.496599 0.486425 0.471655
9 0.523810 0.510204 0.501134 0.467120 0.507937 0.507937 0.485261 0.498866 0.000000 0.450226 0.487528
10 0.520362 0.509050 0.504525 0.470588 0.511312 0.509050 0.488688 0.488688 0.450226 0.000000 0.490950
11 0.532880 0.514739 0.480726 0.494331 0.517007 0.528345 0.453515 0.473923 0.494331 0.490950 0.000000
