11
1 0.000000 0.864664 0.864030 0.863524 0.863229 0.866069 0.864932 0.858947 0.871429 0.869606 0.871659
2 0.872097 0.000000 0.129172 0.639248 0.737573 0.731209 0.782595 0.775485 0.816661 0.853825 0.851657
3 0.873609 0.129481 0.000000 0.642021 0.726150 0.722497 0.785538 0.783184 0.803770 0.858467 0.861248
4 0.870918 0.636784 0.648799 0.000000 0.645718 0.657425 0.753851 0.712658 0.770179 0.857055 0.851818
5 0.872800 0.730472 0.735103 0.620764 0.000000 0.221056 0.799321 0.778873 0.817845 0.860142 0.836678
6 0.870399 0.714507 0.719716 0.648799 0.217042 0.000000 0.806062 0.811210 0.836684 0.865141 0.839159
7 0.870198 0.777950 0.794499 0.750462 0.811670 0.823693 0.000000 0.753311 0.779430 0.866791 0.867720
8 0.874038 0.756083 0.748075 0.680628 0.762858 0.748999 0.699415 0.000000 0.766246 0.872806 0.865722
9 0.873603 0.833695 0.822930 0.773567 0.799012 0.829261 0.776332 0.789652 0.000000 0.869916 0.870807
10 0.868053 0.862186 0.860630 0.857055 0.862612 0.862976 0.864002 0.859563 0.866501 0.000000 0.871158
11 0.870727 0.851967 0.850742 0.846272 0.826798 0.824002 0.866171 0.858023 0.864907 0.870227 0.000000
