11
1 0.000000 0.715853 0.618760 0.584202 0.566100 0.555677 0.630828 0.534284 0.601755 0.585847 0.567745
2 0.721887 0.000000 0.632687 0.567703 0.554450 0.538037 0.643174 0.526578 0.617257 0.625967 0.585042
3 0.625891 0.642659 0.000000 0.273130 0.400774 0.342337 0.100831 0.333333 0.420354 0.418232 0.382271
4 0.560066 0.564928 0.273684 0.000000 0.349917 0.276185 0.280244 0.282946 0.398783 0.358011 0.312465
5 0.572134 0.564953 0.405196 0.353787 0.000000 0.341786 0.412383 0.344942 0.334992 0.313812 0.281371
6 0.560066 0.543550 0.348953 0.280595 0.343991 0.000000 0.352260 0.125138 0.366042 0.349504 0.315877
7 0.633571 0.630411 0.100831 0.279689 0.408513 0.346748 0.000000 0.337209 0.435841 0.432597 0.386150
8 0.535930 0.531008 0.346069 0.294574 0.347706 0.121830 0.347176 0.000000 0.366704 0.359669 0.303987
9 0.584202 0.649336 0.425332 0.402655 0.338861 0.365491 0.448009 0.385509 0.000000 0.230387 0.280420
10 0.620406 0.625414 0.432044 0.365193 0.314365 0.347299 0.436464 0.368508 0.221547 0.000000 0.255801
11 0.569940 0.606648 0.385596 0.320776 0.283582 0.313120 0.393352 0.305094 0.275442 0.258011 0.000000
