11
1 0.000000 0.983026 0.979238 0.979415 0.984825 0.972922 0.996745 0.967263 0.974238 0.972932 0.966503
2 0.984476 0.000000 0.795410 0.899116 0.946941 0.981954 0.985221 0.938043 0.850232 0.858859 0.981654
3 0.980532 0.794606 0.000000 0.867883 0.934204 0.977330 0.980669 0.922137 0.797024 0.810917 0.977009
4 0.980140 0.898430 0.867864 0.000000 0.930599 0.976272 0.980395 0.923921 0.776192 0.786143 0.976891
5 0.983982 0.946647 0.932812 0.929599 0.000000 0.981543 0.962890 0.939447 0.904835 0.908840 0.981321
6 0.974430 0.982738 0.977938 0.977311 0.983228 0.000000 0.997649 0.963909 0.970943 0.970649 0.962948
7 0.996236 0.983986 0.979297 0.978494 0.962949 0.996493 0.000000 0.979143 0.969239 0.971854 0.995903
8 0.968243 0.938611 0.923333 0.924980 0.940388 0.964046 0.981220 0.000000 0.892106 0.896452 0.963033
9 0.974787 0.850605 0.797279 0.776761 0.905462 0.971060 0.971101 0.891439 0.000000 0.642219 0.971187
10 0.974108 0.859271 0.811231 0.786280 0.910662 0.971315 0.972873 0.896119 0.642219 0.000000 0.970541
11 0.967287 0.981615 0.977459 0.977283 0.982693 0.962733 0.996629 0.963347 0.970913 0.970913 0.000000
