11
1 0.000000 0.912942 0.902104 0.904384 0.910949 0.908623 0.907840 0.909952 0.900150 0.912106 0.917067
2 0.904968 0.000000 0.474408 0.419686 0.788861 0.515464 0.723852 0.858663 0.601097 0.652736 0.810296
3 0.904257 0.492132 0.000000 0.359636 0.830379 0.441279 0.710618 0.866656 0.599636 0.652642 0.829333
4 0.903888 0.421175 0.372539 0.000000 0.802151 0.390240 0.687841 0.854591 0.537965 0.618693 0.778825
5 0.907792 0.809975 0.812655 0.791729 0.000000 0.810973 0.797779 0.862510 0.724688 0.843284 0.851680
6 0.906297 0.522281 0.445751 0.384615 0.838903 0.000000 0.737776 0.878722 0.640053 0.685075 0.842245
7 0.913807 0.736450 0.720225 0.692308 0.800762 0.741256 0.000000 0.876181 0.443892 0.780209 0.800033
8 0.912112 0.874293 0.869637 0.866501 0.870324 0.877391 0.863584 0.000000 0.823353 0.892869 0.894223
9 0.899651 0.584636 0.588040 0.547395 0.723026 0.630738 0.431129 0.811544 0.000000 0.692869 0.720907
10 0.913765 0.653566 0.664237 0.623987 0.848425 0.682255 0.761147 0.889552 0.682587 0.000000 0.850356
11 0.918060 0.815428 0.813110 0.775021 0.870882 0.845721 0.798212 0.898361 0.720907 0.843569 0.000000
