11
1 0.000000 0.821932 0.820334 0.810323 0.806099 0.666868 0.736554 0.821222 0.761653 0.809684 0.799247
2 0.815222 0.000000 0.842432 0.192895 0.167259 0.647291 0.761839 0.804568 0.784694 0.779893 0.354933
3 0.824736 0.846908 0.000000 0.840905 0.837921 0.700742 0.563279 0.846056 0.468121 0.827338 0.836394
4 0.824097 0.194458 0.840692 0.000000 0.194600 0.638544 0.750693 0.782439 0.770231 0.787350 0.361492
5 0.830061 0.168609 0.845203 0.194671 0.000000 0.641639 0.765368 0.784428 0.787115 0.796655 0.354080
6 0.673755 0.642172 0.702376 0.642451 0.634390 0.000000 0.592126 0.633929 0.603085 0.581342 0.640058
7 0.729028 0.751067 0.561290 0.739361 0.754779 0.586650 0.000000 0.765815 0.444547 0.753045 0.770329
8 0.821435 0.768302 0.840656 0.779526 0.800128 0.640820 0.773950 0.000000 0.796292 0.781597 0.803360
9 0.765203 0.754834 0.469897 0.767815 0.762277 0.606747 0.447675 0.774766 0.000000 0.747576 0.764112
10 0.801661 0.776199 0.818815 0.779609 0.781917 0.572570 0.743066 0.778437 0.754040 0.000000 0.778117
11 0.813802 0.354258 0.846553 0.360995 0.351771 0.632456 0.771537 0.801975 0.782692 0.778721 0.000000
