11
1 0.000000 0.828713 0.827888 0.828713 0.829027 0.825740 0.825608 0.824915 0.834156 0.829916 0.829407
2 0.827573 0.000000 0.739461 0.348652 0.763768 0.517464 0.743259 0.605773 0.759772 0.261959 0.746297
3 0.826368 0.739461 0.000000 0.744778 0.759119 0.747153 0.503799 0.743259 0.682732 0.745254 0.674772
4 0.827573 0.348652 0.744398 0.000000 0.766426 0.515186 0.744018 0.599696 0.763567 0.366363 0.750855
5 0.829027 0.765667 0.759119 0.767186 0.000000 0.758542 0.754179 0.767186 0.780266 0.768033 0.758739
6 0.824222 0.518223 0.747532 0.515945 0.758542 0.000000 0.748671 0.604404 0.763567 0.539104 0.746773
7 0.825228 0.742879 0.504179 0.744398 0.753419 0.748292 0.000000 0.750095 0.670968 0.747153 0.666413
8 0.824535 0.605773 0.744018 0.600456 0.767186 0.604784 0.750855 0.000000 0.771158 0.616553 0.755792
9 0.837571 0.761290 0.684250 0.765465 0.780645 0.764326 0.671727 0.772296 0.000000 0.770019 0.659962
10 0.829157 0.261579 0.745634 0.366363 0.766515 0.538345 0.748292 0.616173 0.768880 0.000000 0.753986
11 0.825988 0.745537 0.674772 0.749715 0.756839 0.745254 0.666033 0.753133 0.658824 0.752847 0.000000
