11
1 0.000000 0.373942 0.357751 0.263605 0.268581 0.364566 0.388416 0.283305 0.291737 0.286195 0.363790
2 0.390863 0.000000 0.368866 0.318105 0.319257 0.177665 0.385787 0.317032 0.322091 0.326599 0.153976
3 0.357751 0.373942 0.000000 0.270408 0.258446 0.366269 0.373083 0.310287 0.300169 0.279461 0.365482
4 0.273810 0.319797 0.272109 0.000000 0.141892 0.285714 0.297619 0.190556 0.187184 0.171717 0.291032
5 0.282095 0.331081 0.263514 0.148649 0.000000 0.295608 0.317568 0.193929 0.183811 0.170034 0.312500
6 0.378194 0.170897 0.366269 0.285714 0.288851 0.000000 0.389078 0.306914 0.308600 0.306397 0.098139
7 0.374787 0.384095 0.364566 0.295918 0.307432 0.383959 0.000000 0.315346 0.323777 0.323232 0.382403
8 0.286678 0.320405 0.306914 0.193929 0.188870 0.303541 0.320405 0.000000 0.210793 0.202020 0.310287
9 0.308600 0.328836 0.298482 0.188870 0.182125 0.310287 0.335582 0.209106 0.000000 0.129630 0.301855
10 0.297980 0.333333 0.282828 0.180135 0.171717 0.321549 0.333333 0.203704 0.132997 0.000000 0.311448
11 0.379019 0.155668 0.368866 0.289340 0.300676 0.108291 0.394247 0.308600 0.305228 0.308081 0.000000
