11
1 0.000000 0.671958 0.671958 0.674603 0.671958 0.671958 0.671958 0.671958 0.671958 0.670185 0.666667
2 0.671958 0.000000 0.673740 0.673740 0.673740 0.671958 0.671088 0.674603 0.671958 0.672823 0.671958
3 0.671958 0.673740 0.000000 0.671088 0.673740 0.666667 0.673740 0.645503 0.671958 0.672823 0.674603
4 0.671958 0.668435 0.668435 0.000000 0.668435 0.671958 0.665783 0.671958 0.669312 0.670185 0.671958
5 0.671958 0.673740 0.671088 0.668435 0.000000 0.669312 0.673740 0.669312 0.669312 0.670185 0.671958
6 0.671958 0.671958 0.661376 0.671958 0.669312 0.000000 0.671958 0.669312 0.666667 0.670185 0.671958
7 0.671958 0.671088 0.671088 0.668435 0.668435 0.669312 0.000000 0.666667 0.666667 0.670185 0.582011
8 0.669312 0.674603 0.645503 0.671958 0.671958 0.664021 0.669312 0.000000 0.671958 0.672823 0.669312
9 0.671958 0.671958 0.671958 0.671958 0.671958 0.669312 0.671958 0.671958 0.000000 0.625330 0.669312
10 0.670185 0.675462 0.675462 0.672823 0.672823 0.672823 0.672823 0.672823 0.625330 0.000000 0.667546
11 0.664021 0.669312 0.674603 0.669312 0.669312 0.669312 0.579365 0.669312 0.669312 0.667546 0.000000
