11
1 0.000000 0.819315 0.803738 0.819315 0.818750 0.820755 0.798137 0.807453 0.809969 0.804954 0.808642
2 0.869159 0.000000 0.794393 0.806854 0.769470 0.797508 0.798137 0.804348 0.816199 0.786378 0.481481
3 0.825545 0.781931 0.000000 0.744548 0.507788 0.775701 0.552795 0.757764 0.766355 0.538700 0.783951
4 0.844237 0.803738 0.753894 0.000000 0.753894 0.797508 0.767081 0.639752 0.616822 0.724458 0.796296
5 0.853125 0.772586 0.520249 0.778816 0.000000 0.806250 0.627329 0.801242 0.806854 0.489164 0.783951
6 0.833333 0.788162 0.778816 0.785047 0.790625 0.000000 0.788820 0.773292 0.760125 0.786378 0.762346
7 0.838509 0.810559 0.571429 0.804348 0.580745 0.795031 0.000000 0.804348 0.791925 0.619195 0.802469
8 0.844720 0.813665 0.776398 0.649068 0.788820 0.791925 0.776398 0.000000 0.493789 0.767802 0.793210
9 0.828660 0.816199 0.766355 0.607477 0.781931 0.757009 0.770186 0.484472 0.000000 0.764706 0.793210
10 0.829721 0.780186 0.541796 0.721362 0.476780 0.789474 0.594427 0.764706 0.777090 0.000000 0.771605
11 0.845679 0.484568 0.805556 0.811728 0.796296 0.793210 0.793210 0.796296 0.805556 0.796296 0.000000
