11
1 0.000000 0.935339 0.944206 0.949891 0.940227 0.952150 0.936544 0.939837 0.936494 0.926641 0.940400
2 0.935260 0.000000 0.890478 0.899106 0.884901 0.908946 0.669210 0.882774 0.461233 0.848832 0.883304
3 0.944365 0.890677 0.000000 0.601232 0.735018 0.879391 0.890611 0.835724 0.893896 0.781354 0.838565
4 0.949652 0.899225 0.601113 0.000000 0.765428 0.892907 0.903405 0.854321 0.901848 0.806358 0.858312
5 0.940426 0.885140 0.734899 0.765468 0.000000 0.877906 0.893154 0.837314 0.890395 0.772016 0.836578
6 0.951951 0.908907 0.878954 0.892470 0.877668 0.000000 0.915206 0.875859 0.913444 0.835956 0.878020
7 0.936623 0.669289 0.890849 0.903922 0.892995 0.915485 0.000000 0.894028 0.680017 0.861008 0.896496
8 0.940115 0.882813 0.835804 0.854759 0.837433 0.875979 0.893789 0.000000 0.887145 0.644347 0.384377
9 0.936454 0.461352 0.894055 0.901927 0.890673 0.913643 0.680216 0.887185 0.000000 0.855548 0.888271
10 0.927039 0.848752 0.781195 0.806318 0.772055 0.836075 0.860849 0.644228 0.855230 0.000000 0.649476
11 0.940997 0.883423 0.838326 0.858392 0.836578 0.878497 0.896496 0.384417 0.888231 0.649634 0.000000
