11
1 0.000000 0.311187 0.307169 0.337763 0.307169 0.307787 0.288010 0.325093 0.296663 0.301298 0.309023
2 0.310878 0.000000 0.252952 0.238095 0.259720 0.117464 0.144806 0.234056 0.256211 0.253560 0.263617
3 0.296354 0.251088 0.000000 0.284027 0.066812 0.246426 0.230078 0.275232 0.096584 0.111146 0.105034
4 0.330655 0.234360 0.282474 0.000000 0.287092 0.236172 0.217674 0.147059 0.280124 0.282663 0.286515
5 0.294808 0.259098 0.065258 0.291757 0.000000 0.251088 0.232558 0.283901 0.097205 0.114241 0.105132
6 0.297899 0.116221 0.247980 0.236172 0.251398 0.000000 0.146357 0.230031 0.251242 0.248916 0.254817
7 0.288319 0.149457 0.234109 0.225736 0.235659 0.148217 0.000000 0.218266 0.235039 0.232198 0.242171
8 0.326638 0.240867 0.282663 0.153870 0.293189 0.236223 0.217337 0.000000 0.287616 0.275851 0.293189
9 0.296663 0.254969 0.098137 0.288199 0.101553 0.249689 0.233178 0.280805 0.000000 0.108978 0.097826
10 0.300680 0.260681 0.116718 0.291022 0.121053 0.252632 0.237152 0.273375 0.115480 0.000000 0.126316
11 0.305315 0.262994 0.104413 0.292744 0.105754 0.255438 0.239380 0.288235 0.093478 0.119505 0.000000
