11
1 0.000000 0.356818 0.388636 0.340909 0.394558 0.419501 0.352273 0.365909 0.386364 0.360544 0.342404
2 0.354545 0.000000 0.372727 0.102273 0.369615 0.392290 0.104545 0.356818 0.395455 0.328798 0.297052
3 0.388636 0.372727 0.000000 0.384091 0.401361 0.417234 0.386364 0.134091 0.415909 0.276644 0.365079
4 0.340909 0.102273 0.384091 0.000000 0.385488 0.401361 0.054545 0.370455 0.400000 0.326531 0.269841
5 0.396825 0.369615 0.401361 0.387755 0.000000 0.247166 0.392290 0.371882 0.294785 0.371882 0.349206
6 0.419501 0.394558 0.421769 0.403628 0.251701 0.000000 0.412698 0.405896 0.297052 0.378685 0.380952
7 0.350000 0.106818 0.388636 0.054545 0.390023 0.408163 0.000000 0.377273 0.404545 0.333333 0.285714
8 0.363636 0.354545 0.134091 0.368182 0.369615 0.401361 0.375000 0.000000 0.390909 0.242630 0.353741
9 0.388636 0.397727 0.413636 0.402273 0.292517 0.294785 0.406818 0.395455 0.000000 0.371882 0.380952
10 0.360544 0.328798 0.276644 0.326531 0.371882 0.376417 0.335601 0.242630 0.369615 0.000000 0.358277
11 0.342404 0.303855 0.369615 0.274376 0.353741 0.385488 0.287982 0.360544 0.390023 0.358277 0.000000
