11
1 0.000000 0.668435 0.668435 0.671088 0.669312 0.668435 0.671088 0.666667 0.671088 0.664908 0.666667
2 0.668435 0.000000 0.665783 0.668435 0.666667 0.671088 0.671088 0.671958 0.671088 0.667546 0.669312
3 0.671088 0.671088 0.000000 0.660477 0.640212 0.663130 0.663130 0.658730 0.660477 0.667546 0.640212
4 0.671088 0.668435 0.652520 0.000000 0.653439 0.657825 0.655172 0.650794 0.652520 0.664908 0.653439
5 0.669312 0.666667 0.642857 0.656085 0.000000 0.661376 0.664021 0.661376 0.664021 0.664908 0.650794
6 0.668435 0.668435 0.660477 0.668435 0.664021 0.000000 0.610080 0.629630 0.636605 0.670185 0.669312
7 0.671088 0.671088 0.663130 0.660477 0.664021 0.602122 0.000000 0.574074 0.551724 0.667546 0.664021
8 0.669312 0.671958 0.658730 0.656085 0.658730 0.616402 0.574074 0.000000 0.605820 0.664908 0.656085
9 0.671088 0.671088 0.663130 0.663130 0.666667 0.636605 0.554377 0.608466 0.000000 0.656992 0.669312
10 0.667546 0.670185 0.664908 0.672823 0.667546 0.670185 0.667546 0.659631 0.654354 0.000000 0.656992
11 0.666667 0.674603 0.645503 0.664021 0.658730 0.669312 0.666667 0.658730 0.666667 0.659631 0.000000
