11
1 0.000000 0.951875 0.958007 0.953901 0.952550 0.963094 0.957717 0.953868 0.959459 0.956890 0.964209
2 0.970276 0.000000 0.961783 0.950460 0.953999 0.907289 0.949260 0.937013 0.947629 0.953357 0.967445
3 0.958719 0.956829 0.000000 0.871631 0.909348 0.959546 0.899225 0.948900 0.959459 0.838163 0.835587
4 0.957447 0.939137 0.876596 0.000000 0.865439 0.948936 0.855532 0.940426 0.947518 0.874205 0.892199
5 0.957507 0.942675 0.896601 0.838527 0.000000 0.947592 0.895701 0.944759 0.955382 0.896820 0.904391
6 0.964514 0.905166 0.963094 0.950355 0.946884 0.000000 0.946441 0.916253 0.938254 0.958304 0.971611
7 0.963354 0.947851 0.904863 0.867512 0.902044 0.949965 0.000000 0.945032 0.957012 0.905567 0.926004
8 0.965933 0.927813 0.951739 0.946099 0.950425 0.907736 0.940803 0.000000 0.944642 0.952650 0.960256
9 0.967283 0.945506 0.969417 0.950355 0.963173 0.939674 0.956307 0.951739 0.000000 0.961837 0.974395
10 0.966078 0.952650 0.853710 0.879859 0.916608 0.968198 0.913319 0.952650 0.961131 0.000000 0.371731
11 0.959198 0.953291 0.844128 0.877305 0.912181 0.961675 0.898520 0.943932 0.963016 0.322968 0.000000
