11
1 0.000000 0.752445 0.754000 0.788773 0.754403 0.752776 0.730995 0.780994 0.757190 0.759930 0.760861
2 0.754365 0.000000 0.670551 0.643119 0.669295 0.336363 0.413063 0.629617 0.672062 0.672885 0.679619
3 0.755214 0.670786 0.000000 0.721294 0.175656 0.671667 0.634907 0.712344 0.288616 0.347271 0.305047
4 0.788125 0.641610 0.719864 0.000000 0.720861 0.644051 0.602215 0.429781 0.722077 0.721973 0.727902
5 0.757006 0.670626 0.176125 0.723209 0.000000 0.671194 0.636262 0.712211 0.282387 0.346497 0.301389
6 0.754951 0.337068 0.671608 0.645676 0.670411 0.000000 0.412790 0.630908 0.675154 0.673568 0.681951
7 0.732719 0.412867 0.634320 0.603802 0.634481 0.412203 0.000000 0.585780 0.637178 0.639180 0.646464
8 0.782229 0.629363 0.711717 0.431388 0.710528 0.630379 0.585388 0.000000 0.713087 0.714272 0.719005
9 0.757465 0.671298 0.287284 0.722430 0.280254 0.673705 0.636668 0.713009 0.000000 0.348886 0.268081
10 0.760714 0.672650 0.346918 0.723776 0.345225 0.672882 0.639788 0.714703 0.349709 0.000000 0.368879
11 0.761409 0.679737 0.304714 0.729234 0.300607 0.681089 0.647169 0.719534 0.268904 0.369016 0.000000
