11
1 0.000000 0.969974 0.965982 0.964820 0.966563 0.967754 0.967648 0.969865 0.972149 0.965189 0.964610
2 0.971947 0.000000 0.967420 0.966259 0.968387 0.919154 0.968426 0.943352 0.961268 0.967278 0.965616
3 0.965169 0.964518 0.000000 0.905299 0.933245 0.959519 0.935089 0.961227 0.969709 0.876112 0.873139
4 0.963735 0.962196 0.904873 0.000000 0.882811 0.956271 0.865912 0.959019 0.969825 0.916299 0.914098
5 0.967726 0.966491 0.933284 0.884246 0.000000 0.961375 0.927082 0.963822 0.969941 0.937456 0.936763
6 0.970229 0.920198 0.963385 0.960060 0.964971 0.000000 0.965087 0.921281 0.950781 0.963424 0.962303
7 0.965788 0.963937 0.935050 0.866144 0.925260 0.960447 0.000000 0.962312 0.969438 0.939081 0.938232
8 0.970485 0.942540 0.963009 0.960607 0.964829 0.919115 0.965217 0.000000 0.963357 0.963371 0.962831
9 0.972808 0.960416 0.971723 0.971413 0.970677 0.948693 0.972536 0.962467 0.000000 0.968864 0.968865
10 0.967355 0.967123 0.879206 0.918581 0.939545 0.961646 0.941982 0.963565 0.970682 0.000000 0.355908
11 0.966738 0.966351 0.876852 0.917540 0.938774 0.961762 0.941907 0.963875 0.970605 0.355018 0.000000
