11
1 0.000000 0.879502 0.878334 0.890014 0.897216 0.880475 0.877360 0.884174 0.878918 0.882078 0.876654
2 0.880086 0.000000 0.828499 0.671988 0.874246 0.715009 0.825579 0.840568 0.833366 0.640981 0.829377
3 0.877944 0.827331 0.000000 0.832132 0.865460 0.824411 0.703213 0.840537 0.397703 0.821561 0.369066
4 0.889430 0.671404 0.830769 0.000000 0.880841 0.735838 0.831938 0.851051 0.837843 0.633003 0.834436
5 0.897800 0.874246 0.864875 0.882204 0.000000 0.873272 0.871690 0.863318 0.864902 0.870403 0.861673
6 0.880475 0.714425 0.823827 0.735643 0.873272 0.000000 0.827526 0.846019 0.826747 0.705001 0.823735
7 0.877944 0.826163 0.702824 0.833885 0.871495 0.827136 0.000000 0.843069 0.706249 0.825063 0.704280
8 0.884368 0.840958 0.839953 0.850857 0.863123 0.846214 0.843263 0.000000 0.840763 0.846274 0.843191
9 0.878139 0.832198 0.397898 0.839984 0.864902 0.827720 0.706249 0.840179 0.000000 0.822534 0.389883
10 0.882662 0.641175 0.821950 0.632419 0.871376 0.705196 0.825452 0.846274 0.823701 0.000000 0.821401
11 0.876459 0.830156 0.370428 0.837549 0.863230 0.825486 0.704475 0.844553 0.390856 0.822568 0.000000
