11
1 0.000000 0.575000 0.579545 0.581818 0.577273 0.580499 0.577273 0.581818 0.575000 0.580499 0.577273
2 0.575000 0.000000 0.531818 0.506818 0.559091 0.528345 0.561364 0.575000 0.561364 0.564626 0.575000
3 0.579545 0.522727 0.000000 0.479545 0.575000 0.530612 0.569476 0.576310 0.568182 0.562358 0.579545
4 0.581818 0.502273 0.481818 0.000000 0.572727 0.498866 0.563636 0.577273 0.563636 0.560091 0.575000
5 0.577273 0.559091 0.572727 0.575000 0.000000 0.566893 0.565909 0.579545 0.563636 0.573696 0.570455
6 0.582766 0.526077 0.532880 0.505669 0.573696 0.000000 0.564626 0.580499 0.560091 0.566893 0.580499
7 0.577273 0.561364 0.569476 0.563636 0.565909 0.560091 0.000000 0.574032 0.506818 0.578231 0.570455
8 0.581818 0.572727 0.576310 0.577273 0.577273 0.575964 0.571754 0.000000 0.565909 0.578231 0.577273
9 0.577273 0.563636 0.568182 0.561364 0.565909 0.564626 0.511364 0.570455 0.000000 0.569161 0.570455
10 0.580499 0.564626 0.566893 0.557823 0.573696 0.569161 0.575964 0.578231 0.569161 0.000000 0.575964
11 0.579545 0.579545 0.579545 0.579545 0.572727 0.575964 0.575000 0.579545 0.572727 0.578231 0.000000
