11
1 0.000000 0.171446 0.165725 0.181554 0.155166 0.192161 0.192489 0.199687 0.171162 0.198806 0.166027
2 0.170309 0.000000 0.110732 0.141295 0.108762 0.151153 0.161936 0.155202 0.128810 0.151970 0.123411
3 0.164801 0.110625 0.000000 0.134550 0.100092 0.143974 0.155931 0.147278 0.120831 0.144325 0.116486
4 0.182228 0.143070 0.135508 0.000000 0.110054 0.141260 0.176051 0.174418 0.143035 0.171400 0.136609
5 0.155948 0.110112 0.101265 0.108989 0.000000 0.120487 0.144669 0.143938 0.109508 0.141700 0.104127
6 0.190669 0.151615 0.144116 0.140479 0.119883 0.000000 0.182897 0.181922 0.150407 0.178839 0.146033
7 0.193413 0.164316 0.157530 0.175163 0.144527 0.182826 0.000000 0.192987 0.161296 0.191104 0.155622
8 0.198977 0.156339 0.148024 0.173566 0.144009 0.181637 0.192028 0.000000 0.160176 0.047079 0.156119
9 0.170238 0.129379 0.120226 0.141295 0.108371 0.150052 0.160443 0.160070 0.000000 0.156699 0.082783
10 0.197029 0.152894 0.144325 0.170335 0.140812 0.178200 0.188901 0.045942 0.156628 0.000000 0.152248
11 0.166205 0.125080 0.117231 0.135934 0.104979 0.146992 0.155799 0.156368 0.083884 0.153029 0.000000
