11
1 0.000000 0.995430 0.995391 0.995152 0.995113 0.995430 0.995232 0.995271 0.995509 0.995351 0.995192
2 0.995430 0.000000 0.984225 0.993840 0.985578 0.993919 0.993484 0.985214 0.994118 0.993961 0.961057
3 0.995391 0.984384 0.000000 0.994715 0.871355 0.993682 0.992372 0.863194 0.993007 0.994676 0.980530
4 0.995231 0.993959 0.994517 0.000000 0.994676 0.995350 0.992689 0.994754 0.993363 0.940681 0.994318
5 0.995034 0.985658 0.871434 0.994716 0.000000 0.993286 0.993206 0.879499 0.993166 0.994676 0.983870
6 0.995470 0.993800 0.993404 0.995350 0.993166 0.000000 0.993603 0.994476 0.993999 0.994597 0.993920
7 0.995193 0.993484 0.992372 0.992689 0.993286 0.993842 0.000000 0.993087 0.991418 0.993166 0.993722
8 0.995152 0.985095 0.863035 0.994476 0.879301 0.994277 0.992689 0.000000 0.993244 0.994279 0.982754
9 0.995549 0.993999 0.993205 0.993562 0.993365 0.994118 0.991219 0.993522 0.000000 0.993325 0.993165
10 0.995391 0.994159 0.994716 0.940482 0.994676 0.994676 0.993047 0.994517 0.993285 0.000000 0.994438
11 0.995152 0.960779 0.980451 0.994159 0.984148 0.994000 0.993762 0.982953 0.993046 0.994318 0.000000
