11
1 0.000000 0.310744 0.295868 0.336088 0.301928 0.309642 0.291690 0.334986 0.300661 0.306336 0.299174
2 0.314050 0.000000 0.267512 0.246273 0.271271 0.132337 0.156302 0.235327 0.272026 0.270764 0.270270
3 0.300826 0.260342 0.000000 0.294539 0.074462 0.257033 0.237755 0.293436 0.100771 0.126310 0.110866
4 0.336088 0.241855 0.290127 0.000000 0.295969 0.238542 0.221244 0.149641 0.285242 0.298730 0.294539
5 0.304132 0.264088 0.071704 0.303700 0.000000 0.260221 0.239406 0.301657 0.106278 0.137017 0.117485
6 0.307989 0.126800 0.252068 0.233573 0.254144 0.000000 0.148597 0.231025 0.259912 0.258029 0.257033
7 0.292790 0.157953 0.237755 0.221244 0.239406 0.157953 0.000000 0.222895 0.235003 0.244359 0.242708
8 0.333333 0.228682 0.286266 0.147432 0.292818 0.234903 0.212988 0.000000 0.286894 0.285714 0.288472
9 0.311674 0.270374 0.105727 0.294604 0.114537 0.263216 0.231701 0.296806 0.000000 0.131608 0.099119
10 0.313499 0.265781 0.126310 0.302595 0.135912 0.260244 0.244359 0.295681 0.126101 0.000000 0.132377
11 0.304132 0.266409 0.113072 0.291230 0.119140 0.264755 0.237204 0.298400 0.099119 0.141754 0.000000
