11
1 0.000000 1.005567 1.004896 1.005917 1.005969 1.008157 1.007648 1.008000 1.005794 1.007997 1.006229
2 1.006136 0.000000 0.355318 0.959857 0.981700 0.983553 0.989160 0.985494 0.991407 0.999706 0.997532
3 1.006325 0.356845 0.000000 0.959817 0.981583 0.983257 0.988407 0.984648 0.991407 0.999785 0.996769
4 1.006406 0.960328 0.959210 0.000000 0.958156 0.962796 0.979488 0.973826 0.982755 0.998354 0.991596
5 1.007163 0.983364 0.982151 0.958860 0.000000 0.593729 0.991741 0.988590 0.993385 1.002329 0.991467
6 1.007883 0.983259 0.981926 0.961640 0.591909 0.000000 0.991352 0.989706 0.992640 1.002783 0.991949
7 1.007746 0.988180 0.987056 0.978175 0.988355 0.990666 0.000000 0.973550 0.982344 1.003763 1.000313
8 1.007059 0.984906 0.982924 0.973650 0.986104 0.989941 0.974099 0.000000 0.978057 1.002548 0.999158
9 1.007673 0.993501 0.992288 0.985750 0.994853 0.995322 0.983871 0.980622 0.000000 1.005285 1.002388
10 1.007899 1.000706 0.999726 0.998335 1.000881 1.002724 1.004253 1.004332 1.003778 0.000000 1.004329
11 1.008501 0.998237 0.997474 0.992380 0.991056 0.993301 1.001293 1.000098 1.000900 1.005367 0.000000
