11
1 0.000000 0.913852 0.904292 0.892179 0.917205 0.913787 0.916445 0.913027 0.913027 0.913819 0.905467
2 0.914990 0.000000 0.903985 0.896395 0.926376 0.920683 0.913093 0.907400 0.615560 0.919924 0.912334
3 0.900494 0.904744 0.000000 0.797267 0.883783 0.878466 0.851500 0.832510 0.905811 0.875095 0.851936
4 0.890281 0.896774 0.799544 0.000000 0.877752 0.862187 0.834852 0.824222 0.894457 0.857631 0.802202
5 0.918724 0.927135 0.885302 0.878132 0.000000 0.726927 0.902013 0.893278 0.924801 0.722475 0.894457
6 0.914546 0.919924 0.880365 0.861807 0.728067 0.000000 0.895177 0.888720 0.917205 0.409643 0.881549
7 0.917584 0.913852 0.854159 0.834093 0.901633 0.895177 0.000000 0.782378 0.912647 0.895216 0.874715
8 0.912267 0.906262 0.833650 0.823842 0.890239 0.889100 0.782757 0.000000 0.908055 0.889901 0.866363
9 0.912267 0.615180 0.906570 0.893698 0.924421 0.917205 0.913407 0.909195 0.000000 0.918375 0.911541
10 0.913819 0.922581 0.876613 0.858770 0.722855 0.410023 0.895596 0.891040 0.919894 0.000000 0.881929
11 0.905467 0.909677 0.852316 0.802961 0.893698 0.881549 0.872437 0.864085 0.910023 0.882308 0.000000
