11
1 0.000000 0.179778 0.174797 0.178952 0.179079 0.187122 0.184844 0.175676 0.192780 0.176806 0.174113
2 0.180459 0.000000 0.170959 0.040365 0.174885 0.184080 0.048735 0.171766 0.188955 0.172626 0.143464
3 0.174851 0.169956 0.000000 0.167871 0.159940 0.169158 0.174471 0.051205 0.176441 0.099252 0.165002
4 0.179203 0.039917 0.168750 0.000000 0.172426 0.181696 0.037422 0.169323 0.186358 0.170328 0.140813
5 0.179312 0.173720 0.160335 0.172157 0.000000 0.099458 0.178038 0.160999 0.108971 0.162129 0.168320
6 0.186602 0.182037 0.169051 0.180154 0.098920 0.000000 0.185961 0.168767 0.107429 0.171010 0.176875
7 0.179623 0.042767 0.169266 0.031648 0.173214 0.181941 0.000000 0.169653 0.186987 0.168107 0.142386
8 0.175317 0.169328 0.050810 0.168086 0.160192 0.169269 0.173961 0.000000 0.176190 0.098883 0.164500
9 0.193174 0.187987 0.176925 0.185426 0.108989 0.108236 0.191972 0.176800 0.000000 0.178270 0.182844
10 0.173433 0.168217 0.096093 0.166777 0.158793 0.167762 0.170537 0.095957 0.174504 0.000000 0.162150
11 0.174382 0.142604 0.165755 0.140813 0.168894 0.177341 0.147605 0.165396 0.182575 0.166329 0.000000
