11
1 0.000000 0.961351 0.962761 0.961037 0.962898 0.956375 0.960589 0.961939 0.961684 0.963133 0.960959
2 0.960881 0.000000 0.932854 0.928711 0.935167 0.923953 0.930541 0.931011 0.930748 0.936598 0.561343
3 0.959882 0.931011 0.000000 0.887824 0.645690 0.921202 0.660366 0.890482 0.891360 0.660182 0.930769
4 0.960606 0.928006 0.889118 0.000000 0.888863 0.916578 0.881043 0.740543 0.735514 0.890725 0.927535
5 0.962487 0.934010 0.646023 0.889157 0.000000 0.922045 0.669337 0.892717 0.891184 0.556695 0.933651
6 0.956140 0.924326 0.922300 0.917108 0.922771 0.000000 0.917104 0.919849 0.917540 0.922163 0.924496
7 0.960726 0.931266 0.662991 0.882923 0.671296 0.917731 0.000000 0.886273 0.886782 0.680326 0.930737
8 0.960920 0.928482 0.890658 0.739955 0.892443 0.918614 0.884471 0.000000 0.560855 0.893462 0.928867
9 0.961723 0.929866 0.893574 0.735945 0.892262 0.917070 0.886430 0.561717 0.000000 0.895279 0.929729
10 0.962095 0.935559 0.660849 0.891156 0.556303 0.922045 0.678171 0.894384 0.894456 0.000000 0.935808
11 0.959647 0.560520 0.932612 0.927614 0.934788 0.923614 0.929915 0.929867 0.929670 0.936768 0.000000
