11
1 0.000000 0.937125 0.928181 0.945351 0.943539 0.938146 0.939026 0.931398 0.941918 0.926781 0.936226
2 0.931086 0.000000 0.930453 0.946005 0.944498 0.894071 0.947604 0.902261 0.946391 0.921206 0.934238
3 0.927222 0.938263 0.000000 0.927151 0.918773 0.931980 0.921755 0.935479 0.918880 0.907306 0.921045
4 0.940198 0.942027 0.921826 0.000000 0.744185 0.946815 0.642059 0.947368 0.743246 0.930012 0.942263
5 0.935159 0.946877 0.918063 0.736657 0.000000 0.942651 0.765385 0.939348 0.450882 0.928627 0.946559
6 0.938857 0.892118 0.929885 0.947810 0.946415 0.000000 0.945536 0.902474 0.949409 0.925431 0.941410
7 0.940198 0.943554 0.920513 0.648677 0.769681 0.948343 0.000000 0.953118 0.765754 0.928237 0.942973
8 0.936544 0.905810 0.935479 0.951095 0.946339 0.907939 0.953082 0.000000 0.955389 0.926252 0.945771
9 0.942841 0.943941 0.919270 0.754784 0.452480 0.946711 0.772855 0.946517 0.000000 0.936770 0.945539
10 0.925218 0.928769 0.907519 0.937824 0.934593 0.928592 0.927171 0.934095 0.935918 0.000000 0.784142
11 0.935622 0.933989 0.925270 0.944819 0.947127 0.941410 0.944074 0.943642 0.942450 0.781621 0.000000
