11
1 0.000000 0.896398 0.905741 0.913846 0.902169 0.914275 0.896537 0.902549 0.896466 0.888236 0.901981
2 0.896514 0.000000 0.841253 0.855020 0.837245 0.864400 0.616101 0.836280 0.412665 0.799327 0.835835
3 0.906321 0.842490 0.000000 0.551015 0.684438 0.831563 0.843511 0.785154 0.846091 0.729441 0.789059
4 0.912879 0.854826 0.548231 0.000000 0.713777 0.844814 0.857850 0.805176 0.856066 0.755394 0.808177
5 0.903600 0.839411 0.682853 0.715750 0.000000 0.829863 0.847028 0.787131 0.843578 0.720544 0.786977
6 0.917443 0.866950 0.832992 0.848600 0.831099 0.000000 0.873208 0.830674 0.871045 0.788294 0.832683
7 0.898122 0.617763 0.843472 0.858700 0.846796 0.870736 0.000000 0.847762 0.626304 0.813597 0.849888
8 0.902975 0.836551 0.784651 0.806143 0.785971 0.829477 0.846873 0.000000 0.840176 0.593563 0.341830
9 0.897626 0.416067 0.846594 0.856336 0.843694 0.869731 0.626073 0.840254 0.000000 0.806348 0.840834
10 0.886456 0.799520 0.726155 0.755510 0.717722 0.784702 0.811046 0.591899 0.803680 0.000000 0.596743
11 0.903257 0.837266 0.787667 0.810885 0.786242 0.831601 0.849501 0.341289 0.840022 0.598522 0.000000
