11
1 0.000000 0.673740 0.673740 0.673740 0.673740 0.673740 0.673740 0.673740 0.673740 0.670185 0.668435
2 0.673740 0.000000 0.663130 0.671088 0.668435 0.671088 0.660477 0.668435 0.671088 0.670185 0.665783
3 0.673740 0.660477 0.000000 0.652520 0.652520 0.663130 0.663130 0.652520 0.663130 0.670185 0.639257
4 0.673740 0.668435 0.655172 0.000000 0.578249 0.660477 0.668435 0.655172 0.671088 0.670185 0.657825
5 0.673740 0.668435 0.652520 0.580902 0.000000 0.663130 0.665783 0.657825 0.676393 0.672823 0.657825
6 0.673740 0.671088 0.665783 0.663130 0.663130 0.000000 0.671088 0.663130 0.668435 0.672823 0.668435
7 0.668435 0.655172 0.663130 0.665783 0.663130 0.665783 0.000000 0.665783 0.668435 0.664908 0.660477
8 0.673740 0.668435 0.655172 0.657825 0.657825 0.660477 0.668435 0.000000 0.663130 0.672823 0.644562
9 0.673740 0.671088 0.668435 0.671088 0.676393 0.668435 0.671088 0.668435 0.000000 0.672823 0.665783
10 0.672823 0.670185 0.672823 0.670185 0.672823 0.667546 0.667546 0.672823 0.675462 0.000000 0.667546
11 0.668435 0.663130 0.636605 0.652520 0.655172 0.665783 0.660477 0.641910 0.663130 0.664908 0.000000
