11
1 0.000000 0.844512 0.846154 0.885802 0.858025 0.820122 0.848765 0.851852 0.848765 0.870370 0.845679
2 0.832317 0.000000 0.807927 0.841463 0.585366 0.810976 0.780488 0.829268 0.832317 0.606707 0.847561
3 0.846154 0.820122 0.000000 0.849231 0.830769 0.817073 0.840000 0.843077 0.830769 0.846154 0.849231
4 0.833333 0.792683 0.787692 0.000000 0.805556 0.817073 0.799383 0.835404 0.364780 0.830189 0.843750
5 0.833333 0.579268 0.809231 0.842593 0.000000 0.820122 0.777778 0.817901 0.836420 0.419753 0.842593
6 0.832317 0.832317 0.820122 0.868902 0.823171 0.000000 0.829268 0.847561 0.859756 0.853659 0.786585
7 0.842593 0.774390 0.809231 0.839506 0.783951 0.826219 0.000000 0.851852 0.827160 0.820988 0.827160
8 0.830247 0.817073 0.824615 0.854037 0.820988 0.810976 0.824074 0.000000 0.844720 0.844720 0.829193
9 0.830247 0.814024 0.787692 0.383648 0.814815 0.817073 0.796296 0.835404 0.000000 0.845912 0.837500
10 0.848765 0.591463 0.827692 0.861635 0.413580 0.826219 0.814815 0.850932 0.861635 0.000000 0.850000
11 0.833333 0.820122 0.830769 0.871875 0.827160 0.740854 0.817901 0.841615 0.862500 0.846875 0.000000
