11
1 0.000000 0.638173 0.563959 0.523227 0.626900 0.598117 0.573616 0.568226 0.619144 0.600889 0.573376
2 0.631029 0.000000 0.568468 0.533980 0.640290 0.618401 0.588005 0.583715 0.211685 0.615798 0.578097
3 0.563178 0.569357 0.000000 0.350892 0.518540 0.492185 0.422582 0.398771 0.564518 0.497352 0.414980
4 0.518749 0.529040 0.356792 0.000000 0.483094 0.447069 0.397463 0.371132 0.527828 0.446044 0.361235
5 0.626758 0.643096 0.524719 0.480644 0.000000 0.302316 0.554198 0.540489 0.625231 0.302777 0.538587
6 0.599041 0.612504 0.488099 0.442167 0.302387 0.000000 0.518011 0.498828 0.604511 0.120497 0.499432
7 0.577560 0.583138 0.422156 0.396255 0.551747 0.527105 0.000000 0.326832 0.582738 0.520465 0.458431
8 0.577250 0.586202 0.402465 0.373051 0.543543 0.509698 0.329177 0.000000 0.578725 0.506910 0.434363
9 0.623477 0.213603 0.571444 0.529497 0.630771 0.614598 0.583200 0.577340 0.000000 0.611224 0.576642
10 0.609135 0.616935 0.490207 0.443129 0.305441 0.119432 0.528103 0.503108 0.607352 0.000000 0.501136
11 0.570572 0.578346 0.427015 0.359354 0.537842 0.506248 0.461306 0.433404 0.576322 0.505857 0.000000
