11
1 0.000000 0.984527 0.985273 0.987041 0.985470 0.983901 0.984331 0.983388 0.983781 0.984095 0.985116
2 0.985116 0.000000 0.973213 0.972859 0.901414 0.980250 0.979855 0.977144 0.978675 0.981265 0.897329
3 0.983781 0.971170 0.000000 0.981167 0.975637 0.979464 0.978873 0.976123 0.976279 0.979918 0.973839
4 0.984095 0.969756 0.979280 0.000000 0.972336 0.981271 0.981072 0.980561 0.981699 0.983023 0.969165
5 0.985273 0.900668 0.976462 0.973672 0.000000 0.981074 0.981111 0.978322 0.979539 0.981806 0.731951
6 0.986454 0.981860 0.983744 0.986022 0.983509 0.000000 0.969373 0.939139 0.970316 0.758324 0.982920
7 0.984921 0.979580 0.980326 0.984096 0.982525 0.968195 0.000000 0.947968 0.961241 0.966699 0.980601
8 0.987119 0.980050 0.981346 0.986491 0.982642 0.941024 0.950481 0.000000 0.957116 0.943292 0.981817
9 0.984527 0.978754 0.978832 0.985076 0.981503 0.968392 0.961987 0.955506 0.000000 0.969603 0.980049
10 0.983310 0.980126 0.981019 0.985263 0.981452 0.756636 0.965364 0.939837 0.968307 0.000000 0.980635
11 0.985548 0.897565 0.975960 0.972307 0.732697 0.981074 0.980915 0.978479 0.980128 0.981852 0.000000
