11
1 0.000000 0.961022 0.961496 0.958039 0.960075 0.956913 0.957398 0.961950 0.956099 0.961279 0.959066
2 0.960014 0.000000 0.924993 0.940350 0.946339 0.939848 0.940381 0.881016 0.939142 0.926574 0.940152
3 0.960153 0.923965 0.000000 0.937970 0.946102 0.937595 0.938585 0.927540 0.936951 0.717915 0.938734
4 0.956814 0.939638 0.938405 0.000000 0.921413 0.814564 0.843688 0.941680 0.813794 0.938657 0.831109
5 0.961930 0.948845 0.948865 0.923841 0.000000 0.922025 0.924768 0.951510 0.920762 0.949457 0.924373
6 0.956596 0.940559 0.938919 0.816145 0.920209 0.000000 0.835890 0.941765 0.549142 0.939215 0.826598
7 0.958523 0.942493 0.940993 0.845070 0.924433 0.837153 0.000000 0.944270 0.837186 0.941309 0.806870
8 0.960409 0.880502 0.928252 0.941581 0.948135 0.940322 0.941250 0.000000 0.940149 0.929780 0.941245
9 0.957382 0.941294 0.939774 0.816321 0.920387 0.549991 0.837166 0.942755 0.000000 0.939438 0.827553
10 0.960093 0.925744 0.718528 0.938696 0.946813 0.938346 0.938900 0.929701 0.937129 0.000000 0.939250
11 0.958256 0.939955 0.939565 0.831287 0.922183 0.825729 0.805014 0.941581 0.825460 0.939704 0.000000
