11
1 0.000000 0.859337 0.864308 0.872923 0.865231 0.865231 0.862462 0.867385 0.861231 0.865846 0.866462
2 0.862715 0.000000 0.808047 0.816032 0.456081 0.852887 0.835074 0.836609 0.844595 0.853194 0.462224
3 0.858462 0.808661 0.000000 0.847913 0.835853 0.859042 0.848429 0.846677 0.847604 0.864915 0.843586
4 0.862462 0.802518 0.846677 0.000000 0.825980 0.863158 0.859827 0.862636 0.865944 0.865403 0.819708
5 0.862769 0.441032 0.817032 0.834927 0.000000 0.856526 0.842575 0.840790 0.858377 0.864857 0.276458
6 0.857846 0.833231 0.860278 0.866873 0.855909 0.000000 0.782810 0.528173 0.756966 0.308359 0.846130
7 0.864308 0.837224 0.847197 0.870610 0.859827 0.768022 0.000000 0.650339 0.726741 0.719347 0.855514
8 0.856615 0.829238 0.847295 0.866046 0.844801 0.508978 0.633395 0.000000 0.673375 0.536434 0.843721
9 0.860000 0.829853 0.847604 0.868111 0.837704 0.762539 0.704868 0.667802 0.000000 0.789164 0.845820
10 0.860923 0.843366 0.861515 0.866957 0.857143 0.303715 0.712261 0.545426 0.753560 0.000000 0.856610
11 0.861231 0.444103 0.835858 0.818464 0.262573 0.855418 0.843808 0.853333 0.858204 0.858165 0.000000
