11
1 0.000000 0.959032 0.959390 0.956149 0.955395 0.958437 0.957110 0.958262 0.956157 0.957516 0.957483
2 0.959223 0.000000 0.955983 0.952934 0.952172 0.952744 0.954459 0.953125 0.953316 0.931415 0.955031
3 0.958437 0.954268 0.000000 0.926392 0.904499 0.943947 0.939954 0.942443 0.939382 0.950848 0.906369
4 0.955958 0.952172 0.925820 0.000000 0.918414 0.944328 0.943385 0.945302 0.942623 0.947228 0.933435
5 0.956157 0.951791 0.903164 0.920130 0.000000 0.942242 0.941670 0.946064 0.942432 0.948562 0.918605
6 0.958627 0.952363 0.942993 0.943947 0.941098 0.000000 0.857987 0.864685 0.847312 0.950657 0.948522
7 0.957301 0.954078 0.940717 0.945101 0.942432 0.856653 0.000000 0.840861 0.755623 0.949705 0.947960
8 0.958452 0.952934 0.942824 0.946827 0.945874 0.864303 0.839909 0.000000 0.845626 0.948752 0.948542
9 0.956538 0.953506 0.940526 0.944339 0.943576 0.848456 0.754670 0.845436 0.000000 0.948371 0.946435
10 0.958659 0.932368 0.951038 0.947990 0.949133 0.951229 0.949514 0.949705 0.947228 0.000000 0.953324
11 0.959009 0.953697 0.905034 0.934007 0.916889 0.948713 0.948723 0.949114 0.945292 0.950086 0.000000
