11
1 0.000000 0.864410 0.869236 0.871423 0.862095 0.855290 0.866276 0.866668 0.855707 0.828381 0.823949
2 0.879678 0.000000 0.756699 0.753054 0.711940 0.744147 0.723156 0.752921 0.707740 0.739685 0.751333
3 0.851527 0.753450 0.000000 0.377496 0.737854 0.387467 0.734778 0.373477 0.745509 0.601627 0.608700
4 0.865898 0.763980 0.391776 0.000000 0.734056 0.233975 0.754884 0.218660 0.735993 0.618270 0.616422
5 0.855331 0.706251 0.740761 0.729320 0.000000 0.716500 0.583538 0.723122 0.183301 0.703789 0.717196
6 0.868476 0.750606 0.391091 0.234567 0.736773 0.000000 0.742066 0.230666 0.728951 0.607277 0.620822
7 0.880952 0.734894 0.759442 0.755369 0.591220 0.767954 0.000000 0.742976 0.594995 0.737291 0.738135
8 0.846366 0.752939 0.382669 0.220416 0.733407 0.232099 0.736471 0.000000 0.731436 0.613245 0.612582
9 0.866939 0.714865 0.745599 0.733607 0.181991 0.739105 0.589323 0.731024 0.000000 0.702339 0.715189
10 0.850791 0.744746 0.608812 0.614431 0.718865 0.606200 0.716217 0.610307 0.714409 0.000000 0.431692
11 0.842287 0.746415 0.618817 0.608690 0.706337 0.617288 0.725461 0.605594 0.701196 0.431943 0.000000
