11
1 0.000000 0.952011 0.958849 0.953730 0.932248 0.945164 0.929230 0.951295 0.954198 0.937207 0.924565
2 0.951873 0.000000 0.933602 0.929094 0.880792 0.858703 0.875476 0.494048 0.926626 0.888838 0.895751
3 0.957880 0.932831 0.000000 0.655820 0.892565 0.926576 0.889354 0.931110 0.520867 0.900555 0.918419
4 0.954856 0.929884 0.657974 0.000000 0.884881 0.921677 0.879918 0.927691 0.590883 0.892781 0.910918
5 0.933532 0.882215 0.895192 0.885355 0.000000 0.863450 0.253469 0.884585 0.881219 0.564216 0.838877
6 0.945836 0.859415 0.927979 0.921934 0.863943 0.000000 0.859032 0.860402 0.920563 0.875474 0.882526
7 0.930987 0.877510 0.892276 0.881418 0.254259 0.859703 0.000000 0.880056 0.877983 0.536155 0.831830
8 0.950524 0.493831 0.932218 0.926229 0.882807 0.859612 0.877885 0.000000 0.924493 0.892434 0.897134
9 0.955995 0.927495 0.523178 0.590765 0.881772 0.920760 0.877431 0.925856 0.000000 0.890186 0.909897
10 0.937622 0.890024 0.901938 0.892820 0.563762 0.874704 0.534951 0.893284 0.888922 0.000000 0.856079
11 0.924368 0.896621 0.920415 0.910700 0.838719 0.882012 0.830428 0.897688 0.909265 0.856138 0.000000
