11
1 0.000000 0.698220 0.716738 0.698788 0.718646 0.709926 0.706020 0.714354 0.711873 0.724430 0.697941
2 0.698697 0.000000 0.686551 0.672800 0.693946 0.681197 0.678601 0.684499 0.687396 0.700787 0.178053
3 0.716897 0.686790 0.000000 0.527479 0.450322 0.548637 0.544089 0.192632 0.426448 0.586665 0.684763
4 0.698907 0.672839 0.527399 0.000000 0.544288 0.459946 0.459964 0.530141 0.530915 0.516252 0.670336
5 0.718765 0.694026 0.450044 0.544049 0.000000 0.559962 0.555255 0.447496 0.263729 0.601566 0.692262
6 0.710045 0.681316 0.548399 0.459946 0.560121 0.000000 0.358341 0.548717 0.546332 0.355877 0.678892
7 0.706060 0.678562 0.544010 0.459924 0.555295 0.358341 0.000000 0.541903 0.540928 0.431535 0.677330
8 0.714672 0.684420 0.192513 0.530300 0.447695 0.548756 0.542023 0.000000 0.424342 0.587499 0.683200
9 0.712390 0.687515 0.426488 0.530954 0.263967 0.546491 0.541008 0.424501 0.000000 0.588095 0.686998
10 0.724549 0.700787 0.586347 0.516053 0.601605 0.355877 0.431495 0.587261 0.587857 0.000000 0.698721
11 0.698577 0.178053 0.684763 0.670376 0.692421 0.678813 0.677330 0.683478 0.686879 0.698800 0.000000
