11
1 0.000000 0.928213 0.938840 0.943032 0.937201 0.945662 0.934182 0.934356 0.927820 0.921543 0.934994
2 0.929181 0.000000 0.887835 0.894453 0.882383 0.906325 0.674371 0.880123 0.456094 0.847721 0.881887
3 0.938405 0.886374 0.000000 0.606047 0.743034 0.870451 0.891299 0.836472 0.888898 0.785895 0.840346
4 0.943328 0.893307 0.605711 0.000000 0.766510 0.884466 0.901540 0.853254 0.894385 0.808305 0.856173
5 0.937280 0.881613 0.743647 0.766925 0.000000 0.871300 0.892365 0.833156 0.884082 0.778457 0.836359
6 0.946097 0.906246 0.871499 0.884505 0.871320 0.000000 0.913759 0.870074 0.908359 0.834524 0.874072
7 0.934380 0.674075 0.892248 0.901481 0.891594 0.913562 0.000000 0.891199 0.685661 0.859657 0.891163
8 0.936528 0.880459 0.838269 0.854537 0.834320 0.871061 0.892857 0.000000 0.882996 0.649181 0.381355
9 0.929873 0.456370 0.891010 0.895826 0.885207 0.909425 0.686983 0.883174 0.000000 0.851430 0.885341
10 0.924482 0.849280 0.788775 0.811048 0.779562 0.836319 0.862123 0.649596 0.851667 0.000000 0.659124
11 0.937125 0.882973 0.842911 0.858581 0.837978 0.875296 0.893669 0.381848 0.885755 0.658769 0.000000
