11
1 0.000000 0.961692 0.963979 0.963789 0.963775 0.961487 0.957118 0.964156 0.963210 0.962836 0.964538
2 0.962645 0.000000 0.963789 0.963789 0.965313 0.959596 0.939585 0.963789 0.960358 0.959405 0.965504
3 0.965123 0.963598 0.000000 0.962264 0.963789 0.962264 0.963598 0.961502 0.960358 0.963217 0.963789
4 0.964170 0.964551 0.962264 0.000000 0.755289 0.963217 0.963979 0.963217 0.963026 0.963598 0.923766
5 0.964919 0.963979 0.962264 0.755861 0.000000 0.963966 0.964361 0.962059 0.964735 0.964361 0.920496
6 0.961678 0.957881 0.963789 0.963026 0.962631 0.000000 0.956547 0.964919 0.955776 0.719459 0.964156
7 0.958262 0.939394 0.964361 0.963598 0.964361 0.958452 0.000000 0.964170 0.961121 0.958834 0.965313
8 0.964156 0.964551 0.960739 0.963408 0.962631 0.963966 0.963789 0.000000 0.964354 0.964932 0.964722
9 0.963210 0.959215 0.960739 0.962645 0.963591 0.955585 0.960930 0.964354 0.000000 0.957118 0.963973
10 0.963217 0.959024 0.962836 0.963789 0.963979 0.720793 0.958071 0.964170 0.955403 0.000000 0.964551
11 0.964156 0.964551 0.963026 0.921860 0.919542 0.963966 0.964361 0.963005 0.963782 0.963217 0.000000
