11
1 0.000000 0.356818 0.417234 0.438636 0.418182 0.427273 0.431818 0.425000 0.404545 0.420814 0.360544
2 0.356818 0.000000 0.401361 0.413636 0.406818 0.413636 0.413636 0.409091 0.393182 0.409502 0.136054
3 0.417234 0.403628 0.000000 0.331066 0.315193 0.294785 0.326531 0.124717 0.269841 0.312217 0.408163
4 0.443182 0.418182 0.331066 0.000000 0.320455 0.322727 0.286364 0.318182 0.279545 0.314480 0.412698
5 0.420455 0.406818 0.310658 0.318182 0.000000 0.322727 0.336364 0.313636 0.147727 0.334842 0.419501
6 0.431818 0.420455 0.294785 0.322727 0.322727 0.000000 0.211364 0.306818 0.302273 0.169683 0.430839
7 0.431818 0.413636 0.324263 0.284091 0.334091 0.209091 0.000000 0.327273 0.288636 0.228507 0.424036
8 0.425000 0.409091 0.122449 0.318182 0.315909 0.306818 0.329545 0.000000 0.261364 0.323529 0.414966
9 0.402273 0.390909 0.267574 0.279545 0.145455 0.300000 0.288636 0.259091 0.000000 0.314480 0.394558
10 0.425339 0.418552 0.309955 0.312217 0.334842 0.169683 0.230769 0.323529 0.314480 0.000000 0.427602
11 0.360544 0.138322 0.405896 0.408163 0.419501 0.426304 0.424036 0.414966 0.396825 0.420814 0.000000
