11
1 0.000000 0.491284 0.466069 0.339167 0.328664 0.467534 0.465005 0.344264 0.365917 0.347248 0.471114
2 0.492235 0.000000 0.537554 0.429645 0.420140 0.185707 0.526004 0.432712 0.448458 0.438863 0.190603
3 0.468885 0.534648 0.000000 0.376608 0.335453 0.510081 0.511580 0.404897 0.401310 0.380303 0.515418
4 0.337551 0.429519 0.376375 0.000000 0.176432 0.396090 0.390663 0.230101 0.227904 0.199368 0.403220
5 0.330223 0.422200 0.339680 0.179244 0.000000 0.391732 0.387523 0.220119 0.223844 0.193842 0.396693
6 0.471516 0.185671 0.515480 0.393919 0.390514 0.000000 0.497399 0.398888 0.420018 0.408484 0.061166
7 0.458092 0.522148 0.509911 0.387091 0.381271 0.496700 0.000000 0.390708 0.412908 0.400154 0.501588
8 0.342219 0.432443 0.402350 0.230765 0.219098 0.404448 0.400341 0.000000 0.268024 0.245618 0.405220
9 0.363620 0.448207 0.404377 0.228514 0.221408 0.417937 0.419977 0.269172 0.000000 0.160243 0.422884
10 0.346907 0.438594 0.384770 0.198902 0.191675 0.406009 0.404031 0.244004 0.160028 0.000000 0.408248
11 0.475870 0.189939 0.516477 0.399415 0.392860 0.060825 0.507313 0.401327 0.422399 0.407046 0.000000
