11
1 0.000000 0.961675 0.960424 0.969482 0.963173 0.965322 0.974450 0.974450 0.973740 0.977999 0.965933
2 0.965224 0.000000 0.960424 0.964514 0.956799 0.965322 0.968772 0.968062 0.969482 0.970901 0.966643
3 0.966784 0.963958 0.000000 0.970318 0.956890 0.955477 0.970318 0.942049 0.971025 0.972438 0.971025
4 0.965224 0.953158 0.952650 0.000000 0.949717 0.958953 0.963675 0.956707 0.968639 0.968017 0.956707
5 0.971671 0.958215 0.966784 0.969547 0.000000 0.962491 0.963881 0.980170 0.972380 0.963173 0.964589
6 0.966030 0.967445 0.947703 0.966737 0.959660 0.000000 0.970984 0.956829 0.971691 0.966030 0.972399
7 0.962385 0.958836 0.956184 0.962251 0.949009 0.963199 0.000000 0.965224 0.970085 0.965174 0.765791
8 0.968772 0.960965 0.922968 0.962385 0.962465 0.953999 0.967353 0.000000 0.962385 0.965224 0.965933
9 0.960256 0.956707 0.951943 0.970064 0.951133 0.961076 0.967949 0.959546 0.000000 0.910448 0.958126
10 0.965224 0.957417 0.955477 0.965885 0.954674 0.961076 0.962331 0.967353 0.904762 0.000000 0.958836
11 0.958126 0.958126 0.952650 0.961675 0.949009 0.961076 0.775018 0.967353 0.961675 0.963804 0.000000
