11
1 0.000000 0.870014 0.869146 0.871989 0.867080 0.868457 0.867950 0.867860 0.869924 0.867950 0.865795
2 0.869326 0.000000 0.795048 0.770289 0.861073 0.800550 0.852132 0.860385 0.843879 0.842503 0.863136
3 0.869146 0.792985 0.000000 0.724707 0.859504 0.778237 0.853508 0.863730 0.841707 0.834938 0.860977
4 0.871301 0.767538 0.723331 0.000000 0.859601 0.752237 0.851444 0.860977 0.835513 0.830124 0.863730
5 0.868457 0.859010 0.860882 0.858913 0.000000 0.863636 0.861761 0.860977 0.854783 0.864512 0.861666
6 0.870523 0.800550 0.783058 0.754990 0.862948 0.000000 0.854883 0.868548 0.850654 0.848693 0.861666
7 0.870701 0.851444 0.856946 0.851444 0.860385 0.856259 0.000000 0.865887 0.784044 0.858322 0.860385
8 0.868548 0.859697 0.865107 0.860977 0.863730 0.866483 0.861761 0.000000 0.859601 0.865199 0.869236
9 0.870613 0.843191 0.843772 0.835513 0.854783 0.850654 0.782668 0.859601 0.000000 0.846630 0.851342
10 0.869326 0.840440 0.837001 0.830812 0.863824 0.847318 0.858322 0.866575 0.848005 0.000000 0.859010
11 0.867860 0.863136 0.865795 0.863042 0.861666 0.861666 0.859697 0.869236 0.849966 0.859010 0.000000
