11
1 0.000000 0.533333 0.521295 0.510101 0.523077 0.517065 0.518644 0.513559 0.525424 0.513652 0.536379
2 0.521368 0.000000 0.085179 0.414141 0.424399 0.440273 0.445763 0.440678 0.469492 0.498294 0.490694
3 0.521295 0.090290 0.000000 0.415825 0.417376 0.427598 0.440678 0.425424 0.461017 0.495741 0.480541
4 0.520202 0.430976 0.430976 0.000000 0.417508 0.420875 0.441077 0.432660 0.468013 0.520202 0.494949
5 0.523077 0.419244 0.412266 0.392256 0.000000 0.145051 0.457627 0.450847 0.467797 0.511945 0.468697
6 0.529010 0.440273 0.420784 0.414141 0.151877 0.000000 0.474576 0.459322 0.472881 0.515358 0.461929
7 0.535593 0.466102 0.455932 0.446128 0.472881 0.469492 0.000000 0.432203 0.469492 0.515254 0.507614
8 0.515254 0.437288 0.437288 0.420875 0.454237 0.438983 0.415254 0.000000 0.442373 0.513559 0.497462
9 0.537288 0.486441 0.467797 0.464646 0.477966 0.484746 0.461017 0.461017 0.000000 0.511864 0.510998
10 0.522184 0.506826 0.495741 0.505050 0.525597 0.511945 0.500000 0.510170 0.511864 0.000000 0.522843
11 0.531303 0.495770 0.485618 0.483165 0.489002 0.465313 0.509306 0.492386 0.505922 0.521151 0.000000
