11
1 0.000000 0.513636 0.509091 0.513636 0.518182 0.502273 0.554545 0.500000 0.509091 0.501134 0.497727
2 0.513636 0.000000 0.246014 0.387244 0.168565 0.460137 0.537585 0.422727 0.391800 0.462585 0.461364
3 0.515909 0.246014 0.000000 0.407745 0.287016 0.473804 0.535308 0.431818 0.421412 0.476190 0.477273
4 0.515909 0.391800 0.410023 0.000000 0.403189 0.457859 0.537585 0.431818 0.161731 0.453515 0.477273
5 0.518182 0.168565 0.289294 0.400911 0.000000 0.473804 0.539863 0.422727 0.412301 0.473923 0.472727
6 0.504545 0.469248 0.478360 0.457859 0.473804 0.000000 0.539863 0.359091 0.473804 0.081633 0.097727
7 0.550000 0.537585 0.535308 0.533030 0.535308 0.535308 0.000000 0.522727 0.533030 0.537415 0.534091
8 0.500000 0.425000 0.429545 0.431818 0.422727 0.356818 0.527273 0.000000 0.447727 0.351474 0.347727
9 0.511364 0.396355 0.421412 0.161731 0.419134 0.473804 0.537585 0.447727 0.000000 0.469388 0.479545
10 0.503401 0.469388 0.480726 0.451247 0.476190 0.083900 0.539683 0.353741 0.467120 0.000000 0.136054
11 0.497727 0.465909 0.479545 0.475000 0.470455 0.097727 0.534091 0.350000 0.477273 0.136054 0.000000
