11
1 0.000000 0.518581 0.514334 0.510888 0.520270 0.530405 0.540541 0.527027 0.525338 0.518581 0.533784
2 0.508446 0.000000 0.482293 0.469012 0.511824 0.505068 0.510135 0.508446 0.373311 0.489865 0.511824
3 0.516020 0.492411 0.000000 0.497487 0.512648 0.428331 0.514334 0.512648 0.494098 0.377740 0.441821
4 0.515913 0.489112 0.509213 0.000000 0.517588 0.512563 0.530988 0.525963 0.485762 0.512563 0.520938
5 0.516892 0.515203 0.509275 0.505863 0.000000 0.525597 0.511945 0.518581 0.511945 0.518581 0.513652
6 0.516892 0.488176 0.411467 0.497487 0.517065 0.000000 0.509402 0.511824 0.505119 0.442568 0.406838
7 0.528716 0.513514 0.492411 0.515913 0.511945 0.512821 0.000000 0.471284 0.508532 0.500000 0.515464
8 0.533784 0.506757 0.516020 0.519263 0.511824 0.518581 0.483108 0.000000 0.528716 0.505068 0.518581
9 0.516892 0.361486 0.489039 0.482412 0.511945 0.511945 0.510239 0.518581 0.000000 0.506757 0.510239
10 0.518581 0.491554 0.381113 0.492462 0.518581 0.452703 0.513514 0.513514 0.503378 0.000000 0.464527
11 0.516892 0.506757 0.430017 0.495812 0.510239 0.384615 0.513746 0.513514 0.498294 0.456081 0.000000
