11
1 0.000000 0.638629 0.692547 0.693750 0.638629 0.674847 0.635514 0.684211 0.624224 0.689441 0.676012
2 0.651090 0.000000 0.521739 0.557632 0.059190 0.518405 0.046729 0.507740 0.251553 0.527950 0.551402
3 0.695652 0.531056 0.000000 0.630435 0.540373 0.582822 0.540373 0.582043 0.493789 0.593168 0.621118
4 0.696875 0.557632 0.618012 0.000000 0.560748 0.269939 0.557632 0.284830 0.506211 0.291925 0.308411
5 0.647975 0.062305 0.549689 0.566978 0.000000 0.539877 0.065421 0.520124 0.263975 0.534162 0.566978
6 0.693252 0.542945 0.607362 0.300613 0.549080 0.000000 0.542945 0.174847 0.466258 0.193252 0.208589
7 0.644860 0.043614 0.534162 0.563863 0.059190 0.521472 0.000000 0.510836 0.263975 0.527950 0.557632
8 0.693498 0.504644 0.585139 0.291022 0.513932 0.162577 0.507740 0.000000 0.448916 0.058824 0.235294
9 0.636646 0.267081 0.503106 0.518634 0.260870 0.453988 0.276398 0.452012 0.000000 0.459627 0.518634
10 0.692547 0.531056 0.583851 0.326087 0.537267 0.184049 0.531056 0.058824 0.462733 0.000000 0.251553
11 0.676012 0.545171 0.673913 0.308411 0.551402 0.168712 0.548287 0.222910 0.512422 0.232919 0.000000
