11
1 0.000000 0.786268 0.776301 0.788483 0.769103 0.776855 0.775138 0.776919 0.775194 0.774086 0.779070
2 0.780731 0.000000 0.775000 0.765000 0.766888 0.767996 0.756354 0.766980 0.756247 0.774444 0.759557
3 0.782392 0.778889 0.000000 0.409471 0.770764 0.399225 0.767956 0.408614 0.774570 0.726867 0.718560
4 0.778516 0.772778 0.392758 0.000000 0.767996 0.243079 0.749724 0.247929 0.768462 0.687465 0.719114
5 0.773533 0.763566 0.768549 0.769103 0.000000 0.761351 0.683425 0.768084 0.201550 0.775748 0.751384
6 0.780731 0.770764 0.387043 0.246955 0.769103 0.000000 0.774033 0.242408 0.771318 0.729790 0.733112
7 0.783425 0.743646 0.766298 0.762983 0.655249 0.769061 0.000000 0.763667 0.667956 0.769061 0.736464
8 0.781336 0.779680 0.400331 0.261182 0.767532 0.242960 0.761458 0.000000 0.759249 0.724462 0.700166
9 0.773533 0.752360 0.782898 0.774570 0.193798 0.771318 0.692265 0.767532 0.000000 0.770683 0.755125
10 0.777962 0.780556 0.719064 0.685237 0.772425 0.722038 0.766298 0.728327 0.763465 0.000000 0.494183
11 0.776855 0.761219 0.684211 0.708033 0.749169 0.727021 0.754144 0.704583 0.752909 0.499169 0.000000
