11
1 0.000000 0.494078 0.502547 0.499151 0.485618 0.507640 0.485569 0.505942 0.507640 0.499151 0.504245
2 0.499154 0.000000 0.446701 0.417936 0.414552 0.318105 0.419628 0.421320 0.455161 0.424704 0.404399
3 0.492360 0.441624 0.000000 0.431005 0.406091 0.446337 0.409168 0.424191 0.427598 0.413969 0.386712
4 0.495756 0.411168 0.419080 0.000000 0.350254 0.405498 0.398981 0.395189 0.426117 0.353242 0.365812
5 0.487310 0.417936 0.407783 0.365482 0.000000 0.412860 0.416244 0.379019 0.434856 0.145516 0.395939
6 0.497453 0.311337 0.436116 0.407216 0.407783 0.000000 0.395586 0.400344 0.448454 0.406143 0.374359
7 0.488964 0.419628 0.414261 0.404075 0.414552 0.417657 0.000000 0.363328 0.412564 0.431239 0.259762
8 0.499151 0.411168 0.403748 0.390034 0.368866 0.414089 0.339559 0.000000 0.409639 0.385666 0.312821
9 0.495756 0.445008 0.420784 0.422680 0.426396 0.434708 0.400679 0.409639 0.000000 0.428328 0.377778
10 0.490662 0.414552 0.408859 0.341297 0.135364 0.411263 0.424448 0.389078 0.428328 0.000000 0.377133
11 0.490662 0.395939 0.390119 0.364103 0.385787 0.384615 0.247878 0.312821 0.376068 0.387372 0.000000
