11
1 0.000000 0.820619 0.819931 0.823368 0.814433 0.822680 0.824055 0.828179 0.815808 0.822802 0.817308
2 0.821306 0.000000 0.583620 0.764261 0.560137 0.721955 0.768754 0.728149 0.757743 0.709478 0.577610
3 0.819931 0.582244 0.000000 0.764261 0.320275 0.702684 0.768066 0.710943 0.750172 0.697115 0.348214
4 0.824055 0.759450 0.758763 0.000000 0.745704 0.747079 0.795876 0.775258 0.780069 0.739698 0.745192
5 0.815808 0.558763 0.322337 0.751890 0.000000 0.693471 0.764948 0.714777 0.756014 0.681319 0.396978
6 0.824055 0.716449 0.701996 0.749828 0.691409 0.000000 0.768754 0.719890 0.746043 0.404533 0.705357
7 0.824742 0.770819 0.769443 0.797251 0.766323 0.768066 0.000000 0.743978 0.785272 0.771291 0.774038
8 0.829553 0.729525 0.713696 0.777320 0.714777 0.721955 0.744666 0.000000 0.765313 0.719093 0.713599
9 0.819244 0.758431 0.752925 0.784880 0.753265 0.747419 0.785272 0.760496 0.000000 0.750687 0.754808
10 0.826236 0.710852 0.700549 0.742445 0.680632 0.405220 0.774038 0.719093 0.752747 0.000000 0.694368
11 0.821429 0.578297 0.353709 0.752060 0.399038 0.703984 0.774725 0.716346 0.758242 0.695055 0.000000
