11
1 0.000000 0.867451 0.868071 0.866110 0.865057 0.867492 0.868559 0.866770 0.874574 0.868421 0.864815
2 0.869000 0.000000 0.844844 0.865801 0.851749 0.871517 0.866091 0.854096 0.874729 0.868731 0.749074
3 0.869309 0.849489 0.000000 0.866110 0.485299 0.867183 0.866708 0.461515 0.875503 0.867183 0.835802
4 0.868893 0.866110 0.869511 0.000000 0.865801 0.867965 0.866091 0.867079 0.872604 0.639456 0.867284
5 0.869390 0.841535 0.483751 0.863946 0.000000 0.870938 0.867016 0.488099 0.874652 0.868152 0.820988
6 0.869969 0.866873 0.870279 0.867656 0.864748 0.000000 0.867633 0.868934 0.872755 0.867492 0.869136
7 0.867942 0.865474 0.869176 0.866399 0.866708 0.870719 0.000000 0.861771 0.875656 0.866708 0.863622
8 0.868624 0.855641 0.458733 0.865533 0.481917 0.869861 0.866399 0.000000 0.873879 0.867079 0.841358
9 0.869000 0.865116 0.868690 0.866110 0.867533 0.869969 0.867942 0.867079 0.000000 0.868421 0.863889
10 0.867492 0.865944 0.869969 0.647186 0.865676 0.873375 0.867633 0.866770 0.874613 0.000000 0.870062
11 0.868827 0.761111 0.831173 0.868519 0.835185 0.870062 0.870102 0.845062 0.873148 0.869136 0.000000
