11
1 0.000000 0.803266 0.857197 0.844664 0.805239 0.842765 0.803266 0.845803 0.799468 0.846241 0.847702
2 0.802886 0.000000 0.738321 0.716673 0.126424 0.699582 0.095329 0.693506 0.350171 0.698937 0.710976
3 0.856058 0.739461 0.000000 0.809343 0.739939 0.803266 0.743259 0.797872 0.728723 0.802961 0.810790
4 0.844664 0.717433 0.811622 0.000000 0.727790 0.411318 0.719332 0.398785 0.704520 0.416097 0.456134
5 0.805999 0.126803 0.739939 0.727790 0.000000 0.704632 0.131739 0.695520 0.370919 0.700456 0.715642
6 0.842005 0.701861 0.803646 0.411698 0.705391 0.000000 0.702621 0.265097 0.688948 0.282840 0.249525
7 0.803646 0.094949 0.742879 0.717433 0.130979 0.699962 0.000000 0.694645 0.363844 0.698557 0.710216
8 0.843904 0.693506 0.799392 0.398785 0.694761 0.264717 0.695404 0.000000 0.685790 0.119210 0.309271
9 0.800228 0.349411 0.728723 0.704140 0.369780 0.686669 0.363084 0.683891 0.000000 0.689446 0.698708
10 0.845482 0.698557 0.803721 0.415718 0.700835 0.282460 0.700456 0.119590 0.691344 0.000000 0.324981
11 0.846183 0.707558 0.809650 0.455754 0.711845 0.249145 0.707938 0.309271 0.698708 0.324601 0.000000
