11
1 0.000000 0.536897 0.530926 0.491525 0.499929 0.496924 0.525517 0.500657 0.488744 0.537131 0.499077
2 0.522458 0.000000 0.416785 0.404683 0.417135 0.387329 0.422981 0.374960 0.388620 0.428916 0.380078
3 0.529717 0.424250 0.000000 0.405003 0.418485 0.385895 0.204891 0.390064 0.387886 0.432397 0.393004
4 0.487652 0.412429 0.402551 0.000000 0.177131 0.359272 0.407206 0.380734 0.360587 0.409241 0.382493
5 0.505366 0.424490 0.413403 0.177664 0.000000 0.377265 0.420368 0.386931 0.372788 0.422701 0.385866
6 0.489847 0.389571 0.383158 0.357958 0.370301 0.000000 0.383493 0.352003 0.067540 0.390169 0.354759
7 0.533091 0.426183 0.204145 0.408237 0.417668 0.385165 0.000000 0.396496 0.387122 0.435203 0.403089
8 0.493408 0.381748 0.388962 0.381409 0.382951 0.353779 0.394079 0.000000 0.354170 0.403594 0.119070
9 0.495786 0.390791 0.386428 0.361156 0.374636 0.067860 0.383351 0.353495 0.000000 0.389175 0.355078
10 0.533615 0.440601 0.432823 0.410022 0.426359 0.394041 0.436375 0.404908 0.392691 0.000000 0.403409
11 0.498509 0.389489 0.395241 0.379261 0.385298 0.355930 0.398224 0.118892 0.361257 0.405540 0.000000
