11
1 0.000000 0.793146 0.778327 0.789441 0.761171 0.744057 0.778018 0.769682 0.770917 0.796233 0.808583
2 0.794072 0.000000 0.648857 0.631612 0.637596 0.656047 0.666770 0.673059 0.656975 0.683266 0.229199
3 0.770608 0.654725 0.000000 0.518221 0.263174 0.624768 0.277332 0.540148 0.527177 0.281655 0.669858
4 0.763507 0.648005 0.518530 0.000000 0.516795 0.627129 0.506337 0.346547 0.341902 0.520595 0.649644
5 0.764869 0.636980 0.261017 0.527273 0.000000 0.648998 0.285054 0.533436 0.545763 0.224037 0.661633
6 0.754245 0.654500 0.625077 0.633323 0.632974 0.000000 0.622566 0.619653 0.605402 0.654156 0.667595
7 0.790367 0.670479 0.276714 0.515301 0.279507 0.625348 0.000000 0.526739 0.513447 0.290881 0.659660
8 0.761964 0.656666 0.527795 0.344069 0.518336 0.615003 0.512519 0.000000 0.223497 0.557967 0.647168
9 0.759802 0.666564 0.532736 0.331991 0.529122 0.605092 0.515611 0.219777 0.000000 0.524504 0.653977
10 0.777400 0.691618 0.277023 0.530814 0.219723 0.646402 0.297682 0.551767 0.544975 0.000000 0.678428
11 0.789441 0.224559 0.669240 0.651501 0.649923 0.680285 0.667388 0.668833 0.661405 0.683999 0.000000
