11
1 0.000000 0.816271 0.822952 0.827215 0.824451 0.821382 0.813999 0.795624 0.826835 0.810648 0.796827
2 0.827875 0.000000 0.695224 0.786965 0.710991 0.701126 0.665435 0.648576 0.705162 0.692966 0.662764
3 0.825876 0.689503 0.000000 0.792016 0.492208 0.548934 0.514087 0.589125 0.708370 0.646210 0.685622
4 0.835149 0.785207 0.797252 0.000000 0.800582 0.789236 0.771629 0.765233 0.793821 0.784783 0.753819
5 0.829890 0.688697 0.485572 0.785035 0.000000 0.544535 0.512476 0.589288 0.713132 0.643673 0.683094
6 0.811868 0.686688 0.543410 0.773024 0.546997 0.000000 0.506180 0.582893 0.696499 0.628986 0.668770
7 0.817443 0.665220 0.509460 0.768831 0.520853 0.506574 0.000000 0.540011 0.690728 0.596498 0.649982
8 0.793829 0.635914 0.579781 0.746436 0.592305 0.578816 0.528656 0.000000 0.656613 0.495960 0.620635
9 0.833922 0.695441 0.717516 0.783665 0.723575 0.712361 0.690064 0.679597 0.000000 0.715698 0.689118
10 0.831452 0.688105 0.642963 0.794244 0.656026 0.640782 0.601575 0.508313 0.712522 0.000000 0.677447
11 0.795195 0.657619 0.686787 0.751040 0.691933 0.685407 0.650556 0.634152 0.681642 0.671280 0.000000
