11
1 0.000000 0.921715 0.919161 0.910249 0.918978 0.908677 0.918431 0.917701 0.913869 0.918248 0.918978
2 0.917336 0.000000 0.865191 0.886401 0.900604 0.882118 0.887912 0.815804 0.881118 0.867020 0.885992
3 0.918978 0.871410 0.000000 0.885491 0.902506 0.881936 0.890799 0.878910 0.887144 0.632705 0.891531
4 0.911706 0.894047 0.887857 0.000000 0.874750 0.766054 0.797196 0.892955 0.762243 0.889678 0.782815
5 0.912956 0.902435 0.897018 0.869106 0.000000 0.864108 0.873879 0.897384 0.865595 0.897933 0.875709
6 0.911406 0.890122 0.886484 0.763689 0.871566 0.000000 0.782427 0.890304 0.478443 0.886665 0.775514
7 0.913686 0.891575 0.885861 0.792099 0.875526 0.777151 0.000000 0.892263 0.770818 0.891165 0.762088
8 0.914963 0.818182 0.875434 0.889314 0.898116 0.885756 0.895738 0.000000 0.889883 0.875252 0.892080
9 0.909672 0.881665 0.883309 0.757692 0.865778 0.481899 0.773192 0.888057 0.000000 0.883309 0.766253
10 0.915146 0.870130 0.630876 0.888221 0.899213 0.881208 0.893909 0.875800 0.884405 0.000000 0.888239
11 0.913869 0.883422 0.882385 0.781176 0.874611 0.766782 0.758791 0.887141 0.757852 0.882934 0.000000
