11
1 0.000000 0.920682 0.922542 0.924160 0.923497 0.921270 0.924822 0.920517 0.922669 0.924656 0.923994
2 0.918033 0.000000 0.916418 0.920093 0.915119 0.915647 0.921751 0.914182 0.505305 0.910809 0.915783
3 0.920722 0.921218 0.000000 0.924363 0.920225 0.913000 0.922873 0.921715 0.920722 0.923204 0.924363
4 0.920020 0.913296 0.920887 0.000000 0.918381 0.918293 0.922834 0.913850 0.915865 0.918852 0.918022
5 0.920185 0.915285 0.917908 0.919542 0.000000 0.916639 0.921201 0.917826 0.917386 0.914234 0.922362
6 0.921436 0.918624 0.915977 0.923255 0.920443 0.000000 0.923586 0.916308 0.918789 0.916474 0.922593
7 0.920185 0.916943 0.919232 0.924162 0.918215 0.920939 0.000000 0.918820 0.921761 0.912024 0.922616
8 0.919689 0.915176 0.918570 0.921471 0.918489 0.917632 0.923128 0.000000 0.916667 0.919814 0.919649
9 0.918530 0.523873 0.916418 0.919681 0.914234 0.915316 0.921096 0.914513 0.000000 0.917110 0.918937
10 0.918530 0.915617 0.917411 0.918354 0.911745 0.914158 0.917512 0.916998 0.914784 0.000000 0.916514
11 0.919523 0.911141 0.918736 0.919847 0.917717 0.915647 0.922450 0.914182 0.916944 0.916348 0.000000
