11
1 0.000000 0.970983 0.965933 0.969632 0.968269 0.967868 0.966894 0.970004 0.970210 0.967491 0.964578
2 0.971373 0.000000 0.966323 0.967685 0.970995 0.962610 0.959883 0.968647 0.898364 0.969048 0.959712
3 0.966128 0.966517 0.000000 0.959120 0.964765 0.940821 0.941211 0.963987 0.964376 0.964765 0.934410
4 0.970021 0.966907 0.960288 0.000000 0.964181 0.947440 0.939264 0.843488 0.964960 0.965933 0.945504
5 0.968853 0.970216 0.964960 0.964376 0.000000 0.960872 0.957563 0.966128 0.968659 0.907534 0.959128
6 0.968062 0.962415 0.941989 0.947829 0.961651 0.000000 0.887244 0.956962 0.962812 0.960677 0.636240
7 0.966894 0.960273 0.941600 0.939459 0.958341 0.887050 0.000000 0.949951 0.956776 0.959899 0.878163
8 0.970004 0.968647 0.964181 0.843488 0.966128 0.955209 0.949562 0.000000 0.966121 0.966712 0.951343
9 0.970405 0.898754 0.964376 0.965544 0.969048 0.962422 0.956776 0.966316 0.000000 0.967491 0.959128
10 0.967491 0.969048 0.964765 0.966517 0.906366 0.960483 0.959704 0.966907 0.967491 0.000000 0.959907
11 0.965356 0.959712 0.935189 0.946283 0.959712 0.636824 0.878552 0.952316 0.959323 0.960101 0.000000
