11
1 0.000000 0.869326 0.867950 0.868638 0.869416 0.872765 0.868638 0.868638 0.870701 0.870701 0.868638
2 0.867950 0.000000 0.870701 0.867263 0.870790 0.870701 0.868638 0.865887 0.814305 0.871389 0.869326
3 0.869326 0.869326 0.000000 0.860385 0.867354 0.849966 0.855471 0.861073 0.868638 0.867263 0.847901
4 0.870014 0.870014 0.861761 0.000000 0.867354 0.854883 0.846630 0.774415 0.867950 0.867950 0.854195
5 0.872165 0.871478 0.869416 0.869416 0.000000 0.868041 0.867354 0.869416 0.870790 0.830241 0.868041
6 0.870701 0.868638 0.848589 0.851444 0.867354 0.000000 0.806474 0.854195 0.867950 0.868638 0.627667
7 0.869326 0.868638 0.857536 0.847318 0.867354 0.808540 0.000000 0.855571 0.869326 0.867263 0.798348
8 0.869326 0.867950 0.862448 0.777854 0.869416 0.857634 0.857634 0.000000 0.867263 0.867263 0.854883
9 0.871389 0.817056 0.869326 0.867950 0.867354 0.870014 0.867263 0.868638 0.000000 0.867263 0.868638
10 0.870014 0.870701 0.869326 0.867263 0.828179 0.869326 0.868638 0.867263 0.868638 0.000000 0.866575
11 0.867950 0.868638 0.847213 0.852820 0.867354 0.629043 0.796972 0.854195 0.867263 0.867263 0.000000
