11
1 0.000000 0.471974 0.450493 0.478793 0.434235 0.499452 0.513676 0.513129 0.461792 0.518099 0.461243
2 0.464305 0.000000 0.316049 0.402958 0.335768 0.421399 0.464442 0.402261 0.370641 0.394011 0.338689
3 0.445744 0.317510 0.000000 0.381988 0.321155 0.416514 0.449489 0.403538 0.358787 0.386007 0.350018
4 0.465814 0.401680 0.386007 0.000000 0.317866 0.388848 0.494530 0.452772 0.386106 0.438940 0.380804
5 0.432408 0.331203 0.320606 0.319145 0.000000 0.355864 0.439278 0.388950 0.340701 0.375959 0.323164
6 0.510969 0.420121 0.410303 0.378245 0.347278 0.000000 0.492706 0.469912 0.407794 0.458684 0.392139
7 0.519511 0.462983 0.438913 0.486689 0.429066 0.492524 0.000000 0.512400 0.452954 0.495624 0.451131
8 0.506747 0.421955 0.390408 0.441648 0.392050 0.460977 0.504923 0.000000 0.428519 0.116338 0.412108
9 0.446801 0.358956 0.346547 0.369287 0.327183 0.415112 0.461342 0.420131 0.000000 0.416636 0.219196
10 0.503291 0.399306 0.375046 0.426691 0.378517 0.444059 0.502735 0.113603 0.420658 0.000000 0.403108
11 0.447898 0.334490 0.347643 0.361609 0.303252 0.392505 0.431619 0.404449 0.215722 0.397623 0.000000
