11
1 0.000000 0.774419 0.756166 0.771386 0.784884 0.768106 0.782392 0.769269 0.801827 0.790532 0.769435
2 0.765781 0.000000 0.625724 0.597977 0.475145 0.543128 0.478803 0.700748 0.735827 0.692423 0.634369
3 0.762291 0.629366 0.000000 0.639795 0.649065 0.611157 0.649892 0.670253 0.721073 0.707168 0.257242
4 0.770723 0.599635 0.638967 0.000000 0.614887 0.507792 0.606101 0.708057 0.738893 0.697944 0.638926
5 0.777741 0.469659 0.650058 0.614058 0.000000 0.565564 0.305902 0.712739 0.740186 0.701396 0.651654
6 0.762625 0.541632 0.605694 0.508455 0.573874 0.000000 0.572877 0.690543 0.735250 0.679960 0.610936
7 0.775748 0.467830 0.640622 0.610245 0.306899 0.564899 0.000000 0.707066 0.742311 0.686441 0.640020
8 0.759635 0.704904 0.666611 0.717672 0.717735 0.690211 0.716708 0.000000 0.761144 0.732968 0.676251
9 0.799003 0.735328 0.731336 0.741048 0.740186 0.734087 0.737822 0.765136 0.000000 0.766201 0.740735
10 0.777243 0.704387 0.687966 0.700597 0.706879 0.682120 0.703057 0.734463 0.765038 0.000000 0.699402
11 0.767940 0.631544 0.253269 0.635113 0.655144 0.615589 0.648995 0.676084 0.737577 0.704387 0.000000
