11
1 0.000000 0.926645 0.924928 0.929063 0.910507 0.933696 0.901627 0.926126 0.930972 0.913406 0.898195
2 0.927724 0.000000 0.891164 0.896800 0.810140 0.818770 0.797195 0.468177 0.877382 0.829917 0.851492
3 0.934986 0.887572 0.000000 0.560345 0.841595 0.881465 0.829741 0.898348 0.448994 0.861710 0.875359
4 0.923634 0.883136 0.575072 0.000000 0.837134 0.886355 0.829295 0.893694 0.511746 0.859573 0.874729
5 0.909058 0.809421 0.849497 0.844734 0.000000 0.822826 0.178300 0.820901 0.827611 0.500362 0.761372
6 0.914493 0.792161 0.877155 0.883460 0.809420 0.000000 0.798553 0.797117 0.876400 0.826812 0.828881
7 0.909222 0.799712 0.844109 0.837975 0.196745 0.814828 0.000000 0.812973 0.818937 0.495118 0.754513
8 0.931532 0.473211 0.901940 0.905225 0.834955 0.823063 0.824504 0.000000 0.891532 0.847568 0.850450
9 0.932779 0.868033 0.470187 0.499458 0.826165 0.880014 0.816769 0.880000 0.000000 0.841344 0.856679
10 0.913406 0.836749 0.865661 0.861383 0.532246 0.839855 0.487161 0.838919 0.852548 0.000000 0.797834
11 0.906859 0.850054 0.883980 0.884477 0.781227 0.849097 0.771119 0.853333 0.879422 0.805054 0.000000
