11
1 0.000000 0.993959 0.994794 0.993721 0.994437 0.994595 0.994198 0.994557 0.994714 0.994476 0.995191
2 0.994158 0.000000 0.988793 0.982912 0.991656 0.989509 0.990224 0.990783 0.932401 0.988872 0.986647
3 0.995072 0.988594 0.000000 0.991416 0.994119 0.973693 0.992847 0.992929 0.988555 0.949607 0.970948
4 0.993761 0.983031 0.991337 0.000000 0.992570 0.990661 0.991655 0.992015 0.985535 0.991178 0.990343
5 0.994676 0.991775 0.993881 0.992490 0.000000 0.993801 0.991934 0.993207 0.991338 0.994159 0.993563
6 0.994595 0.989668 0.973494 0.990542 0.993603 0.000000 0.993085 0.992452 0.990383 0.978620 0.924615
7 0.994437 0.990582 0.992887 0.991734 0.991775 0.993205 0.000000 0.962220 0.991615 0.992092 0.993364
8 0.994915 0.991022 0.992968 0.992214 0.993366 0.992611 0.962220 0.000000 0.992055 0.992968 0.993326
9 0.994834 0.932321 0.988475 0.985734 0.991378 0.990622 0.991575 0.992055 0.000000 0.990939 0.988038
10 0.994635 0.989031 0.949527 0.991218 0.994397 0.978898 0.992370 0.993008 0.990979 0.000000 0.979532
11 0.995151 0.986766 0.970948 0.990224 0.993682 0.924774 0.993165 0.993207 0.988117 0.979413 0.000000
