11
1 0.000000 0.951173 0.951133 0.949562 0.953804 0.948462 0.951133 0.951487 0.947441 0.950466 0.950269
2 0.949876 0.000000 0.914327 0.931234 0.939294 0.931194 0.932020 0.872432 0.929714 0.914515 0.929936
3 0.949051 0.913738 0.000000 0.928324 0.938626 0.927217 0.929673 0.916827 0.926531 0.708918 0.928071
4 0.947480 0.930841 0.928678 0.000000 0.913415 0.809166 0.839418 0.929281 0.807095 0.928585 0.821850
5 0.950583 0.938350 0.938626 0.912589 0.000000 0.911559 0.916595 0.937257 0.910345 0.938647 0.913953
6 0.945909 0.929425 0.927099 0.808969 0.911795 0.000000 0.827642 0.928731 0.555259 0.927092 0.819569
7 0.948384 0.930998 0.929673 0.839654 0.916555 0.827327 0.000000 0.931089 0.828507 0.929882 0.799394
8 0.951212 0.873296 0.918831 0.931049 0.939300 0.930696 0.933564 0.000000 0.930028 0.919695 0.931089
9 0.947205 0.930539 0.928967 0.809138 0.912230 0.556398 0.831415 0.930264 0.000000 0.927906 0.820060
10 0.948776 0.914751 0.709390 0.928939 0.939748 0.928389 0.930865 0.919577 0.926492 0.000000 0.928900
11 0.948344 0.928639 0.928268 0.821653 0.913914 0.820788 0.800496 0.928260 0.818293 0.927878 0.000000
