11
1 0.000000 0.967679 0.966310 0.967296 0.966329 0.961059 0.961254 0.965940 0.963973 0.967114 0.963612
2 0.967679 0.000000 0.966316 0.548180 0.464578 0.938863 0.954829 0.954262 0.968263 0.960498 0.813582
3 0.965920 0.966121 0.000000 0.966128 0.966135 0.953271 0.919587 0.966135 0.880039 0.961471 0.963222
4 0.966712 0.548180 0.965739 0.000000 0.573180 0.938875 0.955227 0.952121 0.969048 0.962639 0.807161
5 0.965162 0.465356 0.965940 0.573959 0.000000 0.936162 0.953484 0.954068 0.968859 0.961082 0.823312
6 0.960670 0.938474 0.953466 0.938291 0.936940 0.000000 0.933801 0.926820 0.948598 0.929364 0.930142
7 0.961449 0.952882 0.918808 0.954448 0.953095 0.933801 0.000000 0.958155 0.890966 0.957579 0.953298
8 0.966135 0.956014 0.966329 0.953873 0.956209 0.927598 0.958350 0.000000 0.966524 0.953882 0.953298
9 0.963973 0.968263 0.879065 0.968853 0.969638 0.947819 0.891160 0.965745 0.000000 0.964585 0.961860
10 0.968671 0.960693 0.961277 0.962444 0.959720 0.929364 0.957774 0.953687 0.964390 0.000000 0.958552
11 0.963222 0.813972 0.963612 0.807356 0.823312 0.929753 0.954660 0.952520 0.962639 0.959136 0.000000
