11
1 0.000000 0.671958 0.673740 0.673740 0.673740 0.671088 0.671958 0.671088 0.673740 0.670185 0.669312
2 0.671958 0.000000 0.645503 0.671958 0.579365 0.671958 0.637566 0.669312 0.656085 0.654354 0.664021
3 0.671088 0.642857 0.000000 0.673740 0.644562 0.668435 0.645503 0.671088 0.657825 0.633245 0.669312
4 0.673740 0.671958 0.673740 0.000000 0.676393 0.660477 0.671958 0.671088 0.673740 0.672823 0.669312
5 0.673740 0.579365 0.652520 0.673740 0.000000 0.673740 0.629630 0.668435 0.657825 0.651715 0.669312
6 0.665783 0.669312 0.665783 0.657825 0.668435 0.000000 0.669312 0.668435 0.671088 0.672823 0.664021
7 0.671958 0.634921 0.645503 0.669312 0.632275 0.671958 0.000000 0.669312 0.653439 0.659631 0.664021
8 0.668435 0.666667 0.668435 0.671088 0.665783 0.668435 0.669312 0.000000 0.668435 0.672823 0.666667
9 0.671088 0.658730 0.663130 0.673740 0.657825 0.673740 0.656085 0.671088 0.000000 0.670185 0.669312
10 0.670185 0.656992 0.635884 0.672823 0.649077 0.672823 0.656992 0.672823 0.670185 0.000000 0.667546
11 0.666667 0.664021 0.669312 0.664021 0.664021 0.664021 0.664021 0.664021 0.669312 0.670185 0.000000
