11
1 0.000000 0.419098 0.411141 0.437666 0.387268 0.419098 0.477454 0.482759 0.411141 0.456464 0.380952
2 0.419098 0.000000 0.334218 0.310345 0.270557 0.299735 0.437666 0.405836 0.320955 0.387863 0.298942
3 0.411141 0.334218 0.000000 0.358090 0.299735 0.366048 0.427056 0.397878 0.326260 0.406332 0.288360
4 0.437666 0.307692 0.358090 0.000000 0.246684 0.289125 0.403183 0.403183 0.334218 0.390501 0.296296
5 0.387268 0.270557 0.299735 0.246684 0.000000 0.222812 0.408488 0.374005 0.307692 0.358839 0.283069
6 0.419098 0.299735 0.366048 0.291777 0.222812 0.000000 0.456233 0.421751 0.328912 0.408971 0.304233
7 0.477454 0.437666 0.424403 0.403183 0.408488 0.453581 0.000000 0.461538 0.395225 0.461741 0.388889
8 0.482759 0.405836 0.397878 0.400531 0.374005 0.421751 0.461538 0.000000 0.366048 0.150396 0.354497
9 0.411141 0.320955 0.326260 0.336870 0.310345 0.328912 0.397878 0.368700 0.000000 0.364116 0.153439
10 0.456464 0.390501 0.406332 0.390501 0.358839 0.408971 0.461741 0.150396 0.364116 0.000000 0.343008
11 0.383598 0.298942 0.288360 0.296296 0.285714 0.306878 0.388889 0.354497 0.153439 0.345646 0.000000
