11
1 0.000000 0.963987 0.963013 0.964759 0.965343 0.965732 0.964369 0.966706 0.966128 0.964960 0.965558
2 0.963208 0.000000 0.961845 0.962819 0.964765 0.959315 0.963792 0.958731 0.963792 0.963403 0.965168
3 0.962429 0.962235 0.000000 0.959315 0.959315 0.963013 0.959704 0.964765 0.960288 0.959509 0.962833
4 0.964953 0.962624 0.959315 0.000000 0.928933 0.963980 0.901674 0.965927 0.928363 0.963208 0.965363
5 0.964953 0.964376 0.959315 0.929322 0.000000 0.964557 0.933204 0.967095 0.827915 0.964960 0.966530
6 0.964953 0.958341 0.962624 0.963590 0.964362 0.000000 0.964362 0.958333 0.964571 0.962819 0.967114
7 0.964174 0.963013 0.959509 0.901869 0.932619 0.964362 0.000000 0.964953 0.932256 0.964376 0.964974
8 0.966900 0.958536 0.964571 0.965732 0.967679 0.958528 0.965537 0.000000 0.967101 0.966712 0.968087
9 0.964765 0.963987 0.960677 0.927974 0.828499 0.964571 0.932840 0.966712 0.000000 0.963403 0.965752
10 0.965155 0.963403 0.959704 0.963013 0.964765 0.962429 0.964376 0.967101 0.964376 0.000000 0.944542
11 0.965752 0.966141 0.963612 0.965947 0.967893 0.967698 0.965752 0.968866 0.966530 0.944931 0.000000
